Time	X_Setpt	X_FB	Y_Setpt	Y_FB	Theta_Setpt	Theta_FB	Motion Status	
20200423_225047.073086	0.75	0.5884	0.0	-0.4109	0.0	-0.6645	1	
20200423_225047.168103	0.75	0.5883	0.0	-0.4109	0.0	-0.6607	1	
20200423_225047.268299	0.75	0.5891	0.0	-0.4122	0.0	-0.6388	1	
20200423_225047.368265	0.75	0.591	0.0	-0.416	0.0	-0.5947	1	
20200423_225047.468260	0.75	0.5942	0.0	-0.4226	0.0	-0.5186	1	
20200423_225047.566898	0.75	0.5969	0.0	-0.4276	0.0	-0.4496	1	
20200423_225047.667514	0.75	0.5997	0.0	-0.4332	0.0	-0.3713	1	
20200423_225047.768485	0.75	0.603	0.0	-0.4384	0.0	-0.2943	1	
20200423_225047.868355	0.75	0.6079	0.0	-0.4442	0.0	-0.2177	1	
20200423_225047.968130	0.75	0.6136	0.0	-0.4488	0.0	-0.1418	1	
20200423_225048.067819	0.75	0.6189	0.0	-0.4536	0.0	-0.0647	1	
20200423_225048.167653	0.75	0.6246	0.0	-0.457	0.0	0.0074	1	
20200423_225048.267387	0.75	0.6323	0.0	-0.4612	0.0	0.0833	1	
20200423_225048.368209	0.75	0.6393	0.0	-0.4641	0.0	0.1621	1	
20200423_225048.466958	0.75	0.6472	0.0	-0.4663	0.0	0.2375	1	
20200423_225048.566859	0.75	0.6544	0.0	-0.4683	0.0	0.3123	1	
20200423_225048.667683	0.75	0.6632	0.0	-0.4685	0.0	0.3779	1	
20200423_225048.767683	0.75	0.67	0.0	-0.4694	0.0	0.4492	1	
20200423_225048.867672	0.75	0.6806	0.0	-0.4688	0.0	0.5317	1	
20200423_225048.967833	0.75	0.6885	0.0	-0.468	0.0	0.6014	1	
20200423_225049.067640	0.75	0.6968	0.0	-0.4661	0.0	0.6789	1	
20200423_225049.167768	0.75	0.7045	0.0	-0.4642	0.0	0.7492	1	
20200423_225049.268344	0.75	0.7135	0.0	-0.4611	0.0	0.8196	1	
20200423_225049.367506	0.75	0.7205	0.0	-0.4588	0.0	0.8914	1	
20200423_225049.467490	0.75	0.7283	0.0	-0.4543	0.0	0.9634	1	
20200423_225049.567113	0.75	0.736	0.0	-0.45	0.0	1.0444	1	
20200423_225049.667728	0.75	0.7437	0.0	-0.4425	0.0	1.1133	1	
20200423_225049.767389	0.75	0.7502	0.0	-0.4382	0.0	1.19	1	
20200423_225049.866988	0.75	0.7559	0.0	-0.431	0.0	1.2635	1	
20200423_225049.967919	0.75	0.7626	0.0	-0.4241	0.0	1.3439	1	
20200423_225050.068829	0.75	0.7677	0.0	-0.4152	0.0	1.42	1	
20200423_225050.167944	0.606762745781	0.7727	0.440838939219	-0.4079	0.628318530718	1.4955	1	
20200423_225050.267467	0.606762745781	0.7768	0.440838939219	-0.4003	0.628318530718	1.5642	1	
20200423_225050.368373	0.606762745781	0.7768	0.440838939219	-0.4003	0.628318530718	1.5642	1	
20200423_225050.467998	0.606762745781	0.7768	0.440838939219	-0.4003	0.628318530718	1.5642	1	
20200423_225050.567187	0.606762745781	0.7768	0.440838939219	-0.4003	0.628318530718	1.5642	1	
20200423_225050.667912	0.606762745781	0.7878	0.440838939219	-0.3638	0.628318530718	1.8531	1	
20200423_225050.770254	0.606762745781	0.7878	0.440838939219	-0.3638	0.628318530718	1.8531	1	
20200423_225050.867620	0.606762745781	0.7862	0.440838939219	-0.3444	0.628318530718	1.967	1	
20200423_225050.967267	0.606762745781	0.7839	0.440838939219	-0.34	0.628318530718	1.9752	1	
20200423_225051.067093	0.606762745781	0.7781	0.440838939219	-0.3284	0.628318530718	1.9436	1	
20200423_225051.168110	0.606762745781	0.769	0.440838939219	-0.3172	0.628318530718	1.8627	1	
20200423_225051.267681	0.606762745781	0.7635	0.440838939219	-0.3092	0.628318530718	1.7874	1	
20200423_225051.367769	0.606762745781	0.7593	0.440838939219	-0.2987	0.628318530718	1.758	1	
20200423_225051.468020	0.606762745781	0.7579	0.440838939219	-0.293	0.628318530718	1.7521	1	
20200423_225051.567681	0.606762745781	0.7558	0.440838939219	-0.2802	0.628318530718	1.7528	1	
20200423_225051.667773	0.606762745781	0.754	0.440838939219	-0.2702	0.628318530718	1.7549	1	
20200423_225051.767850	0.606762745781	0.7527	0.440838939219	-0.2608	0.628318530718	1.7567	1	
20200423_225051.868271	0.606762745781	0.7498	0.440838939219	-0.2516	0.628318530718	1.7556	1	
20200423_225051.968067	0.606762745781	0.7472	0.440838939219	-0.2415	0.628318530718	1.7597	1	
20200423_225052.068069	0.606762745781	0.7443	0.440838939219	-0.2307	0.628318530718	1.7655	1	
20200423_225052.167844	0.606762745781	0.7421	0.440838939219	-0.2199	0.628318530718	1.7647	1	
20200423_225052.267405	0.606762745781	0.7416	0.440838939219	-0.2115	0.628318530718	1.7623	1	
20200423_225052.367639	0.606762745781	0.7391	0.440838939219	-0.2016	0.628318530718	1.7677	1	
20200423_225052.466837	0.606762745781	0.7376	0.440838939219	-0.1921	0.628318530718	1.7656	1	
20200423_225052.567214	0.606762745781	0.7363	0.440838939219	-0.1824	0.628318530718	1.7657	1	
20200423_225052.667797	0.606762745781	0.7338	0.440838939219	-0.173	0.628318530718	1.7666	1	
20200423_225052.768264	0.606762745781	0.7309	0.440838939219	-0.1634	0.628318530718	1.7665	1	
20200423_225052.868307	0.606762745781	0.7299	0.440838939219	-0.1535	0.628318530718	1.7706	1	
20200423_225052.967768	0.606762745781	0.7273	0.440838939219	-0.1438	0.628318530718	1.7738	1	
20200423_225053.067152	0.606762745781	0.7251	0.440838939219	-0.1334	0.628318530718	1.7701	1	
20200423_225053.167802	0.231762745781	0.7235	0.713292387221	-0.124	1.25663706144	1.7768	1	
20200423_225053.268115	0.231762745781	0.7259	0.713292387221	-0.1161	1.25663706144	1.8231	1	
20200423_225053.368952	0.231762745781	0.7252	0.713292387221	-0.1043	1.25663706144	1.8923	1	
20200423_225053.467776	0.231762745781	0.7269	0.713292387221	-0.0961	1.25663706144	1.9672	1	
20200423_225053.567258	0.231762745781	0.7257	0.713292387221	-0.0919	1.25663706144	2.0009	1	
20200423_225053.667624	0.231762745781	0.7245	0.713292387221	-0.083	1.25663706144	2.0437	1	
20200423_225053.767228	0.231762745781	0.7245	0.713292387221	-0.083	1.25663706144	2.0437	1	
20200423_225053.867490	0.231762745781	0.7192	0.713292387221	-0.0581	1.25663706144	2.2148	1	
20200423_225053.967918	0.231762745781	0.7137	0.713292387221	-0.0509	1.25663706144	2.2171	1	
20200423_225054.067797	0.231762745781	0.7074	0.713292387221	-0.0432	1.25663706144	2.223	1	
20200423_225054.167892	0.231762745781	0.7041	0.713292387221	-0.0389	1.25663706144	2.2066	1	
20200423_225054.267815	0.231762745781	0.7041	0.713292387221	-0.0389	1.25663706144	2.2066	1	
20200423_225054.368468	0.231762745781	0.7041	0.713292387221	-0.0389	1.25663706144	2.2066	1	
20200423_225054.467765	0.231762745781	0.7041	0.713292387221	-0.0389	1.25663706144	2.2066	1	
20200423_225054.567222	0.231762745781	0.7041	0.713292387221	-0.0389	1.25663706144	2.2066	1	
20200423_225054.668754	0.231762745781	0.7041	0.713292387221	-0.0389	1.25663706144	2.2066	1	
20200423_225054.767643	0.231762745781	0.7041	0.713292387221	-0.0389	1.25663706144	2.2066	1	
20200423_225054.868526	0.231762745781	0.7041	0.713292387221	-0.0389	1.25663706144	2.2066	1	
20200423_225054.968498	0.231762745781	0.7041	0.713292387221	-0.0389	1.25663706144	2.2066	1	
20200423_225055.066686	0.231762745781	0.7041	0.713292387221	-0.0389	1.25663706144	2.2066	1	
20200423_225055.167760	0.231762745781	0.6456	0.713292387221	0.0456	1.25663706144	2.1264	1	
20200423_225055.267890	0.231762745781	0.644	0.713292387221	0.0489	1.25663706144	2.1291	1	
20200423_225055.367644	0.231762745781	0.6381	0.713292387221	0.0586	1.25663706144	2.1333	1	
20200423_225055.468138	0.231762745781	0.6301	0.713292387221	0.0702	1.25663706144	2.13	1	
20200423_225055.567566	0.231762745781	0.6301	0.713292387221	0.0702	1.25663706144	2.13	1	
20200423_225055.667653	0.231762745781	0.6301	0.713292387221	0.0702	1.25663706144	2.13	1	
20200423_225055.768461	0.231762745781	0.6136	0.713292387221	0.0956	1.25663706144	2.1319	1	
20200423_225055.868348	0.231762745781	0.6113	0.713292387221	0.1007	1.25663706144	2.1272	1	
20200423_225055.967595	0.231762745781	0.6031	0.713292387221	0.1137	1.25663706144	2.1282	1	
20200423_225056.068031	0.231762745781	0.6031	0.713292387221	0.1137	1.25663706144	2.1282	1	
20200423_225056.168485	-0.231762745781	0.6031	0.713292387221	0.1137	1.88495559215	2.1282	1	
20200423_225056.267940	-0.231762745781	0.5895	0.713292387221	0.1374	1.88495559215	2.195	1	
20200423_225056.368269	-0.231762745781	0.5901	0.713292387221	0.1442	1.88495559215	2.2406	1	
20200423_225056.468455	-0.231762745781	0.5855	0.713292387221	0.1548	1.88495559215	2.3202	1	
20200423_225056.567235	-0.231762745781	0.5824	0.713292387221	0.1634	1.88495559215	2.3846	1	
20200423_225056.667159	-0.231762745781	0.5783	0.713292387221	0.1713	1.88495559215	2.4463	1	
20200423_225056.768097	-0.231762745781	0.5739	0.713292387221	0.1787	1.88495559215	2.5257	1	
20200423_225056.867927	-0.231762745781	0.5679	0.713292387221	0.1877	1.88495559215	2.6049	1	
20200423_225056.968520	-0.231762745781	0.5618	0.713292387221	0.1941	1.88495559215	2.6318	1	
20200423_225057.067607	-0.231762745781	0.5528	0.713292387221	0.1991	1.88495559215	2.6389	1	
20200423_225057.167702	-0.231762745781	0.5436	0.713292387221	0.2037	1.88495559215	2.6486	1	
20200423_225057.268106	-0.231762745781	0.5358	0.713292387221	0.2079	1.88495559215	2.6383	1	
20200423_225057.368699	-0.231762745781	0.5248	0.713292387221	0.2117	1.88495559215	2.6025	1	
20200423_225057.468809	-0.231762745781	0.5174	0.713292387221	0.2152	1.88495559215	2.5829	1	
20200423_225057.567196	-0.231762745781	0.5088	0.713292387221	0.2204	1.88495559215	2.5666	1	
20200423_225057.667316	-0.231762745781	0.5001	0.713292387221	0.2259	1.88495559215	2.5789	1	
20200423_225057.767661	-0.231762745781	0.4927	0.713292387221	0.2306	1.88495559215	2.5695	1	
20200423_225057.868054	-0.231762745781	0.4833	0.713292387221	0.2362	1.88495559215	2.5689	1	
20200423_225057.967967	-0.231762745781	0.4748	0.713292387221	0.2415	1.88495559215	2.5678	1	
20200423_225058.067428	-0.231762745781	0.4648	0.713292387221	0.2487	1.88495559215	2.5806	1	
20200423_225058.168035	-0.231762745781	0.4594	0.713292387221	0.2515	1.88495559215	2.5764	1	
20200423_225058.267862	-0.231762745781	0.4522	0.713292387221	0.2561	1.88495559215	2.5634	1	
20200423_225058.367675	-0.231762745781	0.4424	0.713292387221	0.2622	1.88495559215	2.5517	1	
20200423_225058.468732	-0.231762745781	0.4344	0.713292387221	0.2674	1.88495559215	2.5602	1	
20200423_225058.567443	-0.231762745781	0.4264	0.713292387221	0.2728	1.88495559215	2.5621	1	
20200423_225058.667778	-0.231762745781	0.4175	0.713292387221	0.2782	1.88495559215	2.577	1	
20200423_225058.768562	-0.231762745781	0.4104	0.713292387221	0.2832	1.88495559215	2.5664	1	
20200423_225058.868250	-0.231762745781	0.4028	0.713292387221	0.288	1.88495559215	2.5669	1	
20200423_225058.968315	-0.231762745781	0.3935	0.713292387221	0.2935	1.88495559215	2.5648	1	
20200423_225059.068408	-0.231762745781	0.3857	0.713292387221	0.2983	1.88495559215	2.5607	1	
20200423_225059.168125	-0.606762745781	0.3767	0.440838939219	0.304	2.51327412287	2.5657	1	
20200423_225059.269271	-0.606762745781	0.3692	0.440838939219	0.3124	2.51327412287	2.619	1	
20200423_225059.368333	-0.606762745781	0.3651	0.440838939219	0.3173	2.51327412287	2.6727	1	
20200423_225059.468877	-0.606762745781	0.3651	0.440838939219	0.3173	2.51327412287	2.6727	1	
20200423_225059.567494	-0.606762745781	0.3651	0.440838939219	0.3173	2.51327412287	2.6727	1	
20200423_225059.668220	-0.606762745781	0.3441	0.440838939219	0.3382	2.51327412287	2.9023	1	
20200423_225059.767864	-0.606762745781	0.3356	0.440838939219	0.344	2.51327412287	2.9787	1	
20200423_225059.868018	-0.606762745781	0.3268	0.440838939219	0.3484	2.51327412287	3.0424	1	
20200423_225059.968040	-0.606762745781	0.3177	0.440838939219	0.3514	2.51327412287	3.0577	1	
20200423_225100.068368	-0.606762745781	0.3074	0.440838939219	0.3518	2.51327412287	3.0642	1	
20200423_225100.167889	-0.606762745781	0.2955	0.440838939219	0.3531	2.51327412287	3.066	1	
20200423_225100.268146	-0.606762745781	0.2887	0.440838939219	0.353	2.51327412287	3.0665	1	
20200423_225100.367938	-0.606762745781	0.277	0.440838939219	0.3538	2.51327412287	3.0868	1	
20200423_225100.467699	-0.606762745781	0.2681	0.440838939219	0.3535	2.51327412287	3.0606	1	
20200423_225100.567413	-0.606762745781	0.26	0.440838939219	0.3542	2.51327412287	3.0602	1	
20200423_225100.667716	-0.606762745781	0.2488	0.440838939219	0.3543	2.51327412287	3.0599	1	
20200423_225100.768081	-0.606762745781	0.2403	0.440838939219	0.3543	2.51327412287	3.0591	1	
20200423_225100.867770	-0.606762745781	0.2315	0.440838939219	0.3559	2.51327412287	3.0633	1	
20200423_225100.968258	-0.606762745781	0.2268	0.440838939219	0.3561	2.51327412287	3.1004	1	
20200423_225101.068082	-0.606762745781	0.2268	0.440838939219	0.3561	2.51327412287	3.1004	1	
20200423_225101.168584	-0.606762745781	0.2142	0.440838939219	0.3554	2.51327412287	3.076	1	
20200423_225101.268003	-0.606762745781	0.2142	0.440838939219	0.3554	2.51327412287	3.076	1	
20200423_225101.367853	-0.606762745781	0.2142	0.440838939219	0.3554	2.51327412287	3.076	1	
20200423_225101.468592	-0.606762745781	0.173	0.440838939219	0.3589	2.51327412287	3.0999	1	
20200423_225101.567042	-0.606762745781	0.173	0.440838939219	0.3589	2.51327412287	3.0999	1	
20200423_225101.667590	-0.606762745781	0.1521	0.440838939219	0.3598	2.51327412287	3.0872	1	
20200423_225101.767931	-0.606762745781	0.1444	0.440838939219	0.3594	2.51327412287	3.075	1	
20200423_225101.868135	-0.606762745781	0.1328	0.440838939219	0.3601	2.51327412287	3.0738	1	
20200423_225101.967985	-0.606762745781	0.1233	0.440838939219	0.3609	2.51327412287	3.0772	1	
20200423_225102.067474	-0.606762745781	0.1127	0.440838939219	0.3624	2.51327412287	3.0831	1	
20200423_225102.168120	-0.75	0.1041	9.18485099361e-17	0.3625	3.14159265359	3.0813	1	
20200423_225102.266828	-0.75	0.0942	9.18485099361e-17	0.3649	3.14159265359	3.1227	1	
20200423_225102.368736	-0.75	0.0855	9.18485099361e-17	0.3688	3.14159265359	-3.0883	1	
20200423_225102.468717	-0.75	0.0828	9.18485099361e-17	0.37	3.14159265359	-3.0609	1	
20200423_225102.567704	-0.75	0.0828	9.18485099361e-17	0.37	3.14159265359	-3.0609	1	
20200423_225102.667992	-0.75	0.0598	9.18485099361e-17	0.3762	3.14159265359	-2.8656	1	
20200423_225102.767921	-0.75	0.0501	9.18485099361e-17	0.3766	3.14159265359	-2.8015	1	
20200423_225102.868228	-0.75	0.0427	9.18485099361e-17	0.3787	3.14159265359	-2.7167	1	
20200423_225102.968244	-0.75	0.0324	9.18485099361e-17	0.3778	3.14159265359	-2.6371	1	
20200423_225103.068210	-0.75	0.0284	9.18485099361e-17	0.377	3.14159265359	-2.6113	1	
20200423_225103.167721	-0.75	0.0284	9.18485099361e-17	0.377	3.14159265359	-2.6113	1	
20200423_225103.267344	-0.75	0.0025	9.18485099361e-17	0.3638	3.14159265359	-2.59	1	
20200423_225103.370211	-0.75	-0.0044	9.18485099361e-17	0.3597	3.14159265359	-2.5944	1	
20200423_225103.467972	-0.75	-0.005	9.18485099361e-17	0.3591	3.14159265359	-2.597	1	
20200423_225103.566683	-0.75	-0.0173	9.18485099361e-17	0.3477	3.14159265359	-2.6802	1	
20200423_225103.667516	-0.75	-0.0173	9.18485099361e-17	0.3477	3.14159265359	-2.6802	1	
20200423_225103.768440	-0.75	-0.0173	9.18485099361e-17	0.3477	3.14159265359	-2.6802	1	
20200423_225103.868125	-0.75	-0.0173	9.18485099361e-17	0.3477	3.14159265359	-2.6802	1	
20200423_225103.968340	-0.75	-0.0173	9.18485099361e-17	0.3477	3.14159265359	-2.6802	1	
20200423_225104.067684	-0.75	-0.0638	9.18485099361e-17	0.3222	3.14159265359	-2.8349	1	
20200423_225104.168218	-0.75	-0.0743	9.18485099361e-17	0.3189	3.14159265359	-2.8305	1	
20200423_225104.268331	-0.75	-0.0862	9.18485099361e-17	0.319	3.14159265359	-2.7568	1	
20200423_225104.368621	-0.75	-0.0862	9.18485099361e-17	0.319	3.14159265359	-2.7568	1	
20200423_225104.467245	-0.75	-0.0862	9.18485099361e-17	0.319	3.14159265359	-2.7568	1	
20200423_225104.566987	-0.75	-0.0862	9.18485099361e-17	0.319	3.14159265359	-2.7568	1	
20200423_225104.667689	-0.75	-0.1167	9.18485099361e-17	0.31	3.14159265359	-2.6554	1	
20200423_225104.768027	-0.75	-0.1167	9.18485099361e-17	0.31	3.14159265359	-2.6554	1	
20200423_225104.868286	-0.75	-0.1373	9.18485099361e-17	0.2995	3.14159265359	-2.6562	1	
20200423_225104.967948	-0.75	-0.1453	9.18485099361e-17	0.2955	3.14159265359	-2.6531	1	
20200423_225105.067303	-0.75	-0.1532	9.18485099361e-17	0.2918	3.14159265359	-2.6495	1	
20200423_225105.169889	-0.606762745781	-0.1611	-0.440838939219	0.2884	-2.51327412287	-2.6468	1	
20200423_225105.267742	-0.606762745781	-0.1689	-0.440838939219	0.2853	-2.51327412287	-2.6273	1	
20200423_225105.367364	-0.606762745781	-0.1689	-0.440838939219	0.2853	-2.51327412287	-2.6273	1	
20200423_225105.468325	-0.606762745781	-0.1689	-0.440838939219	0.2853	-2.51327412287	-2.6273	1	
20200423_225105.567814	-0.606762745781	-0.2023	-0.440838939219	0.2789	-2.51327412287	-2.3735	1	
20200423_225105.668145	-0.606762745781	-0.2114	-0.440838939219	0.2753	-2.51327412287	-2.3034	1	
20200423_225105.768010	-0.606762745781	-0.2114	-0.440838939219	0.2753	-2.51327412287	-2.3034	1	
20200423_225105.868108	-0.606762745781	-0.2114	-0.440838939219	0.2753	-2.51327412287	-2.3034	1	
20200423_225105.968316	-0.606762745781	-0.2114	-0.440838939219	0.2753	-2.51327412287	-2.3034	1	
20200423_225106.068012	-0.606762745781	-0.2114	-0.440838939219	0.2753	-2.51327412287	-2.3034	1	
20200423_225106.167706	-0.606762745781	-0.2114	-0.440838939219	0.2753	-2.51327412287	-2.3034	1	
20200423_225106.268229	-0.606762745781	-0.2114	-0.440838939219	0.2753	-2.51327412287	-2.3034	1	
20200423_225106.368094	-0.606762745781	-0.2114	-0.440838939219	0.2753	-2.51327412287	-2.3034	1	
20200423_225106.467916	-0.606762745781	-0.2114	-0.440838939219	0.2753	-2.51327412287	-2.3034	1	
20200423_225106.567644	-0.606762745781	-0.2725	-0.440838939219	0.2183	-2.51327412287	-1.6466	1	
20200423_225106.667943	-0.606762745781	-0.2725	-0.440838939219	0.2183	-2.51327412287	-1.6466	1	
20200423_225106.768032	-0.606762745781	-0.2725	-0.440838939219	0.2183	-2.51327412287	-1.6466	1	
20200423_225106.867310	-0.606762745781	-0.2725	-0.440838939219	0.2183	-2.51327412287	-1.6466	1	
20200423_225106.967771	-0.606762745781	-0.272	-0.440838939219	0.1792	-2.51327412287	-1.6971	1	
20200423_225107.067440	-0.606762745781	-0.27	-0.440838939219	0.1742	-2.51327412287	-1.7365	1	
20200423_225107.167174	-0.606762745781	-0.27	-0.440838939219	0.1742	-2.51327412287	-1.7365	1	
20200423_225107.268324	-0.606762745781	-0.27	-0.440838939219	0.1742	-2.51327412287	-1.7365	1	
20200423_225107.368478	-0.606762745781	-0.27	-0.440838939219	0.1742	-2.51327412287	-1.7365	1	
20200423_225107.468333	-0.606762745781	-0.27	-0.440838939219	0.1742	-2.51327412287	-1.7365	1	
20200423_225107.567781	-0.606762745781	-0.27	-0.440838939219	0.1742	-2.51327412287	-1.7365	1	
20200423_225107.667824	-0.606762745781	-0.27	-0.440838939219	0.1742	-2.51327412287	-1.7365	1	
20200423_225107.767716	-0.606762745781	-0.27	-0.440838939219	0.1742	-2.51327412287	-1.7365	1	
20200423_225107.868218	-0.606762745781	-0.27	-0.440838939219	0.1742	-2.51327412287	-1.7365	1	
20200423_225107.968442	-0.606762745781	-0.27	-0.440838939219	0.1742	-2.51327412287	-1.7365	1	
20200423_225108.067602	-0.606762745781	-0.27	-0.440838939219	0.1742	-2.51327412287	-1.7365	1	
20200423_225108.167810	-0.231762745781	-0.27	-0.713292387221	0.1742	-1.88495559215	-1.7365	1	
20200423_225108.268007	-0.231762745781	-0.27	-0.713292387221	0.1742	-1.88495559215	-1.7365	1	
20200423_225108.367834	-0.231762745781	-0.27	-0.713292387221	0.1742	-1.88495559215	-1.7365	1	
20200423_225108.468188	-0.231762745781	-0.27	-0.713292387221	0.1742	-1.88495559215	-1.7365	1	
20200423_225108.567146	-0.231762745781	-0.27	-0.713292387221	0.1742	-1.88495559215	-1.7365	1	
20200423_225108.667742	-0.231762745781	-0.27	-0.713292387221	0.1742	-1.88495559215	-1.7365	1	
20200423_225108.768303	-0.231762745781	-0.27	-0.713292387221	0.1742	-1.88495559215	-1.7365	1	
20200423_225108.867659	-0.231762745781	-0.27	-0.713292387221	0.1742	-1.88495559215	-1.7365	1	
20200423_225108.967682	-0.231762745781	-0.27	-0.713292387221	0.1742	-1.88495559215	-1.7365	1	
20200423_225109.067883	-0.231762745781	-0.27	-0.713292387221	0.1742	-1.88495559215	-1.7365	1	
20200423_225109.168265	-0.231762745781	-0.27	-0.713292387221	0.1742	-1.88495559215	-1.7365	1	
20200423_225109.267791	-0.231762745781	-0.27	-0.713292387221	0.1742	-1.88495559215	-1.7365	1	
20200423_225109.367588	-0.231762745781	-0.3923	-0.713292387221	-0.0041	-1.88495559215	-1.7296	1	
20200423_225109.468271	-0.231762745781	-0.3966	-0.713292387221	-0.0108	-1.88495559215	-1.6604	1	
20200423_225109.567377	-0.231762745781	-0.4004	-0.713292387221	-0.021	-1.88495559215	-1.5917	1	
20200423_225109.667513	-0.231762745781	-0.4044	-0.713292387221	-0.0297	-1.88495559215	-1.5135	1	
20200423_225109.767647	-0.231762745781	-0.4075	-0.713292387221	-0.0393	-1.88495559215	-1.4367	1	
20200423_225109.867553	-0.231762745781	-0.4102	-0.713292387221	-0.0476	-1.88495559215	-1.3597	1	
20200423_225109.967819	-0.231762745781	-0.4106	-0.713292387221	-0.058	-1.88495559215	-1.2936	1	
20200423_225110.068013	-0.231762745781	-0.4098	-0.713292387221	-0.067	-1.88495559215	-1.259	1	
20200423_225110.167915	-0.231762745781	-0.4069	-0.713292387221	-0.0766	-1.88495559215	-1.2509	1	
20200423_225110.267855	-0.231762745781	-0.4047	-0.713292387221	-0.0851	-1.88495559215	-1.2483	1	
20200423_225110.368157	-0.231762745781	-0.4014	-0.713292387221	-0.0953	-1.88495559215	-1.2438	1	
20200423_225110.468549	-0.231762745781	-0.3982	-0.713292387221	-0.1045	-1.88495559215	-1.2468	1	
20200423_225110.566967	-0.231762745781	-0.3955	-0.713292387221	-0.1136	-1.88495559215	-1.2464	1	
20200423_225110.668145	-0.231762745781	-0.3929	-0.713292387221	-0.1223	-1.88495559215	-1.2444	1	
20200423_225110.768194	-0.231762745781	-0.3892	-0.713292387221	-0.1322	-1.88495559215	-1.2458	1	
20200423_225110.868019	-0.231762745781	-0.3863	-0.713292387221	-0.1411	-1.88495559215	-1.2441	1	
20200423_225110.967919	-0.231762745781	-0.3823	-0.713292387221	-0.1507	-1.88495559215	-1.2482	1	
20200423_225111.066883	-0.231762745781	-0.3791	-0.713292387221	-0.1609	-1.88495559215	-1.2462	1	
20200423_225111.167763	0.231762745781	-0.3762	-0.713292387221	-0.1685	-1.25663706144	-1.245	1	
20200423_225111.268491	0.231762745781	-0.3765	-0.713292387221	-0.1771	-1.25663706144	-1.1932	1	
20200423_225111.367789	0.231762745781	-0.376	-0.713292387221	-0.1876	-1.25663706144	-1.1242	1	
20200423_225111.467689	0.231762745781	-0.3753	-0.713292387221	-0.1967	-1.25663706144	-1.0537	1	
20200423_225111.567563	0.231762745781	-0.374	-0.713292387221	-0.2052	-1.25663706144	-0.978	1	
20200423_225111.667611	0.231762745781	-0.3712	-0.713292387221	-0.2147	-1.25663706144	-0.9117	1	
20200423_225111.767643	0.231762745781	-0.369	-0.713292387221	-0.2227	-1.25663706144	-0.8485	1	
20200423_225111.867558	0.231762745781	-0.3663	-0.713292387221	-0.2311	-1.25663706144	-0.7759	1	
20200423_225111.968826	0.231762745781	-0.3625	-0.713292387221	-0.2405	-1.25663706144	-0.7035	1	
20200423_225112.068295	0.231762745781	-0.3572	-0.713292387221	-0.2495	-1.25663706144	-0.639	1	
20200423_225112.167834	0.231762745781	-0.3501	-0.713292387221	-0.2562	-1.25663706144	-0.606	1	
20200423_225112.268123	0.231762745781	-0.344	-0.713292387221	-0.2627	-1.25663706144	-0.5863	1	
20200423_225112.368504	0.231762745781	-0.3389	-0.713292387221	-0.2666	-1.25663706144	-0.5676	1	
20200423_225112.468411	0.231762745781	-0.3323	-0.713292387221	-0.271	-1.25663706144	-0.5588	1	
20200423_225112.567335	0.231762745781	-0.3258	-0.713292387221	-0.2749	-1.25663706144	-0.5663	1	
20200423_225112.668022	0.231762745781	-0.3232	-0.713292387221	-0.2765	-1.25663706144	-0.57	1	
20200423_225112.767613	0.231762745781	-0.3194	-0.713292387221	-0.2782	-1.25663706144	-0.5773	1	
20200423_225112.868516	0.231762745781	-0.3161	-0.713292387221	-0.28	-1.25663706144	-0.5791	1	
20200423_225112.968381	0.231762745781	-0.3103	-0.713292387221	-0.2824	-1.25663706144	-0.597	1	
20200423_225113.068204	0.231762745781	-0.3078	-0.713292387221	-0.2847	-1.25663706144	-0.5896	1	
20200423_225113.168435	0.231762745781	-0.3052	-0.713292387221	-0.2875	-1.25663706144	-0.5711	1	
20200423_225113.267466	0.231762745781	-0.3028	-0.713292387221	-0.2904	-1.25663706144	-0.5482	1	
20200423_225113.367436	0.231762745781	-0.3	-0.713292387221	-0.2924	-1.25663706144	-0.5441	1	
20200423_225113.467770	0.231762745781	-0.2947	-0.713292387221	-0.2943	-1.25663706144	-0.5593	1	
20200423_225113.567182	0.231762745781	-0.2921	-0.713292387221	-0.2958	-1.25663706144	-0.5608	1	
20200423_225113.667808	0.231762745781	-0.2866	-0.713292387221	-0.2985	-1.25663706144	-0.5786	1	
20200423_225113.768280	0.231762745781	-0.2789	-0.713292387221	-0.3013	-1.25663706144	-0.6219	1	
20200423_225113.868552	0.231762745781	-0.2748	-0.713292387221	-0.303	-1.25663706144	-0.6336	1	
20200423_225113.967764	0.231762745781	-0.2701	-0.713292387221	-0.3068	-1.25663706144	-0.6221	1	
20200423_225114.068094	0.231762745781	-0.2655	-0.713292387221	-0.3122	-1.25663706144	-0.5914	1	
20200423_225114.167816	0.606762745781	-0.2613	-0.440838939219	-0.3177	-0.628318530718	-0.5594	1	
20200423_225114.267183	0.606762745781	-0.2578	-0.440838939219	-0.3218	-0.628318530718	-0.5364	1	
20200423_225114.368349	0.606762745781	-0.2548	-0.440838939219	-0.3274	-0.628318530718	-0.5026	1	
20200423_225114.468390	0.606762745781	-0.2517	-0.440838939219	-0.3317	-0.628318530718	-0.4804	1	
20200423_225114.567689	0.606762745781	-0.2475	-0.440838939219	-0.3374	-0.628318530718	-0.437	1	
20200423_225114.668113	0.606762745781	-0.2431	-0.440838939219	-0.3431	-0.628318530718	-0.4003	1	
20200423_225114.768209	0.606762745781	-0.2378	-0.440838939219	-0.3479	-0.628318530718	-0.3603	1	
20200423_225114.867853	0.606762745781	-0.2332	-0.440838939219	-0.3533	-0.628318530718	-0.3076	1	
20200423_225114.967753	0.606762745781	-0.2268	-0.440838939219	-0.3586	-0.628318530718	-0.2499	1	
20200423_225115.068098	0.606762745781	-0.2214	-0.440838939219	-0.3639	-0.628318530718	-0.1984	1	
20200423_225115.167315	0.606762745781	-0.2139	-0.440838939219	-0.3675	-0.628318530718	-0.1392	1	
20200423_225115.267908	0.606762745781	-0.2039	-0.440838939219	-0.3722	-0.628318530718	-0.0702	1	
20200423_225115.367399	0.606762745781	-0.196	-0.440838939219	-0.3742	-0.628318530718	-0.0449	1	
20200423_225115.468093	0.606762745781	-0.1863	-0.440838939219	-0.3748	-0.628318530718	-0.0394	1	
20200423_225115.567269	0.606762745781	-0.1777	-0.440838939219	-0.3752	-0.628318530718	-0.0372	1	
20200423_225115.668292	0.606762745781	-0.1672	-0.440838939219	-0.3761	-0.628318530718	-0.0312	1	
20200423_225115.767321	0.606762745781	-0.1598	-0.440838939219	-0.3768	-0.628318530718	-0.0271	1	
20200423_225115.868052	0.606762745781	-0.149	-0.440838939219	-0.3773	-0.628318530718	-0.0293	1	
20200423_225115.968068	0.606762745781	-0.1408	-0.440838939219	-0.3774	-0.628318530718	-0.0297	1	
20200423_225116.068353	0.606762745781	-0.1342	-0.440838939219	-0.3783	-0.628318530718	0.0015	1	
20200423_225116.167371	0.606762745781	-0.1243	-0.440838939219	-0.3779	-0.628318530718	-0.0256	1	
20200423_225116.268257	0.606762745781	-0.1147	-0.440838939219	-0.3779	-0.628318530718	-0.0248	1	
20200423_225116.368054	0.606762745781	-0.1026	-0.440838939219	-0.378	-0.628318530718	-0.0225	1	
20200423_225116.467575	0.606762745781	-0.0948	-0.440838939219	-0.3776	-0.628318530718	-0.0257	1	
20200423_225116.567308	0.606762745781	-0.0828	-0.440838939219	-0.3778	-0.628318530718	-0.0308	1	
20200423_225116.668416	0.606762745781	-0.0735	-0.440838939219	-0.3781	-0.628318530718	-0.0318	1	
20200423_225116.768537	0.606762745781	-0.0633	-0.440838939219	-0.3782	-0.628318530718	-0.0283	1	
20200423_225116.867779	0.606762745781	-0.0526	-0.440838939219	-0.3779	-0.628318530718	-0.0327	1	
20200423_225116.968520	0.606762745781	-0.0424	-0.440838939219	-0.379	-0.628318530718	-0.029	1	
20200423_225117.067200	0.606762745781	-0.031	-0.440838939219	-0.3793	-0.628318530718	-0.0284	1	
20200423_225117.168889	0.606762745781	-0.0227	-0.440838939219	-0.3799	-0.628318530718	-0.0317	1	
20200423_225117.267923	0.606762745781	-0.0113	-0.440838939219	-0.3799	-0.628318530718	-0.0334	1	
20200423_225117.369002	0.606762745781	-0.0032	-0.440838939219	-0.3792	-0.628318530718	-0.0361	1	
20200423_225117.467657	0.606762745781	0.0056	-0.440838939219	-0.3802	-0.628318530718	-0.0342	1	
20200423_225117.567076	0.606762745781	0.0163	-0.440838939219	-0.3803	-0.628318530718	-0.0333	1	
20200423_225117.667535	0.606762745781	0.0265	-0.440838939219	-0.3809	-0.628318530718	-0.0319	1	
20200423_225117.767868	0.606762745781	0.0339	-0.440838939219	-0.3812	-0.628318530718	-0.0346	1	
20200423_225117.867671	0.606762745781	0.0457	-0.440838939219	-0.3815	-0.628318530718	-0.035	1	
20200423_225117.968227	0.606762745781	0.0552	-0.440838939219	-0.3823	-0.628318530718	-0.033	1	
20200423_225118.068093	0.606762745781	0.063	-0.440838939219	-0.3826	-0.628318530718	-0.0371	1	
20200423_225118.167745	0.606762745781	0.0745	-0.440838939219	-0.3825	-0.628318530718	-0.0384	1	
20200423_225118.268288	0.606762745781	0.0859	-0.440838939219	-0.3834	-0.628318530718	-0.0348	1	
20200423_225118.367637	0.606762745781	0.0925	-0.440838939219	-0.3839	-0.628318530718	-0.0368	1	
20200423_225118.468155	0.606762745781	0.1044	-0.440838939219	-0.3835	-0.628318530718	-0.0409	1	
20200423_225118.567031	0.606762745781	0.1132	-0.440838939219	-0.384	-0.628318530718	-0.0378	1	
20200423_225118.668315	0.606762745781	0.1213	-0.440838939219	-0.3843	-0.628318530718	-0.0405	1	
20200423_225118.766833	0.606762745781	0.1327	-0.440838939219	-0.3843	-0.628318530718	-0.0425	1	
20200423_225118.867763	0.606762745781	0.1412	-0.440838939219	-0.3852	-0.628318530718	-0.0355	1	
20200423_225118.968151	0.606762745781	0.1503	-0.440838939219	-0.3857	-0.628318530718	-0.037	1	
20200423_225119.068441	0.606762745781	0.1616	-0.440838939219	-0.3854	-0.628318530718	-0.0397	1	
20200423_225119.168581	0.606762745781	0.1702	-0.440838939219	-0.3856	-0.628318530718	-0.0404	1	
20200423_225119.266962	0.606762745781	0.1803	-0.440838939219	-0.3864	-0.628318530718	-0.0385	1	
20200423_225119.367624	0.606762745781	0.1838	-0.440838939219	-0.3896	-0.628318530718	0.0044	1	
20200423_225119.467541	0.606762745781	0.1849	-0.440838939219	-0.3917	-0.628318530718	0.0444	1	
20200423_225119.567844	0.606762745781	0.186	-0.440838939219	-0.3931	-0.628318530718	0.0791	1	
20200423_225119.668232	0.606762745781	0.1879	-0.440838939219	-0.3938	-0.628318530718	0.1041	1	
20200423_225119.768295	0.606762745781	0.1894	-0.440838939219	-0.3956	-0.628318530718	0.1251	1	
20200423_225119.868256	0.606762745781	0.1904	-0.440838939219	-0.3971	-0.628318530718	0.1463	1	
20200423_225119.968535	0.606762745781	0.1915	-0.440838939219	-0.3979	-0.628318530718	0.1609	1	
20200423_225120.068400	0.606762745781	0.1928	-0.440838939219	-0.3991	-0.628318530718	0.1781	1	
20200423_225120.168486	0.606762745781	0.1943	-0.440838939219	-0.4004	-0.628318530718	0.1952	1	
20200423_225120.268032	0.606762745781	0.1959	-0.440838939219	-0.4005	-0.628318530718	0.2109	1	
20200423_225120.367335	0.606762745781	0.1969	-0.440838939219	-0.4016	-0.628318530718	0.2251	1	
20200423_225120.467690	0.606762745781	0.1981	-0.440838939219	-0.4023	-0.628318530718	0.2361	1	
20200423_225120.567108	0.606762745781	0.1986	-0.440838939219	-0.4021	-0.628318530718	0.2371	1	
20200423_225120.668019	0.606762745781	0.1993	-0.440838939219	-0.4024	-0.628318530718	0.2413	1	
20200423_225120.768266	0.606762745781	0.2004	-0.440838939219	-0.4036	-0.628318530718	0.258	1	
20200423_225120.868042	0.606762745781	0.2024	-0.440838939219	-0.4051	-0.628318530718	0.2806	1	
20200423_225120.968467	0.606762745781	0.2032	-0.440838939219	-0.4057	-0.628318530718	0.2993	1	
20200423_225121.067995	0.606762745781	0.2044	-0.440838939219	-0.4083	-0.628318530718	0.3147	1	
20200423_225121.167493	0.606762745781	0.2061	-0.440838939219	-0.4079	-0.628318530718	0.3261	1	
20200423_225121.268219	0.606762745781	0.2077	-0.440838939219	-0.4081	-0.628318530718	0.3344	1	
20200423_225121.367672	0.606762745781	0.2083	-0.440838939219	-0.4087	-0.628318530718	0.3446	1	
20200423_225121.468131	0.606762745781	0.2094	-0.440838939219	-0.4087	-0.628318530718	0.3511	1	
20200423_225121.567110	0.606762745781	0.2106	-0.440838939219	-0.4095	-0.628318530718	0.3646	1	
20200423_225121.668066	0.606762745781	0.2125	-0.440838939219	-0.4106	-0.628318530718	0.3858	1	
20200423_225121.767902	0.606762745781	0.214	-0.440838939219	-0.4114	-0.628318530718	0.4012	1	
20200423_225121.868797	0.606762745781	0.216	-0.440838939219	-0.4123	-0.628318530718	0.4214	1	
20200423_225121.968289	0.606762745781	0.2176	-0.440838939219	-0.4127	-0.628318530718	0.4387	1	
20200423_225122.068449	0.606762745781	0.219	-0.440838939219	-0.4151	-0.628318530718	0.4573	1	
20200423_225122.167067	0.606762745781	0.2194	-0.440838939219	-0.4191	-0.628318530718	0.4727	1	
20200423_225122.268583	0.606762745781	0.2204	-0.440838939219	-0.4213	-0.628318530718	0.4914	1	
20200423_225122.366880	0.606762745781	0.2217	-0.440838939219	-0.4224	-0.628318530718	0.5152	1	
20200423_225122.468421	0.606762745781	0.2262	-0.440838939219	-0.4128	-0.628318530718	0.5387	1	
20200423_225122.566808	0.606762745781	0.2263	-0.440838939219	-0.4131	-0.628318530718	0.5587	1	
20200423_225122.667637	0.606762745781	0.2282	-0.440838939219	-0.4125	-0.628318530718	0.5772	1	
20200423_225122.768201	0.606762745781	0.2297	-0.440838939219	-0.4125	-0.628318530718	0.5935	1	
20200423_225122.867587	0.606762745781	0.2313	-0.440838939219	-0.4126	-0.628318530718	0.6131	1	
20200423_225122.967085	0.606762745781	0.2327	-0.440838939219	-0.412	-0.628318530718	0.6268	1	
20200423_225123.067495	0.606762745781	0.2342	-0.440838939219	-0.4119	-0.628318530718	0.6469	1	
20200423_225123.167928	0.606762745781	0.2358	-0.440838939219	-0.4117	-0.628318530718	0.6684	1	
20200423_225123.268101	0.606762745781	0.2371	-0.440838939219	-0.4119	-0.628318530718	0.6874	1	
20200423_225123.366895	0.606762745781	0.2384	-0.440838939219	-0.4119	-0.628318530718	0.7018	1	
20200423_225123.468114	0.606762745781	0.2401	-0.440838939219	-0.4115	-0.628318530718	0.7209	1	
20200423_225123.567330	0.606762745781	0.2416	-0.440838939219	-0.4105	-0.628318530718	0.7334	1	
20200423_225123.668023	0.606762745781	0.2431	-0.440838939219	-0.4102	-0.628318530718	0.7492	1	
20200423_225123.767944	0.606762745781	0.2443	-0.440838939219	-0.4101	-0.628318530718	0.7719	1	
20200423_225123.868233	0.606762745781	0.2453	-0.440838939219	-0.41	-0.628318530718	0.7829	1	
20200423_225123.968063	0.606762745781	0.2463	-0.440838939219	-0.4095	-0.628318530718	0.8008	1	
20200423_225124.068071	0.606762745781	0.2472	-0.440838939219	-0.4089	-0.628318530718	0.8116	1	
20200423_225124.168440	0.606762745781	0.2488	-0.440838939219	-0.4085	-0.628318530718	0.8299	1	
20200423_225124.267961	0.606762745781	0.25	-0.440838939219	-0.4078	-0.628318530718	0.8439	1	
20200423_225124.367731	0.606762745781	0.2514	-0.440838939219	-0.4074	-0.628318530718	0.8593	1	
20200423_225124.468006	0.606762745781	0.2523	-0.440838939219	-0.4067	-0.628318530718	0.8728	1	
20200423_225124.567076	0.606762745781	0.2528	-0.440838939219	-0.4056	-0.628318530718	0.8826	1	
20200423_225124.667854	0.606762745781	0.2537	-0.440838939219	-0.4051	-0.628318530718	0.8941	1	
20200423_225124.768205	0.606762745781	0.2547	-0.440838939219	-0.4044	-0.628318530718	0.9089	1	
20200423_225124.868358	0.606762745781	0.256	-0.440838939219	-0.404	-0.628318530718	0.9221	1	
20200423_225124.968098	0.606762745781	0.2566	-0.440838939219	-0.4029	-0.628318530718	0.9353	1	
20200423_225125.068009	0.606762745781	0.2571	-0.440838939219	-0.4021	-0.628318530718	0.9381	1	
20200423_225125.167448	0.606762745781	0.2575	-0.440838939219	-0.4009	-0.628318530718	0.9534	1	
20200423_225125.267235	0.606762745781	0.2581	-0.440838939219	-0.4001	-0.628318530718	0.9603	1	
20200423_225125.367280	0.606762745781	0.2587	-0.440838939219	-0.3991	-0.628318530718	0.9653	1	
20200423_225125.467783	0.606762745781	0.2596	-0.440838939219	-0.398	-0.628318530718	0.978	1	
20200423_225125.566779	0.606762745781	0.2604	-0.440838939219	-0.3975	-0.628318530718	0.9879	1	
20200423_225125.666775	0.606762745781	0.2612	-0.440838939219	-0.3969	-0.628318530718	1.0024	1	
20200423_225125.766953	0.606762745781	0.262	-0.440838939219	-0.3965	-0.628318530718	1.0125	1	
20200423_225125.867052	0.606762745781	0.2626	-0.440838939219	-0.3962	-0.628318530718	1.0252	1	
20200423_225125.966972	0.606762745781	0.2632	-0.440838939219	-0.3958	-0.628318530718	1.037	1	
20200423_225126.067128	0.606762745781	0.2637	-0.440838939219	-0.3953	-0.628318530718	1.046	1	
20200423_225126.167015	0.606762745781	0.2641	-0.440838939219	-0.3944	-0.628318530718	1.0529	1	
20200423_225126.266902	0.606762745781	0.2644	-0.440838939219	-0.3938	-0.628318530718	1.0627	1	
20200423_225126.366739	0.606762745781	0.2649	-0.440838939219	-0.3934	-0.628318530718	1.0716	1	
20200423_225126.467341	0.606762745781	0.2654	-0.440838939219	-0.3928	-0.628318530718	1.0815	1	
20200423_225126.566904	0.606762745781	0.2658	-0.440838939219	-0.3921	-0.628318530718	1.0915	1	
20200423_225126.666722	0.606762745781	0.2662	-0.440838939219	-0.3915	-0.628318530718	1.0999	1	
20200423_225126.766893	0.606762745781	0.2668	-0.440838939219	-0.3909	-0.628318530718	1.1077	1	
20200423_225126.866861	0.606762745781	0.2674	-0.440838939219	-0.3904	-0.628318530718	1.1155	1	
20200423_225126.967070	0.606762745781	0.2681	-0.440838939219	-0.3901	-0.628318530718	1.1236	1	
20200423_225127.066799	0.606762745781	0.2685	-0.440838939219	-0.39	-0.628318530718	1.1296	1	
20200423_225127.166824	0.606762745781	0.269	-0.440838939219	-0.39	-0.628318530718	1.1359	1	
20200423_225127.267063	0.606762745781	0.2696	-0.440838939219	-0.3899	-0.628318530718	1.1428	1	
20200423_225127.366828	0.606762745781	0.2703	-0.440838939219	-0.3897	-0.628318530718	1.1522	1	
20200423_225127.467135	0.606762745781	0.2712	-0.440838939219	-0.3896	-0.628318530718	1.1647	1	
20200423_225127.566852	0.606762745781	0.2721	-0.440838939219	-0.3899	-0.628318530718	1.178	1	
20200423_225127.666738	0.606762745781	0.2729	-0.440838939219	-0.39	-0.628318530718	1.1904	1	
20200423_225127.766842	0.606762745781	0.2735	-0.440838939219	-0.39	-0.628318530718	1.1993	1	
20200423_225127.866816	0.606762745781	0.2742	-0.440838939219	-0.39	-0.628318530718	1.2083	1	
20200423_225127.966875	0.606762745781	0.2748	-0.440838939219	-0.3899	-0.628318530718	1.214	1	
20200423_225128.066894	0.606762745781	0.2752	-0.440838939219	-0.3899	-0.628318530718	1.2166	1	
20200423_225128.166771	0.606762745781	0.2754	-0.440838939219	-0.3899	-0.628318530718	1.2176	1	
20200423_225128.266822	0.606762745781	0.2756	-0.440838939219	-0.3898	-0.628318530718	1.2205	1	
20200423_225128.366740	0.606762745781	0.2757	-0.440838939219	-0.3898	-0.628318530718	1.2226	1	
20200423_225128.466859	0.606762745781	0.2758	-0.440838939219	-0.3898	-0.628318530718	1.2253	1	
20200423_225128.566820	0.606762745781	0.2758	-0.440838939219	-0.3898	-0.628318530718	1.2262	1	
20200423_225128.666824	0.606762745781	0.276	-0.440838939219	-0.3897	-0.628318530718	1.2278	1	
20200423_225128.766797	0.606762745781	0.276	-0.440838939219	-0.3896	-0.628318530718	1.2291	1	
20200423_225128.866766	0.606762745781	0.2761	-0.440838939219	-0.3896	-0.628318530718	1.23	1	
20200423_225128.966815	0.606762745781	0.2762	-0.440838939219	-0.3896	-0.628318530718	1.2306	1	
20200423_225129.066843	0.606762745781	0.2764	-0.440838939219	-0.3895	-0.628318530718	1.2312	1	
20200423_225129.166812	0.606762745781	0.2765	-0.440838939219	-0.3896	-0.628318530718	1.2317	1	
20200423_225129.266794	0.606762745781	0.2766	-0.440838939219	-0.3896	-0.628318530718	1.2324	1	
20200423_225129.366737	0.606762745781	0.2767	-0.440838939219	-0.3897	-0.628318530718	1.2334	1	
20200423_225129.466807	0.606762745781	0.2767	-0.440838939219	-0.3896	-0.628318530718	1.2348	1	
20200423_225129.566850	0.606762745781	0.2768	-0.440838939219	-0.3896	-0.628318530718	1.2362	1	
20200423_225129.666681	0.606762745781	0.2769	-0.440838939219	-0.3896	-0.628318530718	1.2378	1	
20200423_225129.766755	0.606762745781	0.277	-0.440838939219	-0.3895	-0.628318530718	1.2389	1	
20200423_225129.866875	0.606762745781	0.277	-0.440838939219	-0.3894	-0.628318530718	1.2397	1	
20200423_225129.966860	0.606762745781	0.2771	-0.440838939219	-0.3893	-0.628318530718	1.2401	1	
20200423_225130.066836	0.606762745781	0.2773	-0.440838939219	-0.3893	-0.628318530718	1.2404	1	
20200423_225130.166796	0.606762745781	0.2774	-0.440838939219	-0.3893	-0.628318530718	1.2405	1	
20200423_225130.266838	0.606762745781	0.2774	-0.440838939219	-0.3892	-0.628318530718	1.2423	1	
20200423_225130.366888	0.606762745781	0.2774	-0.440838939219	-0.3892	-0.628318530718	1.2433	1	
20200423_225130.466822	0.606762745781	0.2776	-0.440838939219	-0.3892	-0.628318530718	1.2451	1	
20200423_225130.566831	0.606762745781	0.2777	-0.440838939219	-0.3893	-0.628318530718	1.247	1	
20200423_225130.666859	0.606762745781	0.2778	-0.440838939219	-0.3892	-0.628318530718	1.2482	1	
20200423_225130.766857	0.606762745781	0.278	-0.440838939219	-0.3892	-0.628318530718	1.2504	1	
20200423_225130.866849	0.606762745781	0.2783	-0.440838939219	-0.3891	-0.628318530718	1.2529	1	
20200423_225130.966858	0.606762745781	0.2785	-0.440838939219	-0.389	-0.628318530718	1.255	1	
20200423_225131.066853	0.606762745781	0.2788	-0.440838939219	-0.3889	-0.628318530718	1.2577	1	
20200423_225131.166865	0.606762745781	0.2791	-0.440838939219	-0.3889	-0.628318530718	1.2604	1	
20200423_225131.266853	0.606762745781	0.2793	-0.440838939219	-0.3888	-0.628318530718	1.2626	1	
20200423_225131.366770	0.606762745781	0.2795	-0.440838939219	-0.3887	-0.628318530718	1.2658	1	
20200423_225131.466812	0.606762745781	0.2798	-0.440838939219	-0.3885	-0.628318530718	1.269	1	
20200423_225131.566761	0.606762745781	0.2801	-0.440838939219	-0.3884	-0.628318530718	1.2738	1	
20200423_225131.666681	0.606762745781	0.2806	-0.440838939219	-0.3882	-0.628318530718	1.2796	1	
20200423_225131.766725	0.606762745781	0.281	-0.440838939219	-0.3882	-0.628318530718	1.2843	1	
20200423_225131.866869	0.606762745781	0.2814	-0.440838939219	-0.3882	-0.628318530718	1.289	1	
20200423_225131.966786	0.606762745781	0.282	-0.440838939219	-0.3881	-0.628318530718	1.2948	1	
20200423_225132.066766	0.606762745781	0.2824	-0.440838939219	-0.388	-0.628318530718	1.2993	1	
20200423_225132.166840	0.606762745781	0.2828	-0.440838939219	-0.3879	-0.628318530718	1.3028	1	
20200423_225132.267056	0.606762745781	0.2831	-0.440838939219	-0.3878	-0.628318530718	1.3054	1	
20200423_225132.366879	0.606762745781	0.2833	-0.440838939219	-0.3878	-0.628318530718	1.3068	1	
20200423_225132.466863	0.606762745781	0.2835	-0.440838939219	-0.3877	-0.628318530718	1.3081	1	
20200423_225132.566732	0.606762745781	0.2836	-0.440838939219	-0.3876	-0.628318530718	1.3096	1	
20200423_225132.666787	0.606762745781	0.2837	-0.440838939219	-0.3875	-0.628318530718	1.3103	1	
20200423_225132.766867	0.606762745781	0.284	-0.440838939219	-0.3875	-0.628318530718	1.3129	1	
20200423_225132.866893	0.606762745781	0.2841	-0.440838939219	-0.3873	-0.628318530718	1.3136	1	
20200423_225132.966982	0.606762745781	0.2844	-0.440838939219	-0.3872	-0.628318530718	1.3173	1	
20200423_225133.066760	0.606762745781	0.2844	-0.440838939219	-0.3871	-0.628318530718	1.3174	1	
20200423_225133.166884	0.606762745781	0.2847	-0.440838939219	-0.3871	-0.628318530718	1.3204	1	
20200423_225133.266866	0.606762745781	0.2846	-0.440838939219	-0.3871	-0.628318530718	1.3198	1	
20200423_225133.366691	0.606762745781	0.2849	-0.440838939219	-0.387	-0.628318530718	1.322	1	
20200423_225133.466772	0.606762745781	0.2847	-0.440838939219	-0.3871	-0.628318530718	1.3216	1	
20200423_225133.566738	0.606762745781	0.2848	-0.440838939219	-0.3872	-0.628318530718	1.3237	1	
20200423_225133.666830	0.606762745781	0.2849	-0.440838939219	-0.387	-0.628318530718	1.3239	1	
20200423_225133.766792	0.606762745781	0.2852	-0.440838939219	-0.3871	-0.628318530718	1.3244	1	
20200423_225133.866831	0.606762745781	0.2854	-0.440838939219	-0.3869	-0.628318530718	1.3252	1	
20200423_225133.966641	0.606762745781	0.2866	-0.440838939219	-0.3865	-0.628318530718	1.3354	1	
20200423_225134.066848	0.606762745781	0.2864	-0.440838939219	-0.3863	-0.628318530718	1.3378	1	
20200423_225134.166829	0.606762745781	0.2896	-0.440838939219	-0.3907	-0.628318530718	1.3568	1	
20200423_225134.266819	0.606762745781	0.2943	-0.440838939219	-0.3852	-0.628318530718	1.3586	1	
20200423_225134.366815	0.606762745781	0.3089	-0.440838939219	-0.3838	-0.628318530718	1.3682	1	
20200423_225134.466770	0.606762745781	0.3207	-0.440838939219	-0.4033	-0.628318530718	1.1464	1	
20200423_225134.566766	0.606762745781	0.3244	-0.440838939219	-0.4316	-0.628318530718	0.777	1	
20200423_225134.666787	0.606762745781	0.3432	-0.440838939219	-0.4438	-0.628318530718	0.4564	1	
20200423_225134.766857	0.606762745781	0.364	-0.440838939219	-0.4438	-0.628318530718	0.1374	1	
20200423_225134.867132	0.606762745781	0.3916	-0.440838939219	-0.4359	-0.628318530718	-0.2706	1	
20200423_225134.966816	0.606762745781	0.4326	-0.440838939219	-0.4113	-0.628318530718	-0.4554	1	
20200423_225135.066795	0.606762745781	0.4407	-0.440838939219	-0.4167	-0.628318530718	-0.4631	1	
20200423_225135.166837	0.606762745781	0.443	-0.440838939219	-0.4188	-0.628318530718	-0.4394	1	
20200423_225135.266876	0.606762745781	0.4504	-0.440838939219	-0.4258	-0.628318530718	-0.364	1	
20200423_225135.366758	0.606762745781	0.4572	-0.440838939219	-0.4315	-0.628318530718	-0.277	1	
20200423_225135.466863	0.606762745781	0.4654	-0.440838939219	-0.4379	-0.628318530718	-0.1994	1	
20200423_225135.566808	0.606762745781	0.4728	-0.440838939219	-0.4434	-0.628318530718	-0.1334	1	
20200423_225135.666836	0.606762745781	0.4806	-0.440838939219	-0.4484	-0.628318530718	-0.0568	1	
20200423_225135.766822	0.606762745781	0.4907	-0.440838939219	-0.4528	-0.628318530718	0.0245	1	
20200423_225135.866868	0.606762745781	0.499	-0.440838939219	-0.4564	-0.628318530718	0.0967	1	
20200423_225135.966905	0.606762745781	0.5101	-0.440838939219	-0.4571	-0.628318530718	0.1293	1	
20200423_225136.066808	0.606762745781	0.5193	-0.440838939219	-0.456	-0.628318530718	0.1364	1	
20200423_225136.166790	0.606762745781	0.5301	-0.440838939219	-0.4541	-0.628318530718	0.1363	1	
20200423_225136.266796	0.606762745781	0.5402	-0.440838939219	-0.4531	-0.628318530718	0.1432	1	
20200423_225136.366851	0.606762745781	0.5479	-0.440838939219	-0.4524	-0.628318530718	0.1426	1	
20200423_225136.466837	0.606762745781	0.559	-0.440838939219	-0.4505	-0.628318530718	0.1406	1	
20200423_225136.566850	0.606762745781	0.5687	-0.440838939219	-0.4487	-0.628318530718	0.1402	1	
20200423_225136.666803	0.606762745781	0.5707	-0.440838939219	-0.4463	-0.628318530718	0.0995	1	
20200423_225136.766864	0.606762745781	0.5735	-0.440838939219	-0.4431	-0.628318530718	0.0403	1	
20200423_225136.866739	0.606762745781	0.5762	-0.440838939219	-0.4403	-0.628318530718	-0.0221	1	
20200423_225136.966983	0.606762745781	0.5771	-0.440838939219	-0.4367	-0.628318530718	-0.0905	1	
20200423_225137.066850	0.606762745781	0.5771	-0.440838939219	-0.4333	-0.628318530718	-0.1653	1	
20200423_225137.166867	0.606762745781	0.5779	-0.440838939219	-0.4303	-0.628318530718	-0.2271	1	
20200423_225137.266771	0.606762745781	0.5793	-0.440838939219	-0.4278	-0.628318530718	-0.2876	1	
20200423_225137.366823	0.606762745781	0.5811	-0.440838939219	-0.4249	-0.628318530718	-0.3491	1	
20200423_225137.466857	0.606762745781	0.5829	-0.440838939219	-0.4225	-0.628318530718	-0.4074	1	
20200423_225137.566816	0.606762745781	0.5847	-0.440838939219	-0.4205	-0.628318530718	-0.465	1	
20200423_225137.666715	0.606762745781	0.5866	-0.440838939219	-0.4183	-0.628318530718	-0.5181	1	
20200423_225137.766867	0.606762745781	0.5885	-0.440838939219	-0.4164	-0.628318530718	-0.5716	1	
20200423_225137.866816	0.606762745781	0.5906	-0.440838939219	-0.4148	-0.628318530718	-0.6235	0	
20200423_225137.867079	0.606762745781	0.5908	-0.440838939219	-0.4147	-0.628318530718	-0.6302	0	
20200423_225137.874086	0.606762745781	0.5909	-0.440838939219	-0.4146	-0.628318530718	-0.6329	0	
20200423_225137.882259	0.606762745781	0.5909	-0.440838939219	-0.4144	-0.628318530718	-0.6351	0	
20200423_225137.890893	0.606762745781	0.591	-0.440838939219	-0.4143	-0.628318530718	-0.637	0	
20200423_225137.898639	0.606762745781	0.591	-0.440838939219	-0.414	-0.628318530718	-0.6394	0	
20200423_225137.907365	0.606762745781	0.591	-0.440838939219	-0.4139	-0.628318530718	-0.6408	0	
20200423_225137.916103	0.606762745781	0.591	-0.440838939219	-0.4138	-0.628318530718	-0.6422	0	
20200423_225137.924055	0.606762745781	0.5911	-0.440838939219	-0.4138	-0.628318530718	-0.6439	0	
20200423_225137.932497	0.606762745781	0.5913	-0.440838939219	-0.4137	-0.628318530718	-0.6463	0	
20200423_225137.940698	0.606762745781	0.5912	-0.440838939219	-0.4137	-0.628318530718	-0.6472	0	
20200423_225137.949008	0.606762745781	0.5916	-0.440838939219	-0.4137	-0.628318530718	-0.6497	0	
20200423_225137.957566	0.606762745781	0.5916	-0.440838939219	-0.4137	-0.628318530718	-0.6506	0	
20200423_225137.965946	0.606762745781	0.5916	-0.440838939219	-0.4135	-0.628318530718	-0.6526	0	
20200423_225137.973906	0.606762745781	0.5916	-0.440838939219	-0.4135	-0.628318530718	-0.6524	0	
20200423_225137.982064	0.606762745781	0.5917	-0.440838939219	-0.4134	-0.628318530718	-0.6537	0	
20200423_225137.990413	0.606762745781	0.5917	-0.440838939219	-0.4134	-0.628318530718	-0.6543	0	
20200423_225137.999380	0.606762745781	0.5917	-0.440838939219	-0.4134	-0.628318530718	-0.655	0	
20200423_225138.007317	0.606762745781	0.5917	-0.440838939219	-0.4134	-0.628318530718	-0.6551	0	
20200423_225138.015770	0.606762745781	0.5918	-0.440838939219	-0.4134	-0.628318530718	-0.6556	0	
20200423_225138.024225	0.606762745781	0.5918	-0.440838939219	-0.4134	-0.628318530718	-0.6551	0	
20200423_225138.032144	0.606762745781	0.5918	-0.440838939219	-0.4134	-0.628318530718	-0.6562	0	
20200423_225138.040529	0.606762745781	0.5918	-0.440838939219	-0.4134	-0.628318530718	-0.6565	0	
20200423_225138.048630	0.606762745781	0.5917	-0.440838939219	-0.4134	-0.628318530718	-0.656	0	
20200423_225138.057311	0.606762745781	0.5917	-0.440838939219	-0.4134	-0.628318530718	-0.6561	0	
20200423_225138.066034	0.606762745781	0.5917	-0.440838939219	-0.4134	-0.628318530718	-0.6561	0	
20200423_225138.073582	0.606762745781	0.5917	-0.440838939219	-0.4134	-0.628318530718	-0.6562	0	
20200423_225138.082210	0.606762745781	0.5917	-0.440838939219	-0.4133	-0.628318530718	-0.6562	0	
20200423_225138.090944	0.606762745781	0.5917	-0.440838939219	-0.4133	-0.628318530718	-0.6563	0	
20200423_225138.099911	0.606762745781	0.5917	-0.440838939219	-0.4133	-0.628318530718	-0.6563	0	
20200423_225138.107092	0.606762745781	0.5917	-0.440838939219	-0.4133	-0.628318530718	-0.6564	0	
20200423_225138.115929	0.606762745781	0.5917	-0.440838939219	-0.4133	-0.628318530718	-0.6567	0	
20200423_225138.123412	0.606762745781	0.5917	-0.440838939219	-0.4133	-0.628318530718	-0.657	0	
20200423_225138.131773	0.606762745781	0.5914	-0.440838939219	-0.4133	-0.628318530718	-0.6556	0	
20200423_225138.139865	0.606762745781	0.5914	-0.440838939219	-0.4132	-0.628318530718	-0.6551	0	
20200423_225138.148247	0.606762745781	0.5917	-0.440838939219	-0.4133	-0.628318530718	-0.6561	0	
20200423_225138.156990	0.606762745781	0.5917	-0.440838939219	-0.4133	-0.628318530718	-0.6561	0	
20200423_225138.165127	0.606762745781	0.5917	-0.440838939219	-0.4133	-0.628318530718	-0.6562	0	
20200423_225138.173696	0.606762745781	0.5917	-0.440838939219	-0.4133	-0.628318530718	-0.6563	0	
20200423_225138.182055	0.606762745781	0.5917	-0.440838939219	-0.4133	-0.628318530718	-0.6567	0	
20200423_225138.190666	0.606762745781	0.5917	-0.440838939219	-0.4133	-0.628318530718	-0.6568	0	
20200423_225138.199499	0.606762745781	0.5917	-0.440838939219	-0.4133	-0.628318530718	-0.6565	0	
20200423_225138.207273	0.606762745781	0.5917	-0.440838939219	-0.4133	-0.628318530718	-0.6568	0	
20200423_225138.216155	0.606762745781	0.5917	-0.440838939219	-0.4133	-0.628318530718	-0.6566	0	
20200423_225138.224000	0.606762745781	0.5917	-0.440838939219	-0.4133	-0.628318530718	-0.6564	0	
20200423_225138.232220	0.606762745781	0.5917	-0.440838939219	-0.4133	-0.628318530718	-0.6565	0	
20200423_225138.241182	0.606762745781	0.5917	-0.440838939219	-0.4133	-0.628318530718	-0.6565	0	
20200423_225138.248817	0.606762745781	0.5917	-0.440838939219	-0.4133	-0.628318530718	-0.6565	0	
20200423_225138.257375	0.606762745781	0.5917	-0.440838939219	-0.4133	-0.628318530718	-0.6554	0	
20200423_225138.265684	0.606762745781	0.5917	-0.440838939219	-0.4133	-0.628318530718	-0.6564	0	
20200423_225138.274286	0.606762745781	0.5917	-0.440838939219	-0.4134	-0.628318530718	-0.6558	0	
20200423_225138.282065	0.606762745781	0.5917	-0.440838939219	-0.4134	-0.628318530718	-0.6558	0	
20200423_225138.290235	0.606762745781	0.5917	-0.440838939219	-0.4133	-0.628318530718	-0.6567	0	
20200423_225138.299345	0.606762745781	0.5917	-0.440838939219	-0.4133	-0.628318530718	-0.6563	0	
20200423_225138.307176	0.606762745781	0.5916	-0.440838939219	-0.4133	-0.628318530718	-0.6561	0	
20200423_225138.315273	0.606762745781	0.5916	-0.440838939219	-0.4132	-0.628318530718	-0.656	0	
20200423_225138.324118	0.606762745781	0.5916	-0.440838939219	-0.4133	-0.628318530718	-0.6561	0	
20200423_225138.332035	0.606762745781	0.5914	-0.440838939219	-0.4132	-0.628318530718	-0.6551	0	
20200423_225138.340188	0.606762745781	0.5914	-0.440838939219	-0.4132	-0.628318530718	-0.6545	0	
20200423_225138.349109	0.606762745781	0.5917	-0.440838939219	-0.4133	-0.628318530718	-0.6567	0	
20200423_225138.357340	0.606762745781	0.5917	-0.440838939219	-0.4134	-0.628318530718	-0.6559	0	
20200423_225138.366036	0.606762745781	0.5917	-0.440838939219	-0.4133	-0.628318530718	-0.656	0	
20200423_225138.374449	0.606762745781	0.5917	-0.440838939219	-0.4133	-0.628318530718	-0.6559	0	
20200423_225138.382610	0.606762745781	0.5917	-0.440838939219	-0.4133	-0.628318530718	-0.6559	0	
20200423_225138.391030	0.606762745781	0.5917	-0.440838939219	-0.4133	-0.628318530718	-0.6558	0	
20200423_225138.398863	0.606762745781	0.5916	-0.440838939219	-0.4132	-0.628318530718	-0.6565	0	
20200423_225138.407605	0.606762745781	0.5917	-0.440838939219	-0.4133	-0.628318530718	-0.6557	0	
20200423_225138.416124	0.606762745781	0.5917	-0.440838939219	-0.4133	-0.628318530718	-0.6565	0	
20200423_225138.424200	0.606762745781	0.5917	-0.440838939219	-0.4133	-0.628318530718	-0.6566	0	
20200423_225138.432829	0.606762745781	0.5917	-0.440838939219	-0.4133	-0.628318530718	-0.6568	0	
20200423_225138.440592	0.606762745781	0.5917	-0.440838939219	-0.4133	-0.628318530718	-0.6569	0	
20200423_225138.449310	0.606762745781	0.5917	-0.440838939219	-0.4133	-0.628318530718	-0.6566	0	
20200423_225138.457298	0.606762745781	0.5917	-0.440838939219	-0.4133	-0.628318530718	-0.6565	0	
20200423_225138.465281	0.606762745781	0.5917	-0.440838939219	-0.4132	-0.628318530718	-0.6566	0	
20200423_225138.473733	0.606762745781	0.5917	-0.440838939219	-0.4132	-0.628318530718	-0.6564	0	
20200423_225138.482175	0.606762745781	0.5916	-0.440838939219	-0.4132	-0.628318530718	-0.6563	0	
20200423_225138.490568	0.606762745781	0.5917	-0.440838939219	-0.4132	-0.628318530718	-0.6564	0	
20200423_225138.498503	0.606762745781	0.5917	-0.440838939219	-0.4133	-0.628318530718	-0.6566	0	
20200423_225138.507453	0.606762745781	0.5917	-0.440838939219	-0.4133	-0.628318530718	-0.6569	0	
20200423_225138.515647	0.606762745781	0.5917	-0.440838939219	-0.4134	-0.628318530718	-0.6561	0	
20200423_225138.524161	0.606762745781	0.5917	-0.440838939219	-0.4133	-0.628318530718	-0.6566	0	
20200423_225138.532345	0.606762745781	0.5914	-0.440838939219	-0.4133	-0.628318530718	-0.6544	0	
20200423_225138.540853	0.606762745781	0.5914	-0.440838939219	-0.4132	-0.628318530718	-0.6545	0	
20200423_225138.549048	0.606762745781	0.5916	-0.440838939219	-0.4133	-0.628318530718	-0.6552	0	
20200423_225138.557399	0.606762745781	0.5916	-0.440838939219	-0.4132	-0.628318530718	-0.6556	0	
20200423_225138.565154	0.606762745781	0.5916	-0.440838939219	-0.4132	-0.628318530718	-0.6561	0	
20200423_225138.573504	0.606762745781	0.5916	-0.440838939219	-0.4133	-0.628318530718	-0.6566	0	
20200423_225138.581664	0.606762745781	0.5917	-0.440838939219	-0.4134	-0.628318530718	-0.656	0	
20200423_225138.590131	0.606762745781	0.5917	-0.440838939219	-0.4133	-0.628318530718	-0.6571	0	
20200423_225138.598307	0.606762745781	0.5917	-0.440838939219	-0.4134	-0.628318530718	-0.6559	0	
20200423_225138.606604	0.606762745781	0.5917	-0.440838939219	-0.4133	-0.628318530718	-0.6557	0	
20200423_225138.615746	0.606762745781	0.5917	-0.440838939219	-0.4133	-0.628318530718	-0.6562	0	
20200423_225138.623242	0.606762745781	0.5916	-0.440838939219	-0.4132	-0.628318530718	-0.6558	0	
20200423_225138.631733	0.606762745781	0.5917	-0.440838939219	-0.4133	-0.628318530718	-0.6552	0	
20200423_225138.640796	0.606762745781	0.5916	-0.440838939219	-0.4133	-0.628318530718	-0.6562	0	
20200423_225138.648880	0.606762745781	0.5917	-0.440838939219	-0.4133	-0.628318530718	-0.6562	0	
20200423_225138.657054	0.606762745781	0.5917	-0.440838939219	-0.4133	-0.628318530718	-0.6566	0	
20200423_225138.665854	0.606762745781	0.5917	-0.440838939219	-0.4134	-0.628318530718	-0.6558	0	
20200423_225138.674483	0.606762745781	0.5917	-0.440838939219	-0.4133	-0.628318530718	-0.6568	0	
20200423_225138.682463	0.606762745781	0.5917	-0.440838939219	-0.4133	-0.628318530718	-0.6567	0	
20200423_225138.690793	0.606762745781	0.5916	-0.440838939219	-0.4133	-0.628318530718	-0.6564	0	
20200423_225138.699309	0.606762745781	0.5916	-0.440838939219	-0.4132	-0.628318530718	-0.6558	0	
20200423_225138.707616	0.606762745781	0.5916	-0.440838939219	-0.4132	-0.628318530718	-0.6558	0	
20200423_225138.715342	0.606762745781	0.5916	-0.440838939219	-0.4132	-0.628318530718	-0.6557	0	
20200423_225138.724170	0.606762745781	0.5916	-0.440838939219	-0.4132	-0.628318530718	-0.656	0	
20200423_225138.732428	0.606762745781	0.5914	-0.440838939219	-0.4132	-0.628318530718	-0.6552	0	
20200423_225138.740600	0.606762745781	0.5914	-0.440838939219	-0.4132	-0.628318530718	-0.6555	0	
20200423_225138.748996	0.606762745781	0.5917	-0.440838939219	-0.4133	-0.628318530718	-0.6571	0	
20200423_225138.757188	0.606762745781	0.5916	-0.440838939219	-0.4133	-0.628318530718	-0.6568	0	
20200423_225138.765637	0.606762745781	0.5916	-0.440838939219	-0.4132	-0.628318530718	-0.6566	0	
20200423_225138.774758	0.606762745781	0.5917	-0.440838939219	-0.4133	-0.628318530718	-0.6554	0	
20200423_225138.782441	0.606762745781	0.5916	-0.440838939219	-0.4132	-0.628318530718	-0.6551	0	
20200423_225138.790569	0.606762745781	0.5916	-0.440838939219	-0.4133	-0.628318530718	-0.6552	0	
20200423_225138.799046	0.606762745781	0.5916	-0.440838939219	-0.4133	-0.628318530718	-0.6552	0	
20200423_225138.806911	0.606762745781	0.5917	-0.440838939219	-0.4133	-0.628318530718	-0.6558	0	
20200423_225138.815556	0.606762745781	0.5916	-0.440838939219	-0.4133	-0.628318530718	-0.6569	0	
20200423_225138.824125	0.606762745781	0.5917	-0.440838939219	-0.4133	-0.628318530718	-0.6572	0	
20200423_225138.832487	0.606762745781	0.5917	-0.440838939219	-0.4133	-0.628318530718	-0.657	0	
20200423_225138.840375	0.606762745781	0.5916	-0.440838939219	-0.4133	-0.628318530718	-0.6567	0	
20200423_225138.848702	0.606762745781	0.5916	-0.440838939219	-0.4132	-0.628318530718	-0.6562	0	
20200423_225138.857633	0.606762745781	0.5916	-0.440838939219	-0.4132	-0.628318530718	-0.6559	0	
20200423_225138.865625	0.606762745781	0.5916	-0.440838939219	-0.4132	-0.628318530718	-0.656	0	
20200423_225138.873799	0.606762745781	0.5916	-0.440838939219	-0.4132	-0.628318530718	-0.656	0	
20200423_225138.881670	0.606762745781	0.5917	-0.440838939219	-0.4133	-0.628318530718	-0.6553	0	
20200423_225138.890230	0.606762745781	0.5917	-0.440838939219	-0.4132	-0.628318530718	-0.6568	0	
20200423_225138.899042	0.606762745781	0.5917	-0.440838939219	-0.4134	-0.628318530718	-0.656	0	
20200423_225138.907230	0.606762745781	0.5917	-0.440838939219	-0.4133	-0.628318530718	-0.6573	0	
20200423_225138.915581	0.606762745781	0.5916	-0.440838939219	-0.4133	-0.628318530718	-0.6572	0	
20200423_225138.924161	0.606762745781	0.5916	-0.440838939219	-0.4132	-0.628318530718	-0.6565	0	
20200423_225138.932720	0.606762745781	0.5913	-0.440838939219	-0.4131	-0.628318530718	-0.6551	0	
20200423_225138.940362	0.606762745781	0.5913	-0.440838939219	-0.4131	-0.628318530718	-0.6548	0	
20200423_225138.948580	0.606762745781	0.5916	-0.440838939219	-0.4132	-0.628318530718	-0.6558	0	
20200423_225138.957046	0.606762745781	0.5916	-0.440838939219	-0.4132	-0.628318530718	-0.6561	0	
20200423_225138.965176	0.606762745781	0.5916	-0.440838939219	-0.4133	-0.628318530718	-0.6567	0	
20200423_225138.973963	0.606762745781	0.5916	-0.440838939219	-0.4133	-0.628318530718	-0.6571	0	
20200423_225138.981971	0.606762745781	0.5916	-0.440838939219	-0.4133	-0.628318530718	-0.6571	0	
20200423_225138.991622	0.606762745781	0.5916	-0.440838939219	-0.4133	-0.628318530718	-0.6568	0	
20200423_225139.000233	0.606762745781	0.5916	-0.440838939219	-0.4132	-0.628318530718	-0.6567	0	
20200423_225139.007358	0.606762745781	0.5916	-0.440838939219	-0.4132	-0.628318530718	-0.6562	0	
20200423_225139.017374	0.606762745781	0.5916	-0.440838939219	-0.4132	-0.628318530718	-0.6559	0	
20200423_225139.024506	0.606762745781	0.5916	-0.440838939219	-0.4132	-0.628318530718	-0.6562	0	
20200423_225139.032446	0.606762745781	0.5916	-0.440838939219	-0.4132	-0.628318530718	-0.6563	0	
20200423_225139.041383	0.606762745781	0.5916	-0.440838939219	-0.4133	-0.628318530718	-0.6566	0	
20200423_225139.048545	0.606762745781	0.5916	-0.440838939219	-0.4133	-0.628318530718	-0.6569	0	
20200423_225139.057393	0.606762745781	0.5916	-0.440838939219	-0.4133	-0.628318530718	-0.6577	0	
