Time	X_Setpt	X_FB	Y_Setpt	Y_FB	Theta_Setpt	Theta_FB	Motion Status	
20200424_211917.691336	1.83697019872e-17	0.4599	0.3	1.331	1.57079632679	1.2108	1	
20200424_211917.782595	1.83697019872e-17	0.4599	0.3	1.331	1.57079632679	1.2108	1	
20200424_211917.882649	1.83697019872e-17	0.461	0.3	1.3339	1.57079632679	1.2504	1	
20200424_211917.982545	1.83697019872e-17	0.4614	0.3	1.3345	1.57079632679	1.2509	1	
20200424_211918.082607	1.83697019872e-17	0.4681	0.3	1.3465	1.57079632679	1.3702	1	
20200424_211918.182572	1.83697019872e-17	0.4681	0.3	1.3465	1.57079632679	1.3702	1	
20200424_211918.282512	1.83697019872e-17	0.4681	0.3	1.3465	1.57079632679	1.3702	1	
20200424_211918.382599	1.83697019872e-17	0.4681	0.3	1.3465	1.57079632679	1.3702	1	
20200424_211918.482590	1.83697019872e-17	0.4681	0.3	1.3465	1.57079632679	1.3702	1	
20200424_211918.582464	1.83697019872e-17	0.4726	0.3	1.3948	1.57079632679	1.9859	1	
20200424_211918.682575	1.83697019872e-17	0.4692	0.3	1.4063	1.57079632679	2.1083	1	
20200424_211918.782373	1.83697019872e-17	0.4676	0.3	1.4143	1.57079632679	2.2258	1	
20200424_211918.882469	1.83697019872e-17	0.4624	0.3	1.4227	1.57079632679	2.3332	1	
20200424_211918.982551	1.83697019872e-17	0.4624	0.3	1.4227	1.57079632679	2.3332	1	
20200424_211919.082629	1.83697019872e-17	0.4624	0.3	1.4227	1.57079632679	2.3332	1	
20200424_211919.182511	1.83697019872e-17	0.4624	0.3	1.4227	1.57079632679	2.3332	1	
20200424_211919.282595	1.83697019872e-17	0.4624	0.3	1.4227	1.57079632679	2.3332	1	
20200424_211919.382630	1.83697019872e-17	0.4624	0.3	1.4227	1.57079632679	2.3332	1	
20200424_211919.482709	1.83697019872e-17	0.4624	0.3	1.4227	1.57079632679	2.3332	1	
20200424_211919.582572	1.83697019872e-17	0.4624	0.3	1.4227	1.57079632679	2.3332	1	
20200424_211919.682411	1.83697019872e-17	0.3986	0.3	1.4633	1.57079632679	-3.0408	1	
20200424_211919.782408	1.83697019872e-17	0.3986	0.3	1.4633	1.57079632679	-3.0408	1	
20200424_211919.882596	1.83697019872e-17	0.3986	0.3	1.4633	1.57079632679	-3.0408	1	
20200424_211919.982631	1.83697019872e-17	0.3986	0.3	1.4633	1.57079632679	-3.0408	1	
20200424_211920.082553	1.83697019872e-17	0.3986	0.3	1.4633	1.57079632679	-3.0408	1	
20200424_211920.182643	1.83697019872e-17	0.3469	0.3	1.4522	1.57079632679	-2.3943	1	
20200424_211920.282569	1.83697019872e-17	0.3381	0.3	1.4454	1.57079632679	-2.2763	1	
20200424_211920.382595	1.83697019872e-17	0.3305	0.3	1.4393	1.57079632679	-2.1573	1	
20200424_211920.482594	1.83697019872e-17	0.3289	0.3	1.4372	1.57079632679	-2.1235	1	
20200424_211920.582459	1.83697019872e-17	0.3181	0.3	1.4222	1.57079632679	-2.0075	1	
20200424_211920.682601	1.83697019872e-17	0.3113	0.3	1.4081	1.57079632679	-1.9497	1	
20200424_211920.782641	-0.386597724459	0.3067	1.18982545208	1.3981	1.88495559215	-1.9171	1	
20200424_211920.882604	-0.386597724459	0.3021	1.18982545208	1.3803	1.88495559215	-1.9676	1	
20200424_211920.982584	-0.386597724459	0.3005	1.18982545208	1.3713	1.88495559215	-2.0565	1	
20200424_211921.082576	-0.386597724459	0.2982	1.18982545208	1.3615	1.88495559215	-2.1721	1	
20200424_211921.182444	-0.386597724459	0.2964	1.18982545208	1.3552	1.88495559215	-2.2425	1	
20200424_211921.282503	-0.386597724459	0.2921	1.18982545208	1.3456	1.88495559215	-2.3905	1	
20200424_211921.382600	-0.386597724459	0.2864	1.18982545208	1.3397	1.88495559215	-2.5194	1	
20200424_211921.482630	-0.386597724459	0.2825	1.18982545208	1.3329	1.88495559215	-2.615	1	
20200424_211921.582460	-0.386597724459	0.2825	1.18982545208	1.3329	1.88495559215	-2.615	1	
20200424_211921.682610	-0.386597724459	0.2825	1.18982545208	1.3329	1.88495559215	-2.615	1	
20200424_211921.782573	-0.386597724459	0.2825	1.18982545208	1.3329	1.88495559215	-2.615	1	
20200424_211921.882574	-0.386597724459	0.2825	1.18982545208	1.3329	1.88495559215	-2.615	1	
20200424_211921.982621	-0.386597724459	0.227	1.18982545208	1.3034	1.88495559215	-2.9492	1	
20200424_211922.082633	-0.386597724459	0.2188	1.18982545208	1.2993	1.88495559215	-3.0138	1	
20200424_211922.182626	-0.386597724459	0.1946	1.18982545208	1.2962	1.88495559215	-3.0174	1	
20200424_211922.282591	-0.386597724459	0.1777	1.18982545208	1.2929	1.88495559215	-3.0325	1	
20200424_211922.382589	-0.386597724459	0.1557	1.18982545208	1.2906	1.88495559215	-3.0175	1	
20200424_211922.482552	-0.386597724459	0.1384	1.18982545208	1.2864	1.88495559215	-3.0473	1	
20200424_211922.582476	-0.386597724459	0.1207	1.18982545208	1.2846	1.88495559215	-3.0118	1	
20200424_211922.682568	-0.386597724459	0.0988	1.18982545208	1.2808	1.88495559215	-3.0134	1	
20200424_211922.782550	-0.386597724459	0.0814	1.18982545208	1.2786	1.88495559215	-2.9976	1	
20200424_211922.882625	-0.386597724459	0.0603	1.18982545208	1.2746	1.88495559215	-2.9994	1	
20200424_211922.982624	-0.386597724459	0.0412	1.18982545208	1.2712	1.88495559215	-2.9873	1	
20200424_211923.082632	-0.386597724459	0.0227	1.18982545208	1.2673	1.88495559215	-3.0027	1	
20200424_211923.182626	-0.386597724459	0.0034	1.18982545208	1.2648	1.88495559215	-2.9837	1	
20200424_211923.282621	-0.386597724459	-0.0173	1.18982545208	1.2601	1.88495559215	-2.9952	1	
20200424_211923.382567	-0.386597724459	-0.0357	1.18982545208	1.2571	1.88495559215	-2.9835	1	
20200424_211923.482453	-0.386597724459	-0.0552	1.18982545208	1.2527	1.88495559215	-2.9924	1	
20200424_211923.582459	-0.386597724459	-0.0738	1.18982545208	1.2499	1.88495559215	-3.0106	1	
20200424_211923.682548	-0.386597724459	-0.0921	1.18982545208	1.2479	1.88495559215	-2.9839	1	
20200424_211923.782523	-0.5218270785	-0.1124	0.71823335646	1.2448	2.19911485751	-2.9509	1	
20200424_211923.882563	-0.5218270785	-0.1275	0.71823335646	1.2405	2.19911485751	-2.9571	1	
20200424_211923.982563	-0.5218270785	-0.1432	0.71823335646	1.2392	2.19911485751	-2.9101	1	
20200424_211924.082383	-0.5218270785	-0.1495	0.71823335646	1.239	2.19911485751	-2.8468	1	
20200424_211924.182550	-0.5218270785	-0.1632	0.71823335646	1.2368	2.19911485751	-2.6904	1	
20200424_211924.282522	-0.5218270785	-0.1744	0.71823335646	1.2326	2.19911485751	-2.5792	1	
20200424_211924.382580	-0.5218270785	-0.1833	0.71823335646	1.229	2.19911485751	-2.4538	1	
20200424_211924.482558	-0.5218270785	-0.1917	0.71823335646	1.2229	2.19911485751	-2.3619	1	
20200424_211924.582461	-0.5218270785	-0.203	0.71823335646	1.215	2.19911485751	-2.2663	1	
20200424_211924.682518	-0.5218270785	-0.2122	0.71823335646	1.203	2.19911485751	-2.2193	1	
20200424_211924.782631	-0.5218270785	-0.2233	0.71823335646	1.1915	2.19911485751	-2.1675	1	
20200424_211924.882552	-0.5218270785	-0.2323	0.71823335646	1.1743	2.19911485751	-2.1545	1	
20200424_211924.982557	-0.5218270785	-0.2417	0.71823335646	1.1584	2.19911485751	-2.1433	1	
20200424_211925.082530	-0.5218270785	-0.2527	0.71823335646	1.1425	2.19911485751	-2.1381	1	
20200424_211925.182583	-0.5218270785	-0.2609	0.71823335646	1.1276	2.19911485751	-2.1418	1	
20200424_211925.282712	-0.5218270785	-0.2722	0.71823335646	1.1106	2.19911485751	-2.1363	1	
20200424_211925.382601	-0.5218270785	-0.2803	0.71823335646	1.0932	2.19911485751	-2.144	1	
20200424_211925.482496	-0.5218270785	-0.2917	0.71823335646	1.0784	2.19911485751	-2.1343	1	
20200424_211925.582464	-0.5218270785	-0.3024	0.71823335646	1.0613	2.19911485751	-2.1282	1	
20200424_211925.682591	-0.5218270785	-0.3107	0.71823335646	1.0454	2.19911485751	-2.1213	1	
20200424_211925.782596	-0.5218270785	-0.3202	0.71823335646	1.0279	2.19911485751	-2.1274	1	
20200424_211925.882517	-0.5218270785	-0.3306	0.71823335646	1.0106	2.19911485751	-2.1197	1	
20200424_211925.982569	-0.5218270785	-0.3409	0.71823335646	0.9943	2.19911485751	-2.1186	1	
20200424_211926.082608	-0.5218270785	-0.3498	0.71823335646	0.9771	2.19911485751	-2.1163	1	
20200424_211926.182660	-0.5218270785	-0.3587	0.71823335646	0.9598	2.19911485751	-2.1144	1	
20200424_211926.282580	-0.5218270785	-0.3693	0.71823335646	0.9435	2.19911485751	-2.0978	1	
20200424_211926.382425	-0.5218270785	-0.3776	0.71823335646	0.927	2.19911485751	-2.1097	1	
20200424_211926.482641	-0.5218270785	-0.3873	0.71823335646	0.9093	2.19911485751	-2.1021	1	
20200424_211926.582413	-0.5218270785	-0.3964	0.71823335646	0.8923	2.19911485751	-2.1019	1	
20200424_211926.682532	-0.5218270785	-0.406	0.71823335646	0.875	2.19911485751	-2.1006	1	
20200424_211926.782659	-0.71823335646	-0.4156	0.5218270785	0.8584	2.51327412287	-2.0899	1	
20200424_211926.882606	-0.71823335646	-0.4225	0.5218270785	0.8445	2.51327412287	-2.1171	1	
20200424_211926.982635	-0.71823335646	-0.43	0.5218270785	0.8303	2.51327412287	-2.1628	1	
20200424_211927.082675	-0.71823335646	-0.4384	0.5218270785	0.8158	2.51327412287	-2.1841	1	
20200424_211927.182460	-0.71823335646	-0.4466	0.5218270785	0.8023	2.51327412287	-2.2028	1	
20200424_211927.282595	-0.71823335646	-0.4563	0.5218270785	0.7869	2.51327412287	-2.226	1	
20200424_211927.382645	-0.71823335646	-0.4652	0.5218270785	0.7744	2.51327412287	-2.2441	1	
20200424_211927.482615	-0.71823335646	-0.4752	0.5218270785	0.7603	2.51327412287	-2.2678	1	
20200424_211927.582471	-0.71823335646	-0.4869	0.5218270785	0.7459	2.51327412287	-2.2734	1	
20200424_211927.682602	-0.71823335646	-0.4971	0.5218270785	0.7327	2.51327412287	-2.2916	1	
20200424_211927.782574	-0.71823335646	-0.5101	0.5218270785	0.7171	2.51327412287	-2.2933	1	
20200424_211927.882589	-0.71823335646	-0.523	0.5218270785	0.7021	2.51327412287	-2.298	1	
20200424_211927.982643	-0.71823335646	-0.5342	0.5218270785	0.6869	2.51327412287	-2.3106	1	
20200424_211928.082632	-0.71823335646	-0.5477	0.5218270785	0.6715	2.51327412287	-2.3215	1	
20200424_211928.182645	-0.71823335646	-0.5582	0.5218270785	0.658	2.51327412287	-2.3402	1	
20200424_211928.282671	-0.71823335646	-0.572	0.5218270785	0.6436	2.51327412287	-2.3443	1	
20200424_211928.382558	-0.71823335646	-0.5828	0.5218270785	0.6311	2.51327412287	-2.3508	1	
20200424_211928.482421	-0.71823335646	-0.5944	0.5218270785	0.6184	2.51327412287	-2.3704	1	
20200424_211928.582413	-0.71823335646	-0.6047	0.5218270785	0.6067	2.51327412287	-2.4061	1	
20200424_211928.682521	-0.71823335646	-0.6163	0.5218270785	0.5954	2.51327412287	-2.4422	1	
20200424_211928.782652	-0.71823335646	-0.626	0.5218270785	0.5862	2.51327412287	-2.4874	1	
20200424_211928.882628	-0.71823335646	-0.6362	0.5218270785	0.5774	2.51327412287	-2.5073	1	
20200424_211928.982579	-0.71823335646	-0.6448	0.5218270785	0.5708	2.51327412287	-2.5095	1	
20200424_211929.082557	-0.71823335646	-0.6512	0.5218270785	0.5663	2.51327412287	-2.5113	1	
20200424_211929.182609	-0.71823335646	-0.6591	0.5218270785	0.56	2.51327412287	-2.5057	1	
20200424_211929.282694	-0.71823335646	-0.6657	0.5218270785	0.555	2.51327412287	-2.5129	1	
20200424_211929.382626	-0.71823335646	-0.6672	0.5218270785	0.5526	2.51327412287	-2.5674	1	
20200424_211929.482532	-0.71823335646	-0.6672	0.5218270785	0.5507	2.51327412287	-2.6358	1	
20200424_211929.582437	-0.71823335646	-0.6667	0.5218270785	0.5489	2.51327412287	-2.716	1	
20200424_211929.682808	-0.71823335646	-0.6653	0.5218270785	0.5477	2.51327412287	-2.7919	1	
20200424_211929.782573	-1.18982545208	-0.664	0.386597724459	0.5477	2.82743338823	-2.855	1	
20200424_211929.882453	-1.18982545208	-0.6691	0.386597724459	0.5468	2.82743338823	-2.8446	1	
20200424_211929.982501	-1.18982545208	-0.6817	0.386597724459	0.5417	2.82743338823	-2.8337	1	
20200424_211930.082581	-1.18982545208	-0.7003	0.386597724459	0.5351	2.82743338823	-2.8269	1	
20200424_211930.182547	-1.18982545208	-0.7191	0.386597724459	0.5287	2.82743338823	-2.8208	1	
20200424_211930.282489	-1.18982545208	-0.7362	0.386597724459	0.5213	2.82743338823	-2.8269	1	
20200424_211930.382437	-1.18982545208	-0.754	0.386597724459	0.5146	2.82743338823	-2.8293	1	
20200424_211930.482547	-1.18982545208	-0.7727	0.386597724459	0.5078	2.82743338823	-2.8351	1	
20200424_211930.582424	-1.18982545208	-0.7916	0.386597724459	0.5011	2.82743338823	-2.8327	1	
20200424_211930.682457	-1.18982545208	-0.8082	0.386597724459	0.4952	2.82743338823	-2.8336	1	
20200424_211930.782574	-1.18982545208	-0.8263	0.386597724459	0.4889	2.82743338823	-2.8241	1	
20200424_211930.882639	-1.18982545208	-0.8447	0.386597724459	0.4822	2.82743338823	-2.8272	1	
20200424_211930.982599	-1.18982545208	-0.864	0.386597724459	0.476	2.82743338823	-2.8225	1	
20200424_211931.082575	-1.18982545208	-0.8821	0.386597724459	0.4692	2.82743338823	-2.8209	1	
20200424_211931.182510	-1.18982545208	-0.8988	0.386597724459	0.4625	2.82743338823	-2.814	1	
20200424_211931.282470	-1.18982545208	-0.9179	0.386597724459	0.4554	2.82743338823	-2.8131	1	
20200424_211931.382556	-1.18982545208	-0.9357	0.386597724459	0.4484	2.82743338823	-2.814	1	
20200424_211931.482630	-1.18982545208	-0.9521	0.386597724459	0.4415	2.82743338823	-2.8151	1	
20200424_211931.582465	-1.18982545208	-0.9702	0.386597724459	0.4349	2.82743338823	-2.8128	1	
20200424_211931.682521	-1.18982545208	-0.9882	0.386597724459	0.4275	2.82743338823	-2.8249	1	
20200424_211931.782572	-1.18982545208	-1.0041	0.386597724459	0.4214	2.82743338823	-2.8347	1	
20200424_211931.882587	-1.18982545208	-1.0199	0.386597724459	0.415	2.82743338823	-2.8534	1	
20200424_211931.982586	-1.18982545208	-1.0361	0.386597724459	0.41	2.82743338823	-2.8831	1	
20200424_211932.082571	-1.18982545208	-1.0521	0.386597724459	0.4043	2.82743338823	-2.9152	1	
20200424_211932.182580	-1.18982545208	-1.0659	0.386597724459	0.4003	2.82743338823	-2.9553	1	
20200424_211932.282624	-1.18982545208	-1.0788	0.386597724459	0.3966	2.82743338823	-3.0007	1	
20200424_211932.382560	-1.18982545208	-1.0927	0.386597724459	0.394	2.82743338823	-3.0205	1	
20200424_211932.482530	-1.18982545208	-1.1031	0.386597724459	0.3927	2.82743338823	-3.0333	1	
20200424_211932.582461	-1.18982545208	-1.1135	0.386597724459	0.3906	2.82743338823	-3.0355	1	
20200424_211932.682587	-1.18982545208	-1.1217	0.386597724459	0.3897	2.82743338823	-3.0383	1	
20200424_211932.782660	-0.3	-1.1266	3.67394039744e-17	0.3888	3.14159265359	-3.0597	1	
20200424_211932.882486	-0.3	-1.1328	3.67394039744e-17	0.3888	3.14159265359	-3.0121	1	
20200424_211932.982547	-0.3	-1.1418	3.67394039744e-17	0.3886	3.14159265359	-2.9151	1	
20200424_211933.082583	-0.3	-1.1501	3.67394039744e-17	0.3883	3.14159265359	-2.8029	1	
20200424_211933.182662	-0.3	-1.16	3.67394039744e-17	0.3862	3.14159265359	-2.6927	1	
20200424_211933.282640	-0.3	-1.1702	3.67394039744e-17	0.384	3.14159265359	-2.5683	1	
20200424_211933.382536	-0.3	-1.1798	3.67394039744e-17	0.3798	3.14159265359	-2.4492	1	
20200424_211933.482585	-0.3	-1.1873	3.67394039744e-17	0.3757	3.14159265359	-2.3312	1	
20200424_211933.582366	-0.3	-1.1957	3.67394039744e-17	0.3696	3.14159265359	-2.2109	1	
20200424_211933.682582	-0.3	-1.2029	3.67394039744e-17	0.363	3.14159265359	-2.0918	1	
20200424_211933.782609	-0.3	-1.2097	3.67394039744e-17	0.3549	3.14159265359	-1.9815	1	
20200424_211933.882569	-0.3	-1.215	3.67394039744e-17	0.348	3.14159265359	-1.8608	1	
20200424_211933.982620	-0.3	-1.2193	3.67394039744e-17	0.3384	3.14159265359	-1.7467	1	
20200424_211934.082648	-0.3	-1.2238	3.67394039744e-17	0.3279	3.14159265359	-1.6214	1	
20200424_211934.182584	-0.3	-1.2266	3.67394039744e-17	0.3177	3.14159265359	-1.4979	1	
20200424_211934.282630	-0.3	-1.2275	3.67394039744e-17	0.3077	3.14159265359	-1.3668	1	
20200424_211934.382460	-0.3	-1.2273	3.67394039744e-17	0.298	3.14159265359	-1.2536	1	
20200424_211934.482531	-0.3	-1.2259	3.67394039744e-17	0.2882	3.14159265359	-1.1371	1	
20200424_211934.582400	-0.3	-1.2238	3.67394039744e-17	0.2797	3.14159265359	-1.0193	1	
20200424_211934.682644	-0.3	-1.2197	3.67394039744e-17	0.2705	3.14159265359	-0.9024	1	
20200424_211934.782446	-0.3	-1.2158	3.67394039744e-17	0.2618	3.14159265359	-0.7802	1	
20200424_211934.882591	-0.3	-1.2096	3.67394039744e-17	0.2534	3.14159265359	-0.6624	1	
20200424_211934.982648	-0.3	-1.2019	3.67394039744e-17	0.2453	3.14159265359	-0.5578	1	
20200424_211935.082561	-0.3	-1.1933	3.67394039744e-17	0.2388	3.14159265359	-0.4642	1	
20200424_211935.182543	-0.3	-1.1796	3.67394039744e-17	0.2308	3.14159265359	-0.3966	1	
20200424_211935.282508	-0.3	-1.1654	3.67394039744e-17	0.2241	3.14159265359	-0.3529	1	
20200424_211935.382536	-0.3	-1.1486	3.67394039744e-17	0.2174	3.14159265359	-0.3197	1	
20200424_211935.482614	-0.3	-1.1317	3.67394039744e-17	0.2131	3.14159265359	-0.3129	1	
20200424_211935.582481	-0.3	-1.1125	3.67394039744e-17	0.2083	3.14159265359	-0.3125	1	
20200424_211935.682589	-0.3	-1.0935	3.67394039744e-17	0.2018	3.14159265359	-0.3055	1	
20200424_211935.782532	-1.18982545208	-1.075	-0.386597724459	0.1968	-2.82743338823	-0.3122	1	
20200424_211935.882546	-1.18982545208	-1.0611	-0.386597724459	0.1947	-2.82743338823	-0.3856	1	
20200424_211935.982607	-1.18982545208	-1.0534	-0.386597724459	0.1937	-2.82743338823	-0.5006	1	
20200424_211936.082576	-1.18982545208	-1.0435	-0.386597724459	0.1907	-2.82743338823	-0.6114	1	
20200424_211936.182618	-1.18982545208	-1.0355	-0.386597724459	0.188	-2.82743338823	-0.721	1	
20200424_211936.282532	-1.18982545208	-1.0277	-0.386597724459	0.1842	-2.82743338823	-0.8326	1	
20200424_211936.382502	-1.18982545208	-1.0204	-0.386597724459	0.1801	-2.82743338823	-0.9518	1	
20200424_211936.482624	-1.18982545208	-1.0141	-0.386597724459	0.1741	-2.82743338823	-1.0676	1	
20200424_211936.582453	-1.18982545208	-1.0078	-0.386597724459	0.1676	-2.82743338823	-1.1788	1	
20200424_211936.682611	-1.18982545208	-1.0025	-0.386597724459	0.1604	-2.82743338823	-1.2968	1	
20200424_211936.782542	-1.18982545208	-0.9977	-0.386597724459	0.1537	-2.82743338823	-1.4152	1	
20200424_211936.882625	-1.18982545208	-0.9948	-0.386597724459	0.1453	-2.82743338823	-1.5328	1	
20200424_211936.982606	-1.18982545208	-0.9922	-0.386597724459	0.1371	-2.82743338823	-1.6418	1	
20200424_211937.082637	-1.18982545208	-0.9913	-0.386597724459	0.1285	-2.82743338823	-1.7034	1	
20200424_211937.182605	-1.18982545208	-0.9918	-0.386597724459	0.1157	-2.82743338823	-1.7626	1	
20200424_211937.282615	-1.18982545208	-0.9943	-0.386597724459	0.1012	-2.82743338823	-1.7985	1	
20200424_211937.382547	-1.18982545208	-0.9961	-0.386597724459	0.0855	-2.82743338823	-1.8475	1	
20200424_211937.482582	-1.18982545208	-0.9991	-0.386597724459	0.0675	-2.82743338823	-1.8828	1	
20200424_211937.582395	-1.18982545208	-1.004	-0.386597724459	0.0517	-2.82743338823	-1.8873	1	
20200424_211937.682507	-1.18982545208	-1.0099	-0.386597724459	0.0323	-2.82743338823	-1.8687	1	
20200424_211937.782673	-1.18982545208	-1.0157	-0.386597724459	0.0152	-2.82743338823	-1.8729	1	
20200424_211937.882643	-1.18982545208	-1.0207	-0.386597724459	-0.0041	-2.82743338823	-1.8838	1	
20200424_211937.982599	-1.18982545208	-1.0253	-0.386597724459	-0.0206	-2.82743338823	-1.8885	1	
20200424_211938.082654	-1.18982545208	-1.0296	-0.386597724459	-0.037	-2.82743338823	-1.9034	1	
20200424_211938.182545	-1.18982545208	-1.0352	-0.386597724459	-0.0541	-2.82743338823	-1.9116	1	
20200424_211938.282574	-1.18982545208	-1.0413	-0.386597724459	-0.0722	-2.82743338823	-1.9164	1	
20200424_211938.382524	-1.18982545208	-1.0464	-0.386597724459	-0.0891	-2.82743338823	-1.9283	1	
20200424_211938.482487	-1.18982545208	-1.0528	-0.386597724459	-0.1069	-2.82743338823	-1.9423	1	
20200424_211938.582467	-1.18982545208	-1.0582	-0.386597724459	-0.1241	-2.82743338823	-1.9434	1	
20200424_211938.682572	-1.18982545208	-1.0658	-0.386597724459	-0.1428	-2.82743338823	-1.9466	1	
20200424_211938.782619	-0.71823335646	-1.0722	-0.5218270785	-0.1609	-2.51327412287	-1.9457	1	
20200424_211938.882650	-0.71823335646	-1.078	-0.5218270785	-0.1751	-2.51327412287	-1.8958	1	
20200424_211938.982639	-0.71823335646	-1.0832	-0.5218270785	-0.1855	-2.51327412287	-1.7873	1	
20200424_211939.082623	-0.71823335646	-1.0876	-0.5218270785	-0.1948	-2.51327412287	-1.6756	1	
20200424_211939.182575	-0.71823335646	-1.0895	-0.5218270785	-0.2046	-2.51327412287	-1.564	1	
20200424_211939.282621	-0.71823335646	-1.0907	-0.5218270785	-0.2129	-2.51327412287	-1.4469	1	
20200424_211939.382609	-0.71823335646	-1.091	-0.5218270785	-0.2228	-2.51327412287	-1.3224	1	
20200424_211939.482554	-0.71823335646	-1.0897	-0.5218270785	-0.2328	-2.51327412287	-1.2006	1	
20200424_211939.582458	-0.71823335646	-1.0878	-0.5218270785	-0.2414	-2.51327412287	-1.0772	1	
20200424_211939.682572	-0.71823335646	-1.0838	-0.5218270785	-0.2511	-2.51327412287	-0.9715	1	
20200424_211939.782631	-0.71823335646	-1.0793	-0.5218270785	-0.2597	-2.51327412287	-0.8675	1	
20200424_211939.882613	-0.71823335646	-1.0713	-0.5218270785	-0.2712	-2.51327412287	-0.7925	1	
20200424_211939.982491	-0.71823335646	-1.0623	-0.5218270785	-0.2817	-2.51327412287	-0.7371	1	
20200424_211940.082599	-0.71823335646	-1.053	-0.5218270785	-0.2899	-2.51327412287	-0.716	1	
20200424_211940.182637	-0.71823335646	-1.04	-0.5218270785	-0.3015	-2.51327412287	-0.6984	1	
20200424_211940.282563	-0.71823335646	-1.0262	-0.5218270785	-0.3127	-2.51327412287	-0.6837	1	
20200424_211940.382590	-0.71823335646	-1.0123	-0.5218270785	-0.3234	-2.51327412287	-0.6873	1	
20200424_211940.482508	-0.71823335646	-0.9958	-0.5218270785	-0.336	-2.51327412287	-0.6783	1	
20200424_211940.582478	-0.71823335646	-0.9821	-0.5218270785	-0.3477	-2.51327412287	-0.6678	1	
20200424_211940.682580	-0.71823335646	-0.9665	-0.5218270785	-0.3588	-2.51327412287	-0.6659	1	
20200424_211940.782613	-0.71823335646	-0.9504	-0.5218270785	-0.3705	-2.51327412287	-0.6681	1	
20200424_211940.882630	-0.71823335646	-0.9346	-0.5218270785	-0.3815	-2.51327412287	-0.6633	1	
20200424_211940.982626	-0.71823335646	-0.9188	-0.5218270785	-0.3938	-2.51327412287	-0.6596	1	
20200424_211941.082549	-0.71823335646	-0.9035	-0.5218270785	-0.4051	-2.51327412287	-0.6465	1	
20200424_211941.182590	-0.71823335646	-0.8887	-0.5218270785	-0.4162	-2.51327412287	-0.6327	1	
20200424_211941.282599	-0.71823335646	-0.8729	-0.5218270785	-0.4273	-2.51327412287	-0.6267	1	
20200424_211941.382544	-0.71823335646	-0.8569	-0.5218270785	-0.4383	-2.51327412287	-0.6242	1	
20200424_211941.482638	-0.71823335646	-0.8415	-0.5218270785	-0.4488	-2.51327412287	-0.6239	1	
20200424_211941.582467	-0.71823335646	-0.8281	-0.5218270785	-0.4576	-2.51327412287	-0.6212	1	
20200424_211941.682576	-0.71823335646	-0.816	-0.5218270785	-0.466	-2.51327412287	-0.5978	1	
20200424_211941.782575	-0.5218270785	-0.8045	-0.71823335646	-0.4744	-2.19911485751	-0.5592	1	
20200424_211941.882619	-0.5218270785	-0.7908	-0.71823335646	-0.4811	-2.19911485751	-0.5576	1	
20200424_211941.982571	-0.5218270785	-0.7764	-0.71823335646	-0.4889	-2.19911485751	-0.5816	1	
20200424_211942.082634	-0.5218270785	-0.7607	-0.71823335646	-0.4989	-2.19911485751	-0.6004	1	
20200424_211942.182669	-0.5218270785	-0.7473	-0.71823335646	-0.5055	-2.19911485751	-0.6286	1	
20200424_211942.282584	-0.5218270785	-0.7318	-0.71823335646	-0.5154	-2.19911485751	-0.6468	1	
20200424_211942.382609	-0.5218270785	-0.718	-0.71823335646	-0.5241	-2.19911485751	-0.6654	1	
20200424_211942.482572	-0.5218270785	-0.7034	-0.71823335646	-0.5341	-2.19911485751	-0.6861	1	
20200424_211942.582466	-0.5218270785	-0.6909	-0.71823335646	-0.5441	-2.19911485751	-0.685	1	
20200424_211942.682567	-0.5218270785	-0.6783	-0.71823335646	-0.5535	-2.19911485751	-0.6951	1	
20200424_211942.782511	-0.5218270785	-0.6645	-0.71823335646	-0.5648	-2.19911485751	-0.7037	1	
20200424_211942.882607	-0.5218270785	-0.6489	-0.71823335646	-0.5765	-2.19911485751	-0.721	1	
20200424_211942.982627	-0.5218270785	-0.6356	-0.71823335646	-0.5866	-2.19911485751	-0.7412	1	
20200424_211943.082545	-0.5218270785	-0.623	-0.71823335646	-0.5958	-2.19911485751	-0.7739	1	
20200424_211943.182521	-0.5218270785	-0.6104	-0.71823335646	-0.6072	-2.19911485751	-0.8095	1	
20200424_211943.282630	-0.5218270785	-0.599	-0.71823335646	-0.6173	-2.19911485751	-0.8542	1	
20200424_211943.382472	-0.5218270785	-0.5886	-0.71823335646	-0.6268	-2.19911485751	-0.9033	1	
20200424_211943.482593	-0.5218270785	-0.5793	-0.71823335646	-0.6367	-2.19911485751	-0.9201	1	
20200424_211943.582384	-0.5218270785	-0.5719	-0.71823335646	-0.6461	-2.19911485751	-0.9252	1	
20200424_211943.682616	-0.5218270785	-0.5645	-0.71823335646	-0.6556	-2.19911485751	-0.9268	1	
20200424_211943.782596	-0.5218270785	-0.5592	-0.71823335646	-0.6624	-2.19911485751	-0.9376	1	
20200424_211943.882555	-0.5218270785	-0.5573	-0.71823335646	-0.6632	-2.19911485751	-0.9944	1	
20200424_211943.982596	-0.5218270785	-0.556	-0.71823335646	-0.6619	-2.19911485751	-1.067	1	
20200424_211944.082592	-0.5218270785	-0.5546	-0.71823335646	-0.6615	-2.19911485751	-1.1417	1	
20200424_211944.182551	-0.5218270785	-0.554	-0.71823335646	-0.66	-2.19911485751	-1.2189	1	
20200424_211944.282614	-0.5218270785	-0.5522	-0.71823335646	-0.6599	-2.19911485751	-1.3012	1	
20200424_211944.382518	-0.5218270785	-0.5508	-0.71823335646	-0.6593	-2.19911485751	-1.3773	1	
20200424_211944.482541	-0.5218270785	-0.5495	-0.71823335646	-0.6588	-2.19911485751	-1.454	1	
20200424_211944.582471	-0.5218270785	-0.5478	-0.71823335646	-0.6571	-2.19911485751	-1.5314	1	
20200424_211944.682570	-0.5218270785	-0.5471	-0.71823335646	-0.6567	-2.19911485751	-1.5943	1	
20200424_211944.782597	-0.386597724459	-0.5459	-1.18982545208	-0.6579	-1.88495559215	-1.644	1	
20200424_211944.882615	-0.386597724459	-0.5464	-1.18982545208	-0.6678	-1.88495559215	-1.6318	1	
20200424_211944.982650	-0.386597724459	-0.5478	-1.18982545208	-0.6799	-1.88495559215	-1.5778	1	
20200424_211945.082573	-0.386597724459	-0.5491	-1.18982545208	-0.6931	-1.88495559215	-1.5133	1	
20200424_211945.182649	-0.386597724459	-0.549	-1.18982545208	-0.7075	-1.88495559215	-1.4495	1	
20200424_211945.282558	-0.386597724459	-0.5476	-1.18982545208	-0.723	-1.88495559215	-1.4067	1	
20200424_211945.382474	-0.386597724459	-0.545	-1.18982545208	-0.738	-1.88495559215	-1.3653	1	
20200424_211945.482602	-0.386597724459	-0.5412	-1.18982545208	-0.7554	-1.88495559215	-1.3401	1	
20200424_211945.582473	-0.386597724459	-0.537	-1.18982545208	-0.7737	-1.88495559215	-1.3162	1	
20200424_211945.682604	-0.386597724459	-0.5325	-1.18982545208	-0.7901	-1.88495559215	-1.3009	1	
20200424_211945.782605	-0.386597724459	-0.5272	-1.18982545208	-0.8074	-1.88495559215	-1.289	1	
20200424_211945.882641	-0.386597724459	-0.5213	-1.18982545208	-0.826	-1.88495559215	-1.2844	1	
20200424_211945.982618	-0.386597724459	-0.5158	-1.18982545208	-0.8455	-1.88495559215	-1.28	1	
20200424_211946.082573	-0.386597724459	-0.5096	-1.18982545208	-0.8629	-1.88495559215	-1.281	1	
20200424_211946.182576	-0.386597724459	-0.5025	-1.18982545208	-0.8823	-1.88495559215	-1.2863	1	
20200424_211946.282647	-0.386597724459	-0.4971	-1.18982545208	-0.8994	-1.88495559215	-1.2844	1	
20200424_211946.382587	-0.386597724459	-0.4905	-1.18982545208	-0.919	-1.88495559215	-1.2812	1	
20200424_211946.482614	-0.386597724459	-0.4845	-1.18982545208	-0.9377	-1.88495559215	-1.276	1	
20200424_211946.582460	-0.386597724459	-0.4789	-1.18982545208	-0.956	-1.88495559215	-1.2723	1	
20200424_211946.682568	-0.386597724459	-0.4728	-1.18982545208	-0.9731	-1.88495559215	-1.2682	1	
20200424_211946.782502	-0.386597724459	-0.4669	-1.18982545208	-0.9902	-1.88495559215	-1.2661	1	
20200424_211946.882538	-0.386597724459	-0.4626	-1.18982545208	-1.003	-1.88495559215	-1.2633	1	
20200424_211946.982602	-0.386597724459	-0.4604	-1.18982545208	-1.0086	-1.88495559215	-1.2651	1	
20200424_211947.082620	-0.386597724459	-0.4593	-1.18982545208	-1.0111	-1.88495559215	-1.2723	1	
20200424_211947.182623	-0.386597724459	-0.4591	-1.18982545208	-1.0114	-1.88495559215	-1.2763	1	
20200424_211947.282523	-0.386597724459	-0.4591	-1.18982545208	-1.0114	-1.88495559215	-1.2762	1	
20200424_211947.382432	-0.386597724459	-0.4592	-1.18982545208	-1.0113	-1.88495559215	-1.2763	1	
20200424_211947.482501	-0.386597724459	-0.4592	-1.18982545208	-1.0114	-1.88495559215	-1.2753	1	
20200424_211947.582444	-0.386597724459	-0.4592	-1.18982545208	-1.0113	-1.88495559215	-1.2762	1	
20200424_211947.682598	-0.386597724459	-0.4592	-1.18982545208	-1.0113	-1.88495559215	-1.2762	1	
20200424_211947.782541	-5.51091059616e-17	-0.4592	-0.3	-1.0113	-1.57079632679	-1.2752	1	
20200424_211947.882594	-5.51091059616e-17	-0.4592	-0.3	-1.0111	-1.57079632679	-1.277	1	
20200424_211947.982618	-5.51091059616e-17	-0.4592	-0.3	-1.0112	-1.57079632679	-1.2761	1	
20200424_211948.082534	-5.51091059616e-17	-0.4592	-0.3	-1.0111	-1.57079632679	-1.2771	1	
20200424_211948.182561	-5.51091059616e-17	-0.4592	-0.3	-1.0111	-1.57079632679	-1.2771	1	
20200424_211948.282653	-5.51091059616e-17	-0.4592	-0.3	-1.0111	-1.57079632679	-1.277	1	
20200424_211948.382576	-5.51091059616e-17	-0.4592	-0.3	-1.0112	-1.57079632679	-1.2762	1	
20200424_211948.482488	-5.51091059616e-17	-0.4593	-0.3	-1.0112	-1.57079632679	-1.2763	1	
20200424_211948.582459	-5.51091059616e-17	-0.4592	-0.3	-1.0111	-1.57079632679	-1.277	1	
20200424_211948.682578	-5.51091059616e-17	-0.4592	-0.3	-1.0112	-1.57079632679	-1.2763	1	
20200424_211948.782667	-5.51091059616e-17	-0.4593	-0.3	-1.0112	-1.57079632679	-1.2761	1	
20200424_211948.882632	-5.51091059616e-17	-0.4592	-0.3	-1.0111	-1.57079632679	-1.277	1	
20200424_211948.982613	-5.51091059616e-17	-0.4592	-0.3	-1.0111	-1.57079632679	-1.2771	1	
20200424_211949.082633	-5.51091059616e-17	-0.4593	-0.3	-1.0111	-1.57079632679	-1.2763	1	
20200424_211949.182567	-5.51091059616e-17	-0.4593	-0.3	-1.011	-1.57079632679	-1.2772	1	
20200424_211949.282573	-5.51091059616e-17	-0.4593	-0.3	-1.0111	-1.57079632679	-1.276	1	
20200424_211949.382476	-5.51091059616e-17	-0.4592	-0.3	-1.0111	-1.57079632679	-1.2768	1	
20200424_211949.482389	-5.51091059616e-17	-0.4593	-0.3	-1.0112	-1.57079632679	-1.2752	1	
20200424_211949.582418	-5.51091059616e-17	-0.4592	-0.3	-1.0111	-1.57079632679	-1.2767	1	
20200424_211949.682563	-5.51091059616e-17	-0.4592	-0.3	-1.011	-1.57079632679	-1.2769	1	
20200424_211949.782576	-5.51091059616e-17	-0.4593	-0.3	-1.0111	-1.57079632679	-1.2761	1	
20200424_211949.882639	-5.51091059616e-17	-0.4593	-0.3	-1.011	-1.57079632679	-1.2769	1	
20200424_211949.982545	-5.51091059616e-17	-0.4593	-0.3	-1.0111	-1.57079632679	-1.2761	1	
20200424_211950.082658	-5.51091059616e-17	-0.4593	-0.3	-1.0111	-1.57079632679	-1.2759	1	
20200424_211950.182535	-5.51091059616e-17	-0.4593	-0.3	-1.011	-1.57079632679	-1.2771	1	
20200424_211950.282601	-5.51091059616e-17	-0.4593	-0.3	-1.0111	-1.57079632679	-1.2757	1	
20200424_211950.382545	-5.51091059616e-17	-0.4593	-0.3	-1.0111	-1.57079632679	-1.276	1	
20200424_211950.482540	-5.51091059616e-17	-0.4593	-0.3	-1.011	-1.57079632679	-1.277	1	
20200424_211950.582432	-5.51091059616e-17	-0.4593	-0.3	-1.011	-1.57079632679	-1.2769	1	
20200424_211950.682598	-5.51091059616e-17	-0.4593	-0.3	-1.011	-1.57079632679	-1.2769	1	
20200424_211950.782600	0.386597724459	-0.4592	-1.18982545208	-1.011	-1.25663706144	-1.2769	1	
20200424_211950.882613	0.386597724459	-0.4593	-1.18982545208	-1.011	-1.25663706144	-1.2757	1	
20200424_211950.982670	0.386597724459	-0.4593	-1.18982545208	-1.011	-1.25663706144	-1.277	1	
20200424_211951.082548	0.386597724459	-0.4592	-1.18982545208	-1.011	-1.25663706144	-1.2766	1	
20200424_211951.182650	0.386597724459	-0.4593	-1.18982545208	-1.011	-1.25663706144	-1.2761	1	
20200424_211951.282585	0.386597724459	-0.4593	-1.18982545208	-1.011	-1.25663706144	-1.276	1	
20200424_211951.382558	0.386597724459	-0.4593	-1.18982545208	-1.011	-1.25663706144	-1.2769	1	
20200424_211951.482554	0.386597724459	-0.4593	-1.18982545208	-1.011	-1.25663706144	-1.2769	1	
20200424_211951.582439	0.386597724459	-0.4593	-1.18982545208	-1.011	-1.25663706144	-1.276	1	
20200424_211951.682590	0.386597724459	-0.4593	-1.18982545208	-1.011	-1.25663706144	-1.2769	1	
20200424_211951.782569	0.386597724459	-0.4593	-1.18982545208	-1.011	-1.25663706144	-1.2768	1	
20200424_211951.882516	0.386597724459	-0.4593	-1.18982545208	-1.0109	-1.25663706144	-1.2769	1	
20200424_211951.982617	0.386597724459	-0.4593	-1.18982545208	-1.011	-1.25663706144	-1.276	1	
20200424_211952.082557	0.386597724459	-0.4593	-1.18982545208	-1.011	-1.25663706144	-1.2769	1	
20200424_211952.182553	0.386597724459	-0.4593	-1.18982545208	-1.011	-1.25663706144	-1.2771	1	
20200424_211952.282543	0.386597724459	-0.4593	-1.18982545208	-1.011	-1.25663706144	-1.276	1	
20200424_211952.382636	0.386597724459	-0.4593	-1.18982545208	-1.011	-1.25663706144	-1.2759	1	
20200424_211952.482602	0.386597724459	-0.4593	-1.18982545208	-1.011	-1.25663706144	-1.2769	1	
20200424_211952.582454	0.386597724459	-0.4593	-1.18982545208	-1.011	-1.25663706144	-1.2767	1	
20200424_211952.682609	0.386597724459	-0.4593	-1.18982545208	-1.011	-1.25663706144	-1.2759	1	
20200424_211952.782581	0.386597724459	-0.4593	-1.18982545208	-1.011	-1.25663706144	-1.2759	1	
20200424_211952.882642	0.386597724459	-0.4593	-1.18982545208	-1.0109	-1.25663706144	-1.2769	1	
20200424_211952.982596	0.386597724459	-0.4593	-1.18982545208	-1.011	-1.25663706144	-1.2767	1	
20200424_211953.082538	0.386597724459	-0.4593	-1.18982545208	-1.011	-1.25663706144	-1.2758	1	
20200424_211953.182609	0.386597724459	-0.4593	-1.18982545208	-1.011	-1.25663706144	-1.276	1	
20200424_211953.282651	0.386597724459	-0.4593	-1.18982545208	-1.011	-1.25663706144	-1.2766	1	
20200424_211953.382584	0.386597724459	-0.4593	-1.18982545208	-1.011	-1.25663706144	-1.2768	1	
20200424_211953.482596	0.386597724459	-0.4593	-1.18982545208	-1.011	-1.25663706144	-1.2756	1	
20200424_211953.582360	0.386597724459	-0.4593	-1.18982545208	-1.011	-1.25663706144	-1.2757	1	
20200424_211953.682613	0.386597724459	-0.4593	-1.18982545208	-1.011	-1.25663706144	-1.2768	1	
20200424_211953.782547	0.5218270785	-0.4593	-0.71823335646	-1.011	-0.942477796077	-1.2768	1	
20200424_211953.882517	0.5218270785	-0.4593	-0.71823335646	-1.011	-0.942477796077	-1.2759	1	
20200424_211953.982601	0.5218270785	-0.4593	-0.71823335646	-1.011	-0.942477796077	-1.2757	1	
20200424_211954.082618	0.5218270785	-0.4593	-0.71823335646	-1.0109	-0.942477796077	-1.2769	1	
20200424_211954.182588	0.5218270785	-0.4593	-0.71823335646	-1.0109	-0.942477796077	-1.2768	1	
20200424_211954.282579	0.5218270785	-0.4593	-0.71823335646	-1.0109	-0.942477796077	-1.2769	1	
20200424_211954.382573	0.5218270785	-0.4593	-0.71823335646	-1.0109	-0.942477796077	-1.2768	1	
20200424_211954.482552	0.5218270785	-0.4593	-0.71823335646	-1.0109	-0.942477796077	-1.2768	1	
20200424_211954.582489	0.5218270785	-0.4593	-0.71823335646	-1.011	-0.942477796077	-1.2768	1	
20200424_211954.682584	0.5218270785	-0.4593	-0.71823335646	-1.0109	-0.942477796077	-1.2769	1	
20200424_211954.782637	0.5218270785	-0.4593	-0.71823335646	-1.011	-0.942477796077	-1.2757	1	
20200424_211954.882598	0.5218270785	-0.4593	-0.71823335646	-1.0109	-0.942477796077	-1.2769	1	
20200424_211954.982574	0.5218270785	-0.4593	-0.71823335646	-1.011	-0.942477796077	-1.2769	1	
20200424_211955.082595	0.5218270785	-0.4593	-0.71823335646	-1.011	-0.942477796077	-1.2758	1	
20200424_211955.182597	0.5218270785	-0.4593	-0.71823335646	-1.011	-0.942477796077	-1.2758	1	
20200424_211955.282585	0.5218270785	-0.4593	-0.71823335646	-1.0109	-0.942477796077	-1.277	1	
20200424_211955.382665	0.5218270785	-0.4593	-0.71823335646	-1.011	-0.942477796077	-1.2769	1	
20200424_211955.482559	0.5218270785	-0.4593	-0.71823335646	-1.0109	-0.942477796077	-1.2769	1	
20200424_211955.582470	0.5218270785	-0.4593	-0.71823335646	-1.0109	-0.942477796077	-1.2761	1	
20200424_211955.682597	0.5218270785	-0.4593	-0.71823335646	-1.0109	-0.942477796077	-1.2769	1	
20200424_211955.782651	0.5218270785	-0.4593	-0.71823335646	-1.011	-0.942477796077	-1.2768	1	
20200424_211955.882614	0.5218270785	-0.4593	-0.71823335646	-1.0109	-0.942477796077	-1.2768	1	
20200424_211955.982527	0.5218270785	-0.4593	-0.71823335646	-1.0109	-0.942477796077	-1.276	1	
20200424_211956.082531	0.5218270785	-0.4593	-0.71823335646	-1.0109	-0.942477796077	-1.2765	1	
20200424_211956.182453	0.5218270785	-0.4591	-0.71823335646	-1.011	-0.942477796077	-1.2771	1	
20200424_211956.282572	0.5218270785	-0.4594	-0.71823335646	-1.0113	-0.942477796077	-1.276	1	
20200424_211956.382592	0.5218270785	-0.4594	-0.71823335646	-1.0111	-0.942477796077	-1.2767	1	
20200424_211956.482612	0.5218270785	-0.459	-0.71823335646	-1.0112	-0.942477796077	-1.274	1	
20200424_211956.582482	0.5218270785	-0.459	-0.71823335646	-1.0113	-0.942477796077	-1.2713	1	
20200424_211956.682509	0.5218270785	-0.4592	-0.71823335646	-1.0113	-0.942477796077	-1.2733	1	
20200424_211956.782520	0.71823335646	-0.4599	-0.5218270785	-1.0115	-0.628318530718	-1.2724	1	
20200424_211956.882623	0.71823335646	-0.4598	-0.5218270785	-1.0114	-0.628318530718	-1.2728	1	
20200424_211956.982599	0.71823335646	-0.4601	-0.5218270785	-1.0113	-0.628318530718	-1.2734	1	
20200424_211957.082536	0.71823335646	-0.4601	-0.5218270785	-1.0113	-0.628318530718	-1.2733	1	
20200424_211957.182621	0.71823335646	-0.4597	-0.5218270785	-1.0111	-0.628318530718	-1.2719	1	
20200424_211957.282570	0.71823335646	-0.4603	-0.5218270785	-1.0096	-0.628318530718	-1.2779	1	
20200424_211957.382606	0.71823335646	-0.4576	-0.5218270785	-1.0259	-0.628318530718	-1.2564	1	
20200424_211957.482498	0.71823335646	-0.4518	-0.5218270785	-1.0678	-0.628318530718	-1.2046	1	
20200424_211957.582457	0.71823335646	-0.4331	-0.5218270785	-1.1485	-0.628318530718	-1.1731	1	
20200424_211957.682607	0.71823335646	-0.41	-0.5218270785	-1.2517	-0.628318530718	-1.1805	1	
20200424_211957.782615	0.71823335646	-0.3869	-0.5218270785	-1.3685	-0.628318530718	-1.202	1	
20200424_211957.882530	0.71823335646	-0.3695	-0.5218270785	-1.4798	-0.628318530718	-1.1964	1	
20200424_211957.982602	0.71823335646	-0.3531	-0.5218270785	-1.5757	-0.628318530718	-1.1419	1	
20200424_211958.082584	0.71823335646	-0.338	-0.5218270785	-1.659	-0.628318530718	-1.1675	1	
20200424_211958.182548	0.71823335646	-0.3212	-0.5218270785	-1.7261	-0.628318530718	-1.1725	1	
20200424_211958.282630	0.71823335646	-0.3068	-0.5218270785	-1.7764	-0.628318530718	-1.1084	1	
20200424_211958.382616	0.71823335646	-0.3003	-0.5218270785	-1.8188	-0.628318530718	-1.0799	1	
20200424_211958.482526	0.71823335646	-0.2943	-0.5218270785	-1.8549	-0.628318530718	-1.0782	1	
20200424_211958.582480	0.71823335646	-0.2836	-0.5218270785	-1.8874	-0.628318530718	-1.1066	1	
20200424_211958.682578	0.71823335646	-0.2739	-0.5218270785	-1.9195	-0.628318530718	-1.1358	1	
20200424_211958.782571	0.71823335646	-0.2656	-0.5218270785	-1.9503	-0.628318530718	-1.1803	1	
20200424_211958.882683	0.71823335646	-0.2549	-0.5218270785	-1.9801	-0.628318530718	-1.2506	1	
20200424_211958.982605	0.71823335646	-0.2501	-0.5218270785	-2.0098	-0.628318530718	-1.329	1	
20200424_211959.082571	0.71823335646	-0.2453	-0.5218270785	-2.0354	-0.628318530718	-1.4595	1	
20200424_211959.182546	0.71823335646	-0.2425	-0.5218270785	-2.0581	-0.628318530718	-1.632	1	
20200424_211959.282520	0.71823335646	-0.2422	-0.5218270785	-2.0646	-0.628318530718	-1.6701	1	
20200424_211959.382633	0.71823335646	-0.2384	-0.5218270785	-2.0666	-0.628318530718	-1.7445	1	
20200424_211959.482602	0.71823335646	-0.2384	-0.5218270785	-2.0666	-0.628318530718	-1.7445	1	
20200424_211959.582367	0.71823335646	-0.2345	-0.5218270785	-2.0623	-0.628318530718	-2.0198	1	
20200424_211959.682592	0.71823335646	-0.2324	-0.5218270785	-2.0552	-0.628318530718	-2.1015	1	
20200424_211959.782567	1.18982545208	-0.229	-0.386597724459	-2.0435	-0.314159265359	-2.1431	1	
20200424_211959.882581	1.18982545208	-0.2265	-0.386597724459	-2.026	-0.314159265359	-2.1149	1	
20200424_211959.982554	1.18982545208	-0.2245	-0.386597724459	-1.9952	-0.314159265359	-1.9703	1	
20200424_212000.082558	1.18982545208	-0.221	-0.386597724459	-1.9549	-0.314159265359	-1.7648	1	
20200424_212000.182615	1.18982545208	-0.2152	-0.386597724459	-1.9094	-0.314159265359	-1.5595	1	
20200424_212000.282514	1.18982545208	-0.2159	-0.386597724459	-1.8659	-0.314159265359	-1.3428	1	
20200424_212000.382567	1.18982545208	-0.2271	-0.386597724459	-1.8347	-0.314159265359	-1.1991	1	
20200424_212000.482594	1.18982545208	-0.2392	-0.386597724459	-1.8061	-0.314159265359	-1.1004	1	
20200424_212000.582467	1.18982545208	-0.2465	-0.386597724459	-1.7826	-0.314159265359	-1.0053	1	
20200424_212000.682589	1.18982545208	-0.2526	-0.386597724459	-1.7635	-0.314159265359	-0.9419	1	
20200424_212000.782533	1.18982545208	-0.2593	-0.386597724459	-1.7504	-0.314159265359	-0.9342	1	
20200424_212000.882619	1.18982545208	-0.2615	-0.386597724459	-1.74	-0.314159265359	-0.9412	1	
20200424_212000.982622	1.18982545208	-0.2638	-0.386597724459	-1.7332	-0.314159265359	-0.9233	1	
20200424_212001.082567	1.18982545208	-0.2651	-0.386597724459	-1.7303	-0.314159265359	-0.9497	1	
20200424_212001.182641	1.18982545208	-0.2647	-0.386597724459	-1.7284	-0.314159265359	-0.9616	1	
20200424_212001.282594	1.18982545208	-0.2646	-0.386597724459	-1.7265	-0.314159265359	-0.9674	1	
20200424_212001.382597	1.18982545208	-0.2646	-0.386597724459	-1.7248	-0.314159265359	-0.9792	1	
20200424_212001.482587	1.18982545208	-0.2654	-0.386597724459	-1.7223	-0.314159265359	-0.9868	1	
20200424_212001.582386	1.18982545208	-0.268	-0.386597724459	-1.7189	-0.314159265359	-0.997	1	
20200424_212001.682610	1.18982545208	-0.2689	-0.386597724459	-1.7133	-0.314159265359	-1.0042	1	
20200424_212001.782610	1.18982545208	-0.2718	-0.386597724459	-1.7087	-0.314159265359	-1.0223	1	
20200424_212001.882563	1.18982545208	-0.2706	-0.386597724459	-1.7043	-0.314159265359	-1.055	1	
20200424_212001.982554	1.18982545208	-0.2688	-0.386597724459	-1.6978	-0.314159265359	-1.0679	1	
20200424_212002.082507	1.18982545208	-0.2673	-0.386597724459	-1.6882	-0.314159265359	-1.0436	1	
20200424_212002.182572	1.18982545208	-0.2675	-0.386597724459	-1.68	-0.314159265359	-1.0708	1	
20200424_212002.282602	1.18982545208	-0.2655	-0.386597724459	-1.6731	-0.314159265359	-1.0947	1	
20200424_212002.382526	1.18982545208	-0.2592	-0.386597724459	-1.6666	-0.314159265359	-1.1026	1	
20200424_212002.482571	1.18982545208	-0.2527	-0.386597724459	-1.6608	-0.314159265359	-1.1012	1	
20200424_212002.582490	1.18982545208	-0.2483	-0.386597724459	-1.658	-0.314159265359	-1.1235	1	
20200424_212002.682628	1.18982545208	-0.2449	-0.386597724459	-1.6547	-0.314159265359	-1.1396	1	
20200424_212002.782613	0.3	-0.2416	-7.34788079488e-17	-1.6528	0.0	-1.1516	1	
20200424_212002.882571	0.3	-0.237	-7.34788079488e-17	-1.6523	0.0	-1.1752	1	
20200424_212002.982567	0.3	-0.233	-7.34788079488e-17	-1.6537	0.0	-1.1655	1	
20200424_212003.082528	0.3	-0.2332	-7.34788079488e-17	-1.6545	0.0	-1.1656	1	
20200424_212003.182616	0.3	-0.2346	-7.34788079488e-17	-1.6559	0.0	-1.1676	1	
20200424_212003.282527	0.3	-0.2342	-7.34788079488e-17	-1.6559	0.0	-1.1701	1	
20200424_212003.382639	0.3	-0.2293	-7.34788079488e-17	-1.6546	0.0	-1.1723	1	
20200424_212003.482564	0.3	-0.22	-7.34788079488e-17	-1.654	0.0	-1.185	1	
20200424_212003.582516	0.3	-0.2121	-7.34788079488e-17	-1.6509	0.0	-1.2224	1	
20200424_212003.682596	0.3	-0.2034	-7.34788079488e-17	-1.6437	0.0	-1.2209	1	
20200424_212003.782604	0.3	-0.194	-7.34788079488e-17	-1.6358	0.0	-1.2462	1	
20200424_212003.882598	0.3	-0.1862	-7.34788079488e-17	-1.6303	0.0	-1.2569	1	
20200424_212003.982621	0.3	-0.1858	-7.34788079488e-17	-1.6276	0.0	-1.2358	1	
20200424_212004.082532	0.3	-0.1901	-7.34788079488e-17	-1.6246	0.0	-1.2366	1	
20200424_212004.182635	0.3	-0.1943	-7.34788079488e-17	-1.6204	0.0	-1.2304	1	
20200424_212004.282640	0.3	-0.1978	-7.34788079488e-17	-1.6163	0.0	-1.2367	1	
20200424_212004.382549	0.3	-0.1986	-7.34788079488e-17	-1.6125	0.0	-1.2418	1	
20200424_212004.482539	0.3	-0.1962	-7.34788079488e-17	-1.6096	0.0	-1.2543	1	
20200424_212004.582366	0.3	-0.1917	-7.34788079488e-17	-1.6098	0.0	-1.2718	1	
20200424_212004.682632	0.3	-0.1862	-7.34788079488e-17	-1.6121	0.0	-1.2823	1	
20200424_212004.782548	0.3	-0.18	-7.34788079488e-17	-1.614	0.0	-1.2799	1	
20200424_212004.882572	0.3	-0.1759	-7.34788079488e-17	-1.6151	0.0	-1.2679	1	
20200424_212004.982527	0.3	-0.1765	-7.34788079488e-17	-1.6158	0.0	-1.2598	1	
20200424_212005.082499	0.3	-0.1783	-7.34788079488e-17	-1.615	0.0	-1.2777	1	
20200424_212005.182472	0.3	-0.1803	-7.34788079488e-17	-1.613	0.0	-1.2904	1	
20200424_212005.282630	0.3	-0.1811	-7.34788079488e-17	-1.6101	0.0	-1.2951	1	
20200424_212005.382574	0.3	-0.1806	-7.34788079488e-17	-1.6066	0.0	-1.2982	1	
20200424_212005.482606	0.3	-0.1817	-7.34788079488e-17	-1.604	0.0	-1.3084	1	
20200424_212005.582453	0.3	-0.1811	-7.34788079488e-17	-1.6044	0.0	-1.3091	1	
20200424_212005.682593	0.3	-0.1808	-7.34788079488e-17	-1.6059	0.0	-1.3095	1	
20200424_212005.782570	1.18982545208	-0.1818	0.386597724459	-1.6061	0.314159265359	-1.3091	1	
20200424_212005.882625	1.18982545208	-0.1831	0.386597724459	-1.6049	0.314159265359	-1.3082	1	
20200424_212005.982550	1.18982545208	-0.1848	0.386597724459	-1.6028	0.314159265359	-1.3106	1	
20200424_212006.082570	1.18982545208	-0.1856	0.386597724459	-1.6008	0.314159265359	-1.3122	1	
20200424_212006.182623	1.18982545208	-0.186	0.386597724459	-1.5988	0.314159265359	-1.3182	1	
20200424_212006.282597	1.18982545208	-0.1868	0.386597724459	-1.5962	0.314159265359	-1.3266	1	
20200424_212006.382564	1.18982545208	-0.1859	0.386597724459	-1.5941	0.314159265359	-1.3295	1	
20200424_212006.482573	1.18982545208	-0.1841	0.386597724459	-1.5933	0.314159265359	-1.3291	1	
20200424_212006.582398	1.18982545208	-0.1828	0.386597724459	-1.5925	0.314159265359	-1.3343	1	
20200424_212006.682611	1.18982545208	-0.1809	0.386597724459	-1.5909	0.314159265359	-1.3361	1	
20200424_212006.782601	1.18982545208	-0.1748	0.386597724459	-1.5888	0.314159265359	-1.3473	1	
20200424_212006.882650	1.18982545208	-0.1619	0.386597724459	-1.5853	0.314159265359	-1.382	1	
20200424_212006.982627	1.18982545208	-0.141	0.386597724459	-1.5793	0.314159265359	-1.4167	1	
20200424_212007.082486	1.18982545208	-0.1067	0.386597724459	-1.5737	0.314159265359	-1.4463	1	
20200424_212007.182649	1.18982545208	-0.0684	0.386597724459	-1.5699	0.314159265359	-1.4985	1	
20200424_212007.282558	1.18982545208	-0.0323	0.386597724459	-1.5671	0.314159265359	-1.6275	1	
20200424_212007.382571	1.18982545208	0.0081	0.386597724459	-1.5702	0.314159265359	-1.6781	1	
20200424_212007.482648	1.18982545208	0.055	0.386597724459	-1.5772	0.314159265359	-1.7084	1	
20200424_212007.582487	1.18982545208	0.1029	0.386597724459	-1.5831	0.314159265359	-1.718	1	
20200424_212007.682564	1.18982545208	0.15	0.386597724459	-1.5821	0.314159265359	-1.7234	1	
20200424_212007.782618	1.18982545208	0.1995	0.386597724459	-1.5717	0.314159265359	-1.7459	1	
20200424_212007.882649	1.18982545208	0.2572	0.386597724459	-1.5523	0.314159265359	-1.7592	1	
20200424_212007.982642	1.18982545208	0.3195	0.386597724459	-1.5323	0.314159265359	-1.7749	1	
20200424_212008.082566	1.18982545208	0.3834	0.386597724459	-1.5196	0.314159265359	-1.8007	1	
20200424_212008.182608	1.18982545208	0.4412	0.386597724459	-1.5143	0.314159265359	-1.9144	1	
20200424_212008.282545	1.18982545208	0.4908	0.386597724459	-1.5087	0.314159265359	-1.9593	1	
20200424_212008.382619	1.18982545208	0.5335	0.386597724459	-1.5042	0.314159265359	-2.0189	1	
20200424_212008.482498	1.18982545208	0.5697	0.386597724459	-1.4975	0.314159265359	-2.0598	1	
20200424_212008.582438	1.18982545208	0.6014	0.386597724459	-1.4849	0.314159265359	-2.0845	1	
20200424_212008.682635	1.18982545208	0.6395	0.386597724459	-1.4719	0.314159265359	-2.1294	1	
20200424_212008.782626	0.71823335646	0.6796	0.5218270785	-1.4541	0.628318530718	-2.177	1	
20200424_212008.882671	0.71823335646	0.7214	0.5218270785	-1.43	0.628318530718	-2.2136	1	
20200424_212008.982586	0.71823335646	0.7636	0.5218270785	-1.3982	0.628318530718	-2.2464	1	
20200424_212009.082563	0.71823335646	0.803	0.5218270785	-1.3589	0.628318530718	-2.3092	1	
20200424_212009.182494	0.71823335646	0.8501	0.5218270785	-1.3164	0.628318530718	-2.3491	1	
20200424_212009.282681	0.71823335646	0.898	0.5218270785	-1.2844	0.628318530718	-2.4025	1	
20200424_212009.382585	0.71823335646	0.9514	0.5218270785	-1.261	0.628318530718	-2.459	1	
20200424_212009.482593	0.71823335646	1.0111	0.5218270785	-1.2413	0.628318530718	-2.5343	1	
20200424_212009.582464	0.71823335646	1.0786	0.5218270785	-1.2194	0.628318530718	-2.5487	1	
20200424_212009.682524	0.71823335646	1.153	0.5218270785	-1.2009	0.628318530718	-2.5479	1	
20200424_212009.782573	0.71823335646	1.2297	0.5218270785	-1.1838	0.628318530718	-2.5505	1	
20200424_212009.882550	0.71823335646	1.3032	0.5218270785	-1.1645	0.628318530718	-2.5657	1	
20200424_212009.982622	0.71823335646	1.3667	0.5218270785	-1.143	0.628318530718	-2.5486	1	
20200424_212010.082617	0.71823335646	1.4204	0.5218270785	-1.1198	0.628318530718	-2.5371	1	
20200424_212010.182664	0.71823335646	1.4676	0.5218270785	-1.0926	0.628318530718	-2.495	1	
20200424_212010.282612	0.71823335646	1.5124	0.5218270785	-1.0566	0.628318530718	-2.4729	1	
20200424_212010.382585	0.71823335646	1.551	0.5218270785	-1.0128	0.628318530718	-2.4711	1	
20200424_212010.482507	0.71823335646	1.5833	0.5218270785	-0.9627	0.628318530718	-2.4472	1	
20200424_212010.582454	0.71823335646	1.6166	0.5218270785	-0.9035	0.628318530718	-2.4355	1	
20200424_212010.682621	0.71823335646	1.6434	0.5218270785	-0.8424	0.628318530718	-2.4609	1	
20200424_212010.782616	0.71823335646	1.6471	0.5218270785	-0.8313	0.628318530718	-2.4593	1	
20200424_212010.882625	0.71823335646	1.6471	0.5218270785	-0.8313	0.628318530718	-2.4593	1	
20200424_212010.982544	0.71823335646	1.6471	0.5218270785	-0.8313	0.628318530718	-2.4593	1	
20200424_212011.082563	0.71823335646	1.6352	0.5218270785	-0.5738	0.628318530718	-2.1066	1	
20200424_212011.182573	0.71823335646	1.6259	0.5218270785	-0.5166	0.628318530718	-1.9062	1	
20200424_212011.282665	0.71823335646	1.6179	0.5218270785	-0.4759	0.628318530718	-1.7528	1	
20200424_212011.382663	0.71823335646	1.6024	0.5218270785	-0.4057	0.628318530718	-1.5626	1	
20200424_212011.482550	0.71823335646	1.5979	0.5218270785	-0.3846	0.628318530718	-1.4984	1	
20200424_212011.582457	0.71823335646	1.5979	0.5218270785	-0.3846	0.628318530718	-1.4984	1	
20200424_212011.682574	0.71823335646	1.5979	0.5218270785	-0.3846	0.628318530718	-1.4984	1	
20200424_212011.782596	0.5218270785	1.5979	0.71823335646	-0.3846	0.942477796077	-1.4984	1	
20200424_212011.882673	0.5218270785	1.5979	0.71823335646	-0.3846	0.942477796077	-1.4984	1	
20200424_212011.982653	0.5218270785	1.5979	0.71823335646	-0.3846	0.942477796077	-1.4984	1	
20200424_212012.082565	0.5218270785	1.5979	0.71823335646	-0.3846	0.942477796077	-1.4984	1	
20200424_212012.182646	0.5218270785	1.5979	0.71823335646	-0.3846	0.942477796077	-1.4984	1	
20200424_212012.282594	0.5218270785	1.5979	0.71823335646	-0.3846	0.942477796077	-1.4984	1	
20200424_212012.382639	0.5218270785	1.5979	0.71823335646	-0.3846	0.942477796077	-1.4984	1	
20200424_212012.482585	0.5218270785	1.5979	0.71823335646	-0.3846	0.942477796077	-1.4984	1	
20200424_212012.582382	0.5218270785	1.5979	0.71823335646	-0.3846	0.942477796077	-1.4984	1	
20200424_212012.682618	0.5218270785	1.5979	0.71823335646	-0.3846	0.942477796077	-1.4984	1	
20200424_212012.782608	0.5218270785	1.5979	0.71823335646	-0.3846	0.942477796077	-1.4984	1	
20200424_212012.882575	0.5218270785	1.5979	0.71823335646	-0.3846	0.942477796077	-1.4984	1	
20200424_212012.982619	0.5218270785	1.5979	0.71823335646	-0.3846	0.942477796077	-1.4984	1	
20200424_212013.082557	0.5218270785	1.5979	0.71823335646	-0.3846	0.942477796077	-1.4984	1	
20200424_212013.182621	0.5218270785	1.5979	0.71823335646	-0.3846	0.942477796077	-1.4984	1	
20200424_212013.282593	0.5218270785	1.5979	0.71823335646	-0.3846	0.942477796077	-1.4984	1	
20200424_212013.382533	0.5218270785	1.5979	0.71823335646	-0.3846	0.942477796077	-1.4984	1	
20200424_212013.482451	0.5218270785	1.5979	0.71823335646	-0.3846	0.942477796077	-1.4984	1	
20200424_212013.582463	0.5218270785	1.5979	0.71823335646	-0.3846	0.942477796077	-1.4984	1	
20200424_212013.682589	0.5218270785	1.5979	0.71823335646	-0.3846	0.942477796077	-1.4984	1	
20200424_212013.782588	0.5218270785	1.5979	0.71823335646	-0.3846	0.942477796077	-1.4984	1	
20200424_212013.882608	0.5218270785	1.5979	0.71823335646	-0.3846	0.942477796077	-1.4984	1	
20200424_212013.982595	0.5218270785	1.5979	0.71823335646	-0.3846	0.942477796077	-1.4984	1	
20200424_212014.082505	0.5218270785	1.5979	0.71823335646	-0.3846	0.942477796077	-1.4984	1	
20200424_212014.182638	0.5218270785	1.5979	0.71823335646	-0.3846	0.942477796077	-1.4984	1	
20200424_212014.282612	0.5218270785	1.5979	0.71823335646	-0.3846	0.942477796077	-1.4984	1	
20200424_212014.382544	0.5218270785	1.5979	0.71823335646	-0.3846	0.942477796077	-1.4984	1	
20200424_212014.482489	0.5218270785	1.5979	0.71823335646	-0.3846	0.942477796077	-1.4984	1	
20200424_212014.582339	0.5218270785	1.5979	0.71823335646	-0.3846	0.942477796077	-1.4984	1	
20200424_212014.682544	0.5218270785	1.5979	0.71823335646	-0.3846	0.942477796077	-1.4984	1	
20200424_212014.782529	0.386597724459	1.5979	1.18982545208	-0.3846	1.25663706144	-1.4984	1	
20200424_212014.882587	0.386597724459	1.5979	1.18982545208	-0.3846	1.25663706144	-1.4984	1	
20200424_212014.982524	0.386597724459	1.5979	1.18982545208	-0.3846	1.25663706144	-1.4984	1	
20200424_212015.082578	0.386597724459	1.5979	1.18982545208	-0.3846	1.25663706144	-1.4984	1	
20200424_212015.182595	0.386597724459	1.5979	1.18982545208	-0.3846	1.25663706144	-1.4984	1	
20200424_212015.282553	0.386597724459	1.5979	1.18982545208	-0.3846	1.25663706144	-1.4984	1	
20200424_212015.382578	0.386597724459	1.5979	1.18982545208	-0.3846	1.25663706144	-1.4984	1	
20200424_212015.482572	0.386597724459	1.5979	1.18982545208	-0.3846	1.25663706144	-1.4984	1	
20200424_212015.582470	0.386597724459	1.5979	1.18982545208	-0.3846	1.25663706144	-1.4984	1	
20200424_212015.682584	0.386597724459	1.5979	1.18982545208	-0.3846	1.25663706144	-1.4984	1	
20200424_212015.782573	0.386597724459	1.5979	1.18982545208	-0.3846	1.25663706144	-1.4984	1	
20200424_212015.882558	0.386597724459	1.5979	1.18982545208	-0.3846	1.25663706144	-1.4984	1	
20200424_212015.982501	0.386597724459	1.5979	1.18982545208	-0.3846	1.25663706144	-1.4984	1	
20200424_212016.082590	0.386597724459	1.5979	1.18982545208	-0.3846	1.25663706144	-1.4984	1	
20200424_212016.182613	0.386597724459	1.5979	1.18982545208	-0.3846	1.25663706144	-1.4984	1	
20200424_212016.282569	0.386597724459	1.5979	1.18982545208	-0.3846	1.25663706144	-1.4984	1	
20200424_212016.382566	0.386597724459	1.5979	1.18982545208	-0.3846	1.25663706144	-1.4984	1	
20200424_212016.482594	0.386597724459	1.5979	1.18982545208	-0.3846	1.25663706144	-1.4984	1	
20200424_212016.582408	0.386597724459	1.5979	1.18982545208	-0.3846	1.25663706144	-1.4984	1	
20200424_212016.682582	0.386597724459	1.5979	1.18982545208	-0.3846	1.25663706144	-1.4984	1	
20200424_212016.782516	0.386597724459	1.5979	1.18982545208	-0.3846	1.25663706144	-1.4984	1	
20200424_212016.882525	0.386597724459	1.5979	1.18982545208	-0.3846	1.25663706144	-1.4984	1	
20200424_212016.982581	0.386597724459	1.5979	1.18982545208	-0.3846	1.25663706144	-1.4984	1	
20200424_212017.082618	0.386597724459	1.5979	1.18982545208	-0.3846	1.25663706144	-1.4984	1	
20200424_212017.182609	0.386597724459	1.5979	1.18982545208	-0.3846	1.25663706144	-1.4984	1	
20200424_212017.282592	0.386597724459	1.0647	1.18982545208	-0.3986	1.25663706144	1.8432	1	
20200424_212017.382569	0.386597724459	1.0676	1.18982545208	-0.3974	1.25663706144	1.8477	1	
20200424_212017.482560	0.386597724459	1.0676	1.18982545208	-0.3974	1.25663706144	1.8477	1	
20200424_212017.582443	0.386597724459	1.0676	1.18982545208	-0.3974	1.25663706144	1.8477	1	
20200424_212017.682614	0.386597724459	1.0676	1.18982545208	-0.3974	1.25663706144	1.8477	1	
20200424_212017.782629	9.18485099361e-17	1.0676	0.3	-0.3974	1.57079632679	1.8477	1	
20200424_212017.882691	9.18485099361e-17	1.0676	0.3	-0.3974	1.57079632679	1.8477	1	
20200424_212017.982663	9.18485099361e-17	1.0676	0.3	-0.3974	1.57079632679	1.8477	1	
20200424_212018.082584	9.18485099361e-17	1.0676	0.3	-0.3974	1.57079632679	1.8477	1	
20200424_212018.182546	9.18485099361e-17	1.0676	0.3	-0.3974	1.57079632679	1.8477	1	
20200424_212018.282603	9.18485099361e-17	1.0676	0.3	-0.3974	1.57079632679	1.8477	1	
20200424_212018.382533	9.18485099361e-17	1.0676	0.3	-0.3974	1.57079632679	1.8477	1	
20200424_212018.482572	9.18485099361e-17	1.0676	0.3	-0.3974	1.57079632679	1.8477	1	
20200424_212018.582485	9.18485099361e-17	1.0676	0.3	-0.3974	1.57079632679	1.8477	1	
20200424_212018.682537	9.18485099361e-17	1.0676	0.3	-0.3974	1.57079632679	1.8477	1	
20200424_212018.782563	9.18485099361e-17	1.0676	0.3	-0.3974	1.57079632679	1.8477	1	
20200424_212018.882530	9.18485099361e-17	1.0676	0.3	-0.3974	1.57079632679	1.8477	1	
20200424_212018.982570	9.18485099361e-17	1.0676	0.3	-0.3974	1.57079632679	1.8477	1	
20200424_212019.082573	9.18485099361e-17	1.0676	0.3	-0.3974	1.57079632679	1.8477	1	
20200424_212019.182618	9.18485099361e-17	1.0676	0.3	-0.3974	1.57079632679	1.8477	1	
20200424_212019.282613	9.18485099361e-17	1.0676	0.3	-0.3974	1.57079632679	1.8477	1	
20200424_212019.382627	9.18485099361e-17	1.0676	0.3	-0.3974	1.57079632679	1.8477	1	
20200424_212019.482585	9.18485099361e-17	1.0676	0.3	-0.3974	1.57079632679	1.8477	1	
20200424_212019.582459	9.18485099361e-17	1.0676	0.3	-0.3974	1.57079632679	1.8477	1	
20200424_212019.682612	9.18485099361e-17	1.0676	0.3	-0.3974	1.57079632679	1.8477	1	
20200424_212019.782575	9.18485099361e-17	1.0676	0.3	-0.3974	1.57079632679	1.8477	1	
20200424_212019.882584	9.18485099361e-17	1.0676	0.3	-0.3974	1.57079632679	1.8477	1	
20200424_212019.982611	9.18485099361e-17	1.0676	0.3	-0.3974	1.57079632679	1.8477	1	
20200424_212020.082583	9.18485099361e-17	1.0676	0.3	-0.3974	1.57079632679	1.8477	1	
20200424_212020.182550	9.18485099361e-17	1.0676	0.3	-0.3974	1.57079632679	1.8477	1	
20200424_212020.282611	9.18485099361e-17	1.0676	0.3	-0.3974	1.57079632679	1.8477	1	
20200424_212020.382626	9.18485099361e-17	1.0676	0.3	-0.3974	1.57079632679	1.8477	1	
20200424_212020.482628	9.18485099361e-17	1.0676	0.3	-0.3974	1.57079632679	1.8477	1	
20200424_212020.582462	9.18485099361e-17	1.0676	0.3	-0.3974	1.57079632679	1.8477	1	
20200424_212020.682598	9.18485099361e-17	1.0676	0.3	-0.3974	1.57079632679	1.8477	1	
20200424_212020.782566	9.18485099361e-17	1.0676	0.3	-0.3974	1.57079632679	1.8477	1	
20200424_212020.882545	9.18485099361e-17	1.0676	0.3	-0.3974	1.57079632679	1.8477	1	
20200424_212020.982605	9.18485099361e-17	1.0676	0.3	-0.3974	1.57079632679	1.8477	1	
20200424_212021.082577	9.18485099361e-17	1.0676	0.3	-0.3974	1.57079632679	1.8477	1	
20200424_212021.182578	9.18485099361e-17	1.0676	0.3	-0.3974	1.57079632679	1.8477	1	
20200424_212021.282588	9.18485099361e-17	1.0676	0.3	-0.3974	1.57079632679	1.8477	1	
20200424_212021.382563	9.18485099361e-17	1.0676	0.3	-0.3974	1.57079632679	1.8477	1	
20200424_212021.482588	9.18485099361e-17	1.0676	0.3	-0.3974	1.57079632679	1.8477	1	
20200424_212021.582452	9.18485099361e-17	1.0676	0.3	-0.3974	1.57079632679	1.8477	1	
20200424_212021.682560	9.18485099361e-17	1.0676	0.3	-0.3974	1.57079632679	1.8477	1	
20200424_212021.782530	9.18485099361e-17	1.0676	0.3	-0.3974	1.57079632679	1.8477	1	
20200424_212021.882530	9.18485099361e-17	1.0676	0.3	-0.3974	1.57079632679	1.8477	1	
20200424_212021.982557	9.18485099361e-17	1.0676	0.3	-0.3974	1.57079632679	1.8477	1	
20200424_212022.082550	9.18485099361e-17	1.0676	0.3	-0.3974	1.57079632679	1.8477	1	
20200424_212022.182572	9.18485099361e-17	1.0676	0.3	-0.3974	1.57079632679	1.8477	1	
20200424_212022.282465	9.18485099361e-17	1.0676	0.3	-0.3974	1.57079632679	1.8477	1	
20200424_212022.382540	9.18485099361e-17	1.0676	0.3	-0.3974	1.57079632679	1.8477	1	
20200424_212022.482576	9.18485099361e-17	1.0676	0.3	-0.3974	1.57079632679	1.8477	1	
20200424_212022.582433	9.18485099361e-17	1.0676	0.3	-0.3974	1.57079632679	1.8477	1	
20200424_212022.682575	9.18485099361e-17	1.0676	0.3	-0.3974	1.57079632679	1.8477	1	
20200424_212022.782530	9.18485099361e-17	1.0676	0.3	-0.3974	1.57079632679	1.8477	1	
20200424_212022.882497	9.18485099361e-17	1.0676	0.3	-0.3974	1.57079632679	1.8477	1	
20200424_212022.982580	9.18485099361e-17	1.0676	0.3	-0.3974	1.57079632679	1.8477	1	
20200424_212023.082564	9.18485099361e-17	1.0676	0.3	-0.3974	1.57079632679	1.8477	1	
20200424_212023.182608	9.18485099361e-17	1.0676	0.3	-0.3974	1.57079632679	1.8477	1	
20200424_212023.282590	9.18485099361e-17	1.0676	0.3	-0.3974	1.57079632679	1.8477	1	
20200424_212023.382554	9.18485099361e-17	1.0676	0.3	-0.3974	1.57079632679	1.8477	1	
20200424_212023.482560	9.18485099361e-17	1.0676	0.3	-0.3974	1.57079632679	1.8477	1	
20200424_212023.582392	9.18485099361e-17	1.0676	0.3	-0.3974	1.57079632679	1.8477	1	
20200424_212023.682432	9.18485099361e-17	1.0676	0.3	-0.3974	1.57079632679	1.8477	1	
20200424_212023.782531	9.18485099361e-17	1.0676	0.3	-0.3974	1.57079632679	1.8477	1	
20200424_212023.882560	9.18485099361e-17	1.0676	0.3	-0.3974	1.57079632679	1.8477	1	
20200424_212023.982494	9.18485099361e-17	1.0676	0.3	-0.3974	1.57079632679	1.8477	1	
20200424_212024.082591	9.18485099361e-17	1.0676	0.3	-0.3974	1.57079632679	1.8477	1	
20200424_212024.182666	9.18485099361e-17	1.0676	0.3	-0.3974	1.57079632679	1.8477	1	
20200424_212024.282590	9.18485099361e-17	1.0676	0.3	-0.3974	1.57079632679	1.8477	1	
20200424_212024.382545	9.18485099361e-17	1.0676	0.3	-0.3974	1.57079632679	1.8477	1	
20200424_212024.482558	9.18485099361e-17	1.0676	0.3	-0.3974	1.57079632679	1.8477	1	
20200424_212024.582476	9.18485099361e-17	1.0676	0.3	-0.3974	1.57079632679	1.8477	1	
20200424_212024.682585	9.18485099361e-17	1.0676	0.3	-0.3974	1.57079632679	1.8477	1	
20200424_212024.782591	9.18485099361e-17	1.0676	0.3	-0.3974	1.57079632679	1.8477	1	
20200424_212024.882512	9.18485099361e-17	1.0676	0.3	-0.3974	1.57079632679	1.8477	1	
20200424_212024.982630	9.18485099361e-17	1.0676	0.3	-0.3974	1.57079632679	1.8477	1	
20200424_212025.082615	9.18485099361e-17	1.0676	0.3	-0.3974	1.57079632679	1.8477	1	
20200424_212025.182604	9.18485099361e-17	1.0676	0.3	-0.3974	1.57079632679	1.8477	1	
20200424_212025.282602	9.18485099361e-17	1.0676	0.3	-0.3974	1.57079632679	1.8477	1	
20200424_212025.382573	9.18485099361e-17	1.0676	0.3	-0.3974	1.57079632679	1.8477	1	
20200424_212025.482637	9.18485099361e-17	1.0676	0.3	-0.3974	1.57079632679	1.8477	1	
20200424_212025.582420	9.18485099361e-17	1.0676	0.3	-0.3974	1.57079632679	1.8477	1	
20200424_212025.682589	9.18485099361e-17	1.0676	0.3	-0.3974	1.57079632679	1.8477	1	
20200424_212025.782587	9.18485099361e-17	1.0676	0.3	-0.3974	1.57079632679	1.8477	1	
20200424_212025.882601	9.18485099361e-17	1.0676	0.3	-0.3974	1.57079632679	1.8477	1	
20200424_212025.982507	9.18485099361e-17	1.0676	0.3	-0.3974	1.57079632679	1.8477	1	
20200424_212026.082574	9.18485099361e-17	1.0676	0.3	-0.3974	1.57079632679	1.8477	1	
20200424_212026.182571	9.18485099361e-17	1.0676	0.3	-0.3974	1.57079632679	1.8477	1	
20200424_212026.282643	9.18485099361e-17	1.0676	0.3	-0.3974	1.57079632679	1.8477	1	
20200424_212026.382506	9.18485099361e-17	1.0676	0.3	-0.3974	1.57079632679	1.8477	1	
20200424_212026.482500	9.18485099361e-17	1.0676	0.3	-0.3974	1.57079632679	1.8477	1	
20200424_212026.582481	9.18485099361e-17	1.0676	0.3	-0.3974	1.57079632679	1.8477	1	
20200424_212026.682608	9.18485099361e-17	1.0676	0.3	-0.3974	1.57079632679	1.8477	1	
20200424_212026.782668	9.18485099361e-17	1.0676	0.3	-0.3974	1.57079632679	1.8477	1	
20200424_212026.882513	9.18485099361e-17	1.0676	0.3	-0.3974	1.57079632679	1.8477	1	
20200424_212026.982617	9.18485099361e-17	1.0676	0.3	-0.3974	1.57079632679	1.8477	1	
20200424_212027.082548	9.18485099361e-17	1.0676	0.3	-0.3974	1.57079632679	1.8477	1	
20200424_212027.182588	9.18485099361e-17	1.0676	0.3	-0.3974	1.57079632679	1.8477	1	
20200424_212027.282542	9.18485099361e-17	1.0676	0.3	-0.3974	1.57079632679	1.8477	1	
20200424_212027.382525	9.18485099361e-17	1.0676	0.3	-0.3974	1.57079632679	1.8477	1	
20200424_212027.482569	9.18485099361e-17	1.0676	0.3	-0.3974	1.57079632679	1.8477	1	
20200424_212027.582472	9.18485099361e-17	1.0676	0.3	-0.3974	1.57079632679	1.8477	1	
20200424_212027.682532	9.18485099361e-17	1.0676	0.3	-0.3974	1.57079632679	1.8477	1	
20200424_212027.782557	9.18485099361e-17	1.0676	0.3	-0.3974	1.57079632679	1.8477	1	
20200424_212027.882595	9.18485099361e-17	1.0676	0.3	-0.3974	1.57079632679	1.8477	1	
20200424_212027.982592	9.18485099361e-17	1.0676	0.3	-0.3974	1.57079632679	1.8477	1	
20200424_212028.082553	9.18485099361e-17	1.0676	0.3	-0.3974	1.57079632679	1.8477	1	
20200424_212028.182585	9.18485099361e-17	1.0676	0.3	-0.3974	1.57079632679	1.8477	1	
20200424_212028.282582	9.18485099361e-17	1.0676	0.3	-0.3974	1.57079632679	1.8477	1	
20200424_212028.382568	9.18485099361e-17	1.0676	0.3	-0.3974	1.57079632679	1.8477	1	
20200424_212028.482540	9.18485099361e-17	1.0676	0.3	-0.3974	1.57079632679	1.8477	1	
20200424_212028.582437	9.18485099361e-17	1.0676	0.3	-0.3974	1.57079632679	1.8477	1	
20200424_212028.682582	9.18485099361e-17	1.0676	0.3	-0.3974	1.57079632679	1.8477	1	
20200424_212028.782588	9.18485099361e-17	1.0676	0.3	-0.3974	1.57079632679	1.8477	1	
20200424_212028.882617	9.18485099361e-17	1.0676	0.3	-0.3974	1.57079632679	1.8477	1	
20200424_212028.982522	9.18485099361e-17	1.0676	0.3	-0.3974	1.57079632679	1.8477	1	
20200424_212029.082530	9.18485099361e-17	1.0676	0.3	-0.3974	1.57079632679	1.8477	1	
20200424_212029.182495	9.18485099361e-17	1.0676	0.3	-0.3974	1.57079632679	1.8477	1	
20200424_212029.282572	9.18485099361e-17	1.0676	0.3	-0.3974	1.57079632679	1.8477	1	
20200424_212029.382566	9.18485099361e-17	1.0676	0.3	-0.3974	1.57079632679	1.8477	1	
20200424_212029.482553	9.18485099361e-17	1.0676	0.3	-0.3974	1.57079632679	1.8477	1	
20200424_212029.582419	9.18485099361e-17	1.0676	0.3	-0.3974	1.57079632679	1.8477	1	
20200424_212029.682650	9.18485099361e-17	1.0676	0.3	-0.3974	1.57079632679	1.8477	1	
20200424_212029.782613	9.18485099361e-17	1.0676	0.3	-0.3974	1.57079632679	1.8477	1	
20200424_212029.882559	9.18485099361e-17	1.0676	0.3	-0.3974	1.57079632679	1.8477	1	
20200424_212029.982575	9.18485099361e-17	1.0676	0.3	-0.3974	1.57079632679	1.8477	1	
20200424_212030.082633	9.18485099361e-17	1.0676	0.3	-0.3974	1.57079632679	1.8477	1	
20200424_212030.182577	9.18485099361e-17	1.0676	0.3	-0.3974	1.57079632679	1.8477	1	
20200424_212030.282573	9.18485099361e-17	1.0676	0.3	-0.3974	1.57079632679	1.8477	1	
20200424_212030.382582	9.18485099361e-17	1.0676	0.3	-0.3974	1.57079632679	1.8477	1	
20200424_212030.482619	9.18485099361e-17	1.0676	0.3	-0.3974	1.57079632679	1.8477	1	
20200424_212030.582449	9.18485099361e-17	1.0676	0.3	-0.3974	1.57079632679	1.8477	1	
20200424_212030.682531	9.18485099361e-17	1.0676	0.3	-0.3974	1.57079632679	1.8477	1	
20200424_212030.782541	9.18485099361e-17	1.0676	0.3	-0.3974	1.57079632679	1.8477	1	
20200424_212030.882567	9.18485099361e-17	1.0676	0.3	-0.3974	1.57079632679	1.8477	1	
20200424_212030.982582	9.18485099361e-17	1.0676	0.3	-0.3974	1.57079632679	1.8477	1	
20200424_212031.082473	9.18485099361e-17	1.0676	0.3	-0.3974	1.57079632679	1.8477	1	
20200424_212031.182557	9.18485099361e-17	1.0676	0.3	-0.3974	1.57079632679	1.8477	1	
20200424_212031.282580	9.18485099361e-17	1.0676	0.3	-0.3974	1.57079632679	1.8477	1	
20200424_212031.382600	9.18485099361e-17	1.0676	0.3	-0.3974	1.57079632679	1.8477	1	
20200424_212031.482582	9.18485099361e-17	1.0676	0.3	-0.3974	1.57079632679	1.8477	1	
20200424_212031.582431	9.18485099361e-17	1.0676	0.3	-0.3974	1.57079632679	1.8477	1	
20200424_212031.682499	9.18485099361e-17	1.0676	0.3	-0.3974	1.57079632679	1.8477	1	
20200424_212031.782610	9.18485099361e-17	1.0676	0.3	-0.3974	1.57079632679	1.8477	1	
20200424_212031.882567	9.18485099361e-17	1.0676	0.3	-0.3974	1.57079632679	1.8477	1	
20200424_212031.982550	9.18485099361e-17	1.0676	0.3	-0.3974	1.57079632679	1.8477	1	
20200424_212032.082543	9.18485099361e-17	1.0676	0.3	-0.3974	1.57079632679	1.8477	1	
20200424_212032.182630	9.18485099361e-17	1.0676	0.3	-0.3974	1.57079632679	1.8477	1	
20200424_212032.282543	9.18485099361e-17	1.0676	0.3	-0.3974	1.57079632679	1.8477	1	
20200424_212032.382533	9.18485099361e-17	1.0676	0.3	-0.3974	1.57079632679	1.8477	1	
20200424_212032.482558	9.18485099361e-17	1.0676	0.3	-0.3974	1.57079632679	1.8477	1	
20200424_212032.582370	9.18485099361e-17	1.0676	0.3	-0.3974	1.57079632679	1.8477	1	
20200424_212032.682508	9.18485099361e-17	1.0676	0.3	-0.3974	1.57079632679	1.8477	1	
20200424_212032.782582	9.18485099361e-17	1.0676	0.3	-0.3974	1.57079632679	1.8477	1	
20200424_212032.882513	9.18485099361e-17	1.0676	0.3	-0.3974	1.57079632679	1.8477	1	
20200424_212032.982593	9.18485099361e-17	1.0676	0.3	-0.3974	1.57079632679	1.8477	1	
20200424_212033.082590	9.18485099361e-17	1.0676	0.3	-0.3974	1.57079632679	1.8477	1	
20200424_212033.182560	9.18485099361e-17	1.0676	0.3	-0.3974	1.57079632679	1.8477	1	
20200424_212033.282622	9.18485099361e-17	1.0676	0.3	-0.3974	1.57079632679	1.8477	1	
20200424_212033.382575	9.18485099361e-17	1.0676	0.3	-0.3974	1.57079632679	1.8477	1	
20200424_212033.482587	9.18485099361e-17	1.0676	0.3	-0.3974	1.57079632679	1.8477	1	
20200424_212033.582411	9.18485099361e-17	1.0676	0.3	-0.3974	1.57079632679	1.8477	1	
20200424_212033.682473	9.18485099361e-17	1.0676	0.3	-0.3974	1.57079632679	1.8477	1	
20200424_212033.782516	9.18485099361e-17	1.0676	0.3	-0.3974	1.57079632679	1.8477	1	
20200424_212033.882579	9.18485099361e-17	1.0676	0.3	-0.3974	1.57079632679	1.8477	1	
20200424_212033.982392	9.18485099361e-17	1.0676	0.3	-0.3974	1.57079632679	1.8477	1	
20200424_212034.082818	9.18485099361e-17	1.0676	0.3	-0.3974	1.57079632679	1.8477	1	
20200424_212034.182845	9.18485099361e-17	1.0676	0.3	-0.3974	1.57079632679	1.8477	1	
20200424_212034.282481	9.18485099361e-17	1.0676	0.3	-0.3974	1.57079632679	1.8477	1	
20200424_212034.382569	9.18485099361e-17	1.0676	0.3	-0.3974	1.57079632679	1.8477	1	
20200424_212034.482559	9.18485099361e-17	1.0676	0.3	-0.3974	1.57079632679	1.8477	1	
20200424_212034.582418	9.18485099361e-17	1.0676	0.3	-0.3974	1.57079632679	1.8477	1	
20200424_212034.682472	9.18485099361e-17	1.0676	0.3	-0.3974	1.57079632679	1.8477	1	
20200424_212034.782527	9.18485099361e-17	1.0676	0.3	-0.3974	1.57079632679	1.8477	1	
20200424_212034.882669	9.18485099361e-17	1.0676	0.3	-0.3974	1.57079632679	1.8477	1	
20200424_212034.982530	9.18485099361e-17	1.0676	0.3	-0.3974	1.57079632679	1.8477	1	
20200424_212035.082547	9.18485099361e-17	1.0676	0.3	-0.3974	1.57079632679	1.8477	1	
20200424_212035.182616	9.18485099361e-17	1.0676	0.3	-0.3974	1.57079632679	1.8477	1	
20200424_212035.282606	9.18485099361e-17	1.0676	0.3	-0.3974	1.57079632679	1.8477	1	
20200424_212035.382553	9.18485099361e-17	1.0676	0.3	-0.3974	1.57079632679	1.8477	1	
20200424_212035.482522	9.18485099361e-17	1.0676	0.3	-0.3974	1.57079632679	1.8477	1	
20200424_212035.582414	9.18485099361e-17	1.0676	0.3	-0.3974	1.57079632679	1.8477	1	
20200424_212035.682494	9.18485099361e-17	1.0676	0.3	-0.3974	1.57079632679	1.8477	1	
20200424_212035.782554	9.18485099361e-17	1.0676	0.3	-0.3974	1.57079632679	1.8477	1	
20200424_212035.882556	9.18485099361e-17	1.0676	0.3	-0.3974	1.57079632679	1.8477	1	
20200424_212035.982601	9.18485099361e-17	1.0676	0.3	-0.3974	1.57079632679	1.8477	1	
20200424_212036.082546	9.18485099361e-17	1.0676	0.3	-0.3974	1.57079632679	1.8477	1	
20200424_212036.182637	9.18485099361e-17	0.4674	0.3	1.2662	1.57079632679	0.4884	1	
20200424_212036.282552	9.18485099361e-17	0.4294	0.3	1.2297	1.57079632679	0.4994	1	
20200424_212036.382568	9.18485099361e-17	0.3887	0.3	1.1828	1.57079632679	0.6018	1	
20200424_212036.482724	9.18485099361e-17	0.36	0.3	1.1523	1.57079632679	0.6941	1	
20200424_212036.582437	9.18485099361e-17	0.3506	0.3	1.1395	1.57079632679	0.7048	1	
20200424_212036.682614	9.18485099361e-17	0.3488	0.3	1.1356	1.57079632679	0.6734	1	
20200424_212036.782533	9.18485099361e-17	0.3537	0.3	1.1345	1.57079632679	0.7205	1	
20200424_212036.882556	9.18485099361e-17	0.3736	0.3	1.1476	1.57079632679	0.7945	1	
20200424_212036.982568	9.18485099361e-17	0.4002	0.3	1.1741	1.57079632679	0.7822	1	
20200424_212037.082526	9.18485099361e-17	0.4286	0.3	1.2015	1.57079632679	0.7493	1	
20200424_212037.182517	9.18485099361e-17	0.4686	0.3	1.2394	1.57079632679	0.7885	1	
20200424_212037.282457	9.18485099361e-17	0.4686	0.3	1.2394	1.57079632679	0.7885	1	
20200424_212037.382500	9.18485099361e-17	0.4686	0.3	1.2394	1.57079632679	0.7885	1	
20200424_212037.482714	9.18485099361e-17	0.4686	0.3	1.2394	1.57079632679	0.7885	1	
20200424_212037.582445	9.18485099361e-17	0.4686	0.3	1.2394	1.57079632679	0.7885	1	
20200424_212037.682426	9.18485099361e-17	0.7131	0.3	1.4327	1.57079632679	0.6517	1	
20200424_212037.782420	9.18485099361e-17	0.7131	0.3	1.4327	1.57079632679	0.6517	1	
20200424_212037.882585	9.18485099361e-17	0.7131	0.3	1.4327	1.57079632679	0.6517	1	
20200424_212037.982576	9.18485099361e-17	0.7131	0.3	1.4327	1.57079632679	0.6517	1	
20200424_212038.082546	9.18485099361e-17	0.7131	0.3	1.4327	1.57079632679	0.6517	1	
20200424_212038.182595	9.18485099361e-17	0.7131	0.3	1.4327	1.57079632679	0.6517	1	
20200424_212038.282562	9.18485099361e-17	0.7131	0.3	1.4327	1.57079632679	0.6517	1	
20200424_212038.382647	9.18485099361e-17	0.7131	0.3	1.4327	1.57079632679	0.6517	1	
20200424_212038.482611	9.18485099361e-17	0.7131	0.3	1.4327	1.57079632679	0.6517	1	
20200424_212038.582339	9.18485099361e-17	0.7131	0.3	1.4327	1.57079632679	0.6517	1	
20200424_212038.682479	9.18485099361e-17	0.7131	0.3	1.4327	1.57079632679	0.6517	1	
20200424_212038.782505	9.18485099361e-17	0.8376	0.3	1.4321	1.57079632679	0.7371	1	
20200424_212038.882565	9.18485099361e-17	0.8317	0.3	1.4251	1.57079632679	0.7501	1	
20200424_212038.982547	9.18485099361e-17	0.8317	0.3	1.4251	1.57079632679	0.7501	1	
20200424_212039.082556	9.18485099361e-17	0.8317	0.3	1.4251	1.57079632679	0.7501	1	
20200424_212039.182562	9.18485099361e-17	0.8317	0.3	1.4251	1.57079632679	0.7501	1	
20200424_212039.282512	9.18485099361e-17	0.8317	0.3	1.4251	1.57079632679	0.7501	1	
20200424_212039.382540	9.18485099361e-17	0.8157	0.3	1.408	1.57079632679	0.9593	1	
20200424_212039.482623	9.18485099361e-17	0.8157	0.3	1.408	1.57079632679	0.9593	1	
20200424_212039.582409	9.18485099361e-17	0.8157	0.3	1.408	1.57079632679	0.9593	1	
20200424_212039.682524	9.18485099361e-17	0.8157	0.3	1.408	1.57079632679	0.9593	1	
20200424_212039.782734	9.18485099361e-17	0.8157	0.3	1.408	1.57079632679	0.9593	1	
20200424_212039.882666	9.18485099361e-17	0.8157	0.3	1.408	1.57079632679	0.9593	1	
20200424_212039.982539	9.18485099361e-17	0.8157	0.3	1.408	1.57079632679	0.9593	1	
20200424_212040.082546	9.18485099361e-17	0.8157	0.3	1.408	1.57079632679	0.9593	1	
20200424_212040.182581	9.18485099361e-17	0.8319	0.3	1.4796	1.57079632679	0.8666	1	
20200424_212040.282468	9.18485099361e-17	0.8319	0.3	1.4796	1.57079632679	0.8666	1	
20200424_212040.382558	9.18485099361e-17	0.8319	0.3	1.4796	1.57079632679	0.8666	1	
20200424_212040.482622	9.18485099361e-17	0.8319	0.3	1.4796	1.57079632679	0.8666	1	
20200424_212040.582421	9.18485099361e-17	0.8319	0.3	1.4796	1.57079632679	0.8666	1	
20200424_212040.682499	9.18485099361e-17	0.8319	0.3	1.4796	1.57079632679	0.8666	1	
20200424_212040.782649	9.18485099361e-17	0.8319	0.3	1.4796	1.57079632679	0.8666	1	
20200424_212040.882531	9.18485099361e-17	0.8319	0.3	1.4796	1.57079632679	0.8666	1	
20200424_212040.982572	9.18485099361e-17	0.8288	0.3	1.5024	1.57079632679	0.8672	1	
20200424_212041.082561	9.18485099361e-17	0.8273	0.3	1.5009	1.57079632679	0.8995	1	
20200424_212041.182715	9.18485099361e-17	0.8274	0.3	1.5056	1.57079632679	0.8756	1	
20200424_212041.282513	9.18485099361e-17	0.8274	0.3	1.5056	1.57079632679	0.8756	1	
20200424_212041.382568	9.18485099361e-17	0.8274	0.3	1.5056	1.57079632679	0.8756	1	
20200424_212041.482692	9.18485099361e-17	0.8274	0.3	1.5056	1.57079632679	0.8756	1	
20200424_212041.582370	9.18485099361e-17	0.8274	0.3	1.5056	1.57079632679	0.8756	1	
20200424_212041.682468	9.18485099361e-17	0.8274	0.3	1.5056	1.57079632679	0.8756	1	
20200424_212041.782547	9.18485099361e-17	0.8312	0.3	1.5113	1.57079632679	0.8533	1	
20200424_212041.882578	9.18485099361e-17	0.8312	0.3	1.5113	1.57079632679	0.8533	1	
20200424_212041.982540	9.18485099361e-17	0.8312	0.3	1.5113	1.57079632679	0.8533	1	
20200424_212042.082582	9.18485099361e-17	0.8312	0.3	1.5113	1.57079632679	0.8533	1	
20200424_212042.182511	9.18485099361e-17	0.8312	0.3	1.5113	1.57079632679	0.8533	1	
20200424_212042.282540	9.18485099361e-17	0.8312	0.3	1.5113	1.57079632679	0.8533	1	
20200424_212042.382463	9.18485099361e-17	0.8312	0.3	1.5113	1.57079632679	0.8533	1	
20200424_212042.482565	9.18485099361e-17	0.8312	0.3	1.5113	1.57079632679	0.8533	1	
20200424_212042.582424	9.18485099361e-17	0.8312	0.3	1.5113	1.57079632679	0.8533	1	
20200424_212042.682493	9.18485099361e-17	0.6997	0.3	1.2851	1.57079632679	1.0775	1	
20200424_212042.782494	9.18485099361e-17	0.6997	0.3	1.2851	1.57079632679	1.0775	1	
20200424_212042.882547	9.18485099361e-17	0.6997	0.3	1.2851	1.57079632679	1.0775	1	
20200424_212042.982514	9.18485099361e-17	0.6997	0.3	1.2851	1.57079632679	1.0775	1	
20200424_212043.082599	9.18485099361e-17	0.7037	0.3	1.2824	1.57079632679	1.0718	1	
20200424_212043.182499	9.18485099361e-17	0.7037	0.3	1.2824	1.57079632679	1.0718	1	
20200424_212043.282496	9.18485099361e-17	0.7037	0.3	1.2824	1.57079632679	1.0718	1	
20200424_212043.382577	9.18485099361e-17	0.7037	0.3	1.2824	1.57079632679	1.0718	1	
20200424_212043.482544	9.18485099361e-17	0.7037	0.3	1.2824	1.57079632679	1.0718	1	
20200424_212043.582431	9.18485099361e-17	0.7037	0.3	1.2824	1.57079632679	1.0718	1	
20200424_212043.682489	9.18485099361e-17	0.7037	0.3	1.2824	1.57079632679	1.0718	1	
20200424_212043.782528	9.18485099361e-17	0.7037	0.3	1.2824	1.57079632679	1.0718	1	
20200424_212043.882598	9.18485099361e-17	0.7037	0.3	1.2824	1.57079632679	1.0718	1	
20200424_212043.982540	9.18485099361e-17	0.7037	0.3	1.2824	1.57079632679	1.0718	1	
20200424_212044.082514	9.18485099361e-17	0.7037	0.3	1.2824	1.57079632679	1.0718	1	
20200424_212044.182431	9.18485099361e-17	0.7037	0.3	1.2824	1.57079632679	1.0718	1	
20200424_212044.282507	9.18485099361e-17	0.7037	0.3	1.2824	1.57079632679	1.0718	1	
20200424_212044.382558	9.18485099361e-17	0.7037	0.3	1.2824	1.57079632679	1.0718	1	
20200424_212044.482522	9.18485099361e-17	0.7037	0.3	1.2824	1.57079632679	1.0718	1	
20200424_212044.582357	9.18485099361e-17	0.7037	0.3	1.2824	1.57079632679	1.0718	1	
20200424_212044.682551	9.18485099361e-17	0.7037	0.3	1.2824	1.57079632679	1.0718	1	
20200424_212044.782592	9.18485099361e-17	0.7037	0.3	1.2824	1.57079632679	1.0718	1	
20200424_212044.882600	9.18485099361e-17	0.7037	0.3	1.2824	1.57079632679	1.0718	1	
20200424_212044.982561	9.18485099361e-17	0.7037	0.3	1.2824	1.57079632679	1.0718	1	
20200424_212045.082549	9.18485099361e-17	0.7037	0.3	1.2824	1.57079632679	1.0718	1	
20200424_212045.182528	9.18485099361e-17	0.7037	0.3	1.2824	1.57079632679	1.0718	1	
20200424_212045.282562	9.18485099361e-17	0.7037	0.3	1.2824	1.57079632679	1.0718	1	
20200424_212045.382548	9.18485099361e-17	0.7037	0.3	1.2824	1.57079632679	1.0718	1	
20200424_212045.482544	9.18485099361e-17	0.7037	0.3	1.2824	1.57079632679	1.0718	1	
20200424_212045.582453	9.18485099361e-17	0.7037	0.3	1.2824	1.57079632679	1.0718	1	
20200424_212045.682507	9.18485099361e-17	0.7037	0.3	1.2824	1.57079632679	1.0718	1	
20200424_212045.782527	9.18485099361e-17	0.7037	0.3	1.2824	1.57079632679	1.0718	1	
20200424_212045.882501	9.18485099361e-17	0.7037	0.3	1.2824	1.57079632679	1.0718	1	
20200424_212045.982580	9.18485099361e-17	0.7037	0.3	1.2824	1.57079632679	1.0718	1	
20200424_212046.082516	9.18485099361e-17	0.7037	0.3	1.2824	1.57079632679	1.0718	1	
20200424_212046.182512	9.18485099361e-17	0.7037	0.3	1.2824	1.57079632679	1.0718	1	
20200424_212046.282495	9.18485099361e-17	0.7037	0.3	1.2824	1.57079632679	1.0718	1	
20200424_212046.382545	9.18485099361e-17	0.7037	0.3	1.2824	1.57079632679	1.0718	1	
20200424_212046.482503	9.18485099361e-17	0.7037	0.3	1.2824	1.57079632679	1.0718	1	
20200424_212046.582505	9.18485099361e-17	0.7037	0.3	1.2824	1.57079632679	1.0718	1	
20200424_212046.682403	9.18485099361e-17	0.7037	0.3	1.2824	1.57079632679	1.0718	1	
20200424_212046.782536	9.18485099361e-17	0.7037	0.3	1.2824	1.57079632679	1.0718	1	
20200424_212046.882554	9.18485099361e-17	0.7037	0.3	1.2824	1.57079632679	1.0718	1	
20200424_212046.982680	9.18485099361e-17	0.7037	0.3	1.2824	1.57079632679	1.0718	1	
20200424_212047.082518	9.18485099361e-17	0.7037	0.3	1.2824	1.57079632679	1.0718	1	
20200424_212047.182520	9.18485099361e-17	0.7037	0.3	1.2824	1.57079632679	1.0718	1	
20200424_212047.282592	9.18485099361e-17	0.7037	0.3	1.2824	1.57079632679	1.0718	1	
20200424_212047.382578	9.18485099361e-17	0.7037	0.3	1.2824	1.57079632679	1.0718	1	
20200424_212047.482558	9.18485099361e-17	0.7037	0.3	1.2824	1.57079632679	1.0718	1	
20200424_212047.582381	9.18485099361e-17	0.7037	0.3	1.2824	1.57079632679	1.0718	1	
20200424_212047.682509	9.18485099361e-17	0.7037	0.3	1.2824	1.57079632679	1.0718	1	
20200424_212047.782503	9.18485099361e-17	0.7037	0.3	1.2824	1.57079632679	1.0718	1	
20200424_212047.882461	9.18485099361e-17	0.7037	0.3	1.2824	1.57079632679	1.0718	1	
20200424_212047.982637	9.18485099361e-17	0.7037	0.3	1.2824	1.57079632679	1.0718	1	
20200424_212048.082514	9.18485099361e-17	0.7037	0.3	1.2824	1.57079632679	1.0718	1	
20200424_212048.182623	9.18485099361e-17	0.7037	0.3	1.2824	1.57079632679	1.0718	1	
20200424_212048.282593	9.18485099361e-17	0.7037	0.3	1.2824	1.57079632679	1.0718	1	
20200424_212048.382643	9.18485099361e-17	0.7037	0.3	1.2824	1.57079632679	1.0718	1	
20200424_212048.482516	9.18485099361e-17	0.7037	0.3	1.2824	1.57079632679	1.0718	1	
20200424_212048.582378	9.18485099361e-17	0.7037	0.3	1.2824	1.57079632679	1.0718	1	
20200424_212048.682498	9.18485099361e-17	0.7037	0.3	1.2824	1.57079632679	1.0718	1	
20200424_212048.782525	9.18485099361e-17	0.7037	0.3	1.2824	1.57079632679	1.0718	1	
20200424_212048.882659	9.18485099361e-17	0.7037	0.3	1.2824	1.57079632679	1.0718	1	
20200424_212048.982571	9.18485099361e-17	0.7037	0.3	1.2824	1.57079632679	1.0718	1	
20200424_212049.082505	9.18485099361e-17	0.7037	0.3	1.2824	1.57079632679	1.0718	1	
20200424_212049.182536	9.18485099361e-17	0.7037	0.3	1.2824	1.57079632679	1.0718	1	
20200424_212049.282501	9.18485099361e-17	0.7037	0.3	1.2824	1.57079632679	1.0718	1	
20200424_212049.382556	9.18485099361e-17	0.7037	0.3	1.2824	1.57079632679	1.0718	1	
20200424_212049.482700	9.18485099361e-17	0.7037	0.3	1.2824	1.57079632679	1.0718	1	
20200424_212049.582381	9.18485099361e-17	0.7037	0.3	1.2824	1.57079632679	1.0718	1	
20200424_212049.682722	9.18485099361e-17	0.7037	0.3	1.2824	1.57079632679	1.0718	1	
20200424_212049.782981	9.18485099361e-17	0.7037	0.3	1.2824	1.57079632679	1.0718	1	
20200424_212049.882410	9.18485099361e-17	0.7037	0.3	1.2824	1.57079632679	1.0718	1	
20200424_212049.982645	9.18485099361e-17	0.7037	0.3	1.2824	1.57079632679	1.0718	1	
20200424_212050.082531	9.18485099361e-17	0.7037	0.3	1.2824	1.57079632679	1.0718	1	
20200424_212050.182756	9.18485099361e-17	0.7037	0.3	1.2824	1.57079632679	1.0718	1	
20200424_212050.282649	9.18485099361e-17	0.7037	0.3	1.2824	1.57079632679	1.0718	1	
20200424_212050.382667	9.18485099361e-17	0.7037	0.3	1.2824	1.57079632679	1.0718	1	
20200424_212050.482533	9.18485099361e-17	0.7037	0.3	1.2824	1.57079632679	1.0718	1	
20200424_212050.582406	9.18485099361e-17	0.7037	0.3	1.2824	1.57079632679	1.0718	1	
20200424_212050.682427	9.18485099361e-17	0.7037	0.3	1.2824	1.57079632679	1.0718	1	
20200424_212050.782774	9.18485099361e-17	0.7037	0.3	1.2824	1.57079632679	1.0718	1	
20200424_212050.882680	9.18485099361e-17	0.7037	0.3	1.2824	1.57079632679	1.0718	1	
20200424_212050.982692	9.18485099361e-17	0.7037	0.3	1.2824	1.57079632679	1.0718	1	
20200424_212051.082525	9.18485099361e-17	0.7037	0.3	1.2824	1.57079632679	1.0718	1	
20200424_212051.182604	9.18485099361e-17	0.7037	0.3	1.2824	1.57079632679	1.0718	1	
20200424_212051.282673	9.18485099361e-17	0.7037	0.3	1.2824	1.57079632679	1.0718	1	
20200424_212051.382484	9.18485099361e-17	0.7037	0.3	1.2824	1.57079632679	1.0718	1	
20200424_212051.482619	9.18485099361e-17	0.7037	0.3	1.2824	1.57079632679	1.0718	1	
20200424_212051.582405	9.18485099361e-17	0.7037	0.3	1.2824	1.57079632679	1.0718	1	
20200424_212051.682690	9.18485099361e-17	0.7037	0.3	1.2824	1.57079632679	1.0718	1	
20200424_212051.782519	9.18485099361e-17	0.7037	0.3	1.2824	1.57079632679	1.0718	1	
20200424_212051.882637	9.18485099361e-17	0.7037	0.3	1.2824	1.57079632679	1.0718	1	
20200424_212051.982720	9.18485099361e-17	0.7037	0.3	1.2824	1.57079632679	1.0718	1	
20200424_212052.082579	9.18485099361e-17	0.7037	0.3	1.2824	1.57079632679	1.0718	1	
20200424_212052.182863	9.18485099361e-17	0.7037	0.3	1.2824	1.57079632679	1.0718	1	
20200424_212052.282845	9.18485099361e-17	0.7037	0.3	1.2824	1.57079632679	1.0718	1	
20200424_212052.382682	9.18485099361e-17	0.7037	0.3	1.2824	1.57079632679	1.0718	1	
20200424_212052.482481	9.18485099361e-17	0.7037	0.3	1.2824	1.57079632679	1.0718	1	
20200424_212052.582410	9.18485099361e-17	0.7037	0.3	1.2824	1.57079632679	1.0718	1	
20200424_212052.682714	9.18485099361e-17	0.7037	0.3	1.2824	1.57079632679	1.0718	1	
20200424_212052.782515	9.18485099361e-17	0.7037	0.3	1.2824	1.57079632679	1.0718	1	
20200424_212052.882785	9.18485099361e-17	0.7037	0.3	1.2824	1.57079632679	1.0718	1	
20200424_212052.982789	9.18485099361e-17	0.7037	0.3	1.2824	1.57079632679	1.0718	1	
20200424_212053.082701	9.18485099361e-17	0.7037	0.3	1.2824	1.57079632679	1.0718	1	
20200424_212053.182602	9.18485099361e-17	0.7037	0.3	1.2824	1.57079632679	1.0718	1	
20200424_212053.282575	9.18485099361e-17	0.7037	0.3	1.2824	1.57079632679	1.0718	1	
20200424_212053.382557	9.18485099361e-17	0.7037	0.3	1.2824	1.57079632679	1.0718	1	
20200424_212053.482669	9.18485099361e-17	0.7037	0.3	1.2824	1.57079632679	1.0718	1	
20200424_212053.582448	9.18485099361e-17	0.7037	0.3	1.2824	1.57079632679	1.0718	1	
20200424_212053.682721	9.18485099361e-17	0.7037	0.3	1.2824	1.57079632679	1.0718	1	
20200424_212053.782804	9.18485099361e-17	0.7037	0.3	1.2824	1.57079632679	1.0718	1	
20200424_212053.882560	9.18485099361e-17	0.7037	0.3	1.2824	1.57079632679	1.0718	1	
20200424_212053.982540	9.18485099361e-17	0.7037	0.3	1.2824	1.57079632679	1.0718	1	
20200424_212054.082785	9.18485099361e-17	0.7037	0.3	1.2824	1.57079632679	1.0718	1	
20200424_212054.182525	9.18485099361e-17	0.7037	0.3	1.2824	1.57079632679	1.0718	1	
20200424_212054.282881	9.18485099361e-17	0.7037	0.3	1.2824	1.57079632679	1.0718	1	
20200424_212054.382736	9.18485099361e-17	0.7037	0.3	1.2824	1.57079632679	1.0718	1	
20200424_212054.482743	9.18485099361e-17	0.7037	0.3	1.2824	1.57079632679	1.0718	1	
20200424_212054.582393	9.18485099361e-17	0.7037	0.3	1.2824	1.57079632679	1.0718	1	
20200424_212054.682769	9.18485099361e-17	0.7037	0.3	1.2824	1.57079632679	1.0718	1	
20200424_212054.782453	9.18485099361e-17	0.7037	0.3	1.2824	1.57079632679	1.0718	1	
20200424_212054.882566	9.18485099361e-17	0.7037	0.3	1.2824	1.57079632679	1.0718	1	
20200424_212054.982629	9.18485099361e-17	0.7037	0.3	1.2824	1.57079632679	1.0718	1	
20200424_212055.082722	9.18485099361e-17	0.7037	0.3	1.2824	1.57079632679	1.0718	1	
20200424_212055.183040	9.18485099361e-17	0.7037	0.3	1.2824	1.57079632679	1.0718	1	
20200424_212055.282650	9.18485099361e-17	0.7037	0.3	1.2824	1.57079632679	1.0718	1	
20200424_212055.382757	9.18485099361e-17	0.7037	0.3	1.2824	1.57079632679	1.0718	1	
20200424_212055.482495	9.18485099361e-17	0.7037	0.3	1.2824	1.57079632679	1.0718	1	
20200424_212055.582440	9.18485099361e-17	0.7037	0.3	1.2824	1.57079632679	1.0718	1	
20200424_212055.682538	9.18485099361e-17	0.7037	0.3	1.2824	1.57079632679	1.0718	1	
20200424_212055.782718	9.18485099361e-17	0.7037	0.3	1.2824	1.57079632679	1.0718	1	
20200424_212055.882695	9.18485099361e-17	0.7037	0.3	1.2824	1.57079632679	1.0718	1	
20200424_212055.982696	9.18485099361e-17	0.7037	0.3	1.2824	1.57079632679	1.0718	1	
20200424_212056.082699	9.18485099361e-17	0.7037	0.3	1.2824	1.57079632679	1.0718	1	
20200424_212056.182654	9.18485099361e-17	0.7037	0.3	1.2824	1.57079632679	1.0718	1	
20200424_212056.282592	9.18485099361e-17	0.7037	0.3	1.2824	1.57079632679	1.0718	1	
20200424_212056.382452	9.18485099361e-17	0.7037	0.3	1.2824	1.57079632679	1.0718	1	
20200424_212056.482729	9.18485099361e-17	0.7037	0.3	1.2824	1.57079632679	1.0718	1	
20200424_212056.582421	9.18485099361e-17	0.7037	0.3	1.2824	1.57079632679	1.0718	1	
20200424_212056.682743	9.18485099361e-17	0.7037	0.3	1.2824	1.57079632679	1.0718	1	
20200424_212056.782658	9.18485099361e-17	0.7037	0.3	1.2824	1.57079632679	1.0718	1	
20200424_212056.882676	9.18485099361e-17	0.7037	0.3	1.2824	1.57079632679	1.0718	1	
20200424_212056.982687	9.18485099361e-17	0.7037	0.3	1.2824	1.57079632679	1.0718	1	
20200424_212057.082536	9.18485099361e-17	0.7037	0.3	1.2824	1.57079632679	1.0718	1	
20200424_212057.182577	9.18485099361e-17	0.7037	0.3	1.2824	1.57079632679	1.0718	1	
20200424_212057.282613	9.18485099361e-17	0.7037	0.3	1.2824	1.57079632679	1.0718	1	
20200424_212057.382735	9.18485099361e-17	0.7037	0.3	1.2824	1.57079632679	1.0718	1	
20200424_212057.482495	9.18485099361e-17	0.7037	0.3	1.2824	1.57079632679	1.0718	1	
20200424_212057.582411	9.18485099361e-17	0.7037	0.3	1.2824	1.57079632679	1.0718	1	
20200424_212057.682675	9.18485099361e-17	0.7037	0.3	1.2824	1.57079632679	1.0718	1	
20200424_212057.782514	9.18485099361e-17	0.7037	0.3	1.2824	1.57079632679	1.0718	1	
20200424_212057.882449	9.18485099361e-17	0.7037	0.3	1.2824	1.57079632679	1.0718	1	
20200424_212057.982812	9.18485099361e-17	0.7038	0.3	1.2804	1.57079632679	1.0682	1	
20200424_212058.082490	9.18485099361e-17	0.7038	0.3	1.2804	1.57079632679	1.0682	1	
20200424_212058.182704	9.18485099361e-17	0.7038	0.3	1.2804	1.57079632679	1.0682	1	
20200424_212058.282535	9.18485099361e-17	0.7038	0.3	1.2804	1.57079632679	1.0682	1	
20200424_212058.382433	9.18485099361e-17	0.7038	0.3	1.2804	1.57079632679	1.0682	1	
20200424_212058.482737	9.18485099361e-17	0.5799	0.3	1.0044	1.57079632679	2.1938	1	
20200424_212058.582317	9.18485099361e-17	0.5526	0.3	0.8931	1.57079632679	2.5136	1	
20200424_212058.682884	9.18485099361e-17	0.5293	0.3	0.7983	1.57079632679	2.7513	1	
20200424_212058.782721	9.18485099361e-17	0.5082	0.3	0.7228	1.57079632679	3.0295	1	
20200424_212058.882452	9.18485099361e-17	0.5027	0.3	0.6736	1.57079632679	-3.0994	1	
20200424_212058.982560	9.18485099361e-17	0.5038	0.3	0.6525	1.57079632679	-3.0146	1	
20200424_212059.082633	9.18485099361e-17	0.5086	0.3	0.6595	1.57079632679	-3.0669	1	
20200424_212059.182644	9.18485099361e-17	0.5185	0.3	0.672	1.57079632679	3.1118	1	
20200424_212059.282553	9.18485099361e-17	0.5169	0.3	0.673	1.57079632679	3.0963	1	
20200424_212059.382744	9.18485099361e-17	0.5191	0.3	0.6803	1.57079632679	3.1382	1	
20200424_212059.482515	9.18485099361e-17	0.5115	0.3	0.6759	1.57079632679	3.1307	1	
20200424_212059.582411	9.18485099361e-17	0.5149	0.3	0.6758	1.57079632679	3.1322	1	
20200424_212059.682491	9.18485099361e-17	0.5153	0.3	0.6758	1.57079632679	3.1362	1	
20200424_212059.782707	9.18485099361e-17	0.5153	0.3	0.6757	1.57079632679	3.1355	1	
20200424_212059.883249	9.18485099361e-17	0.5152	0.3	0.6757	1.57079632679	3.1349	1	
20200424_212059.982848	9.18485099361e-17	0.515	0.3	0.6757	1.57079632679	3.1329	1	
20200424_212100.082441	9.18485099361e-17	0.5152	0.3	0.6758	1.57079632679	3.1352	1	
20200424_212100.182773	9.18485099361e-17	0.5152	0.3	0.6758	1.57079632679	3.1347	1	
20200424_212100.282515	9.18485099361e-17	0.5151	0.3	0.6759	1.57079632679	3.135	1	
20200424_212100.382645	9.18485099361e-17	0.515	0.3	0.6759	1.57079632679	3.1334	1	
20200424_212100.483008	9.18485099361e-17	0.5151	0.3	0.6758	1.57079632679	3.1343	1	
20200424_212100.582370	9.18485099361e-17	0.5151	0.3	0.6758	1.57079632679	3.1342	1	
20200424_212100.682738	9.18485099361e-17	0.5151	0.3	0.6759	1.57079632679	3.1343	1	
20200424_212100.782592	9.18485099361e-17	0.515	0.3	0.6759	1.57079632679	3.1331	1	
20200424_212100.882523	9.18485099361e-17	0.5152	0.3	0.6759	1.57079632679	3.1349	1	
20200424_212100.982790	9.18485099361e-17	0.5151	0.3	0.6759	1.57079632679	3.134	1	
20200424_212101.082560	9.18485099361e-17	0.5151	0.3	0.6759	1.57079632679	3.1339	1	
20200424_212101.182867	9.18485099361e-17	0.5151	0.3	0.6759	1.57079632679	3.133	1	
20200424_212101.282578	9.18485099361e-17	0.5151	0.3	0.6759	1.57079632679	3.1351	1	
20200424_212101.382790	9.18485099361e-17	0.5151	0.3	0.6758	1.57079632679	3.1349	1	
20200424_212101.482443	9.18485099361e-17	0.5151	0.3	0.6758	1.57079632679	3.1329	1	
20200424_212101.582406	9.18485099361e-17	0.5151	0.3	0.6759	1.57079632679	3.1332	1	
20200424_212101.682470	9.18485099361e-17	0.5152	0.3	0.6759	1.57079632679	3.1342	1	
20200424_212101.782681	9.18485099361e-17	0.5151	0.3	0.6758	1.57079632679	3.135	1	
20200424_212101.882632	9.18485099361e-17	0.515	0.3	0.6759	1.57079632679	3.134	1	
20200424_212101.982410	9.18485099361e-17	0.5151	0.3	0.6759	1.57079632679	3.1333	1	
20200424_212102.082695	9.18485099361e-17	0.5152	0.3	0.6759	1.57079632679	3.135	1	
20200424_212102.182561	9.18485099361e-17	0.5151	0.3	0.6758	1.57079632679	3.1342	1	
20200424_212102.282547	9.18485099361e-17	0.5151	0.3	0.6759	1.57079632679	3.1332	1	
20200424_212102.382512	9.18485099361e-17	0.5151	0.3	0.6758	1.57079632679	3.1332	1	
20200424_212102.482549	9.18485099361e-17	0.5152	0.3	0.6759	1.57079632679	3.1347	1	
20200424_212102.582431	9.18485099361e-17	0.5152	0.3	0.6759	1.57079632679	3.1342	1	
20200424_212102.683022	9.18485099361e-17	0.5152	0.3	0.6758	1.57079632679	3.1349	1	
20200424_212102.782515	9.18485099361e-17	0.5151	0.3	0.6759	1.57079632679	3.1331	1	
20200424_212102.882494	9.18485099361e-17	0.5152	0.3	0.6759	1.57079632679	3.1346	1	
20200424_212102.982538	9.18485099361e-17	0.5152	0.3	0.6759	1.57079632679	3.1345	1	
20200424_212103.082907	9.18485099361e-17	0.5152	0.3	0.6759	1.57079632679	3.1353	1	
20200424_212103.182584	9.18485099361e-17	0.5151	0.3	0.6759	1.57079632679	3.1337	1	
20200424_212103.282858	9.18485099361e-17	0.5152	0.3	0.6758	1.57079632679	3.1348	1	
20200424_212103.382650	9.18485099361e-17	0.5152	0.3	0.6759	1.57079632679	3.1349	1	
20200424_212103.482886	9.18485099361e-17	0.5152	0.3	0.6758	1.57079632679	3.135	1	
20200424_212103.582392	9.18485099361e-17	0.5151	0.3	0.6759	1.57079632679	3.1328	1	
20200424_212103.682573	9.18485099361e-17	0.5152	0.3	0.6759	1.57079632679	3.1353	1	
20200424_212103.782815	9.18485099361e-17	0.5152	0.3	0.6759	1.57079632679	3.1347	1	
20200424_212103.883032	9.18485099361e-17	0.5151	0.3	0.6759	1.57079632679	3.1338	1	
20200424_212103.982742	9.18485099361e-17	0.5151	0.3	0.6759	1.57079632679	3.1332	1	
20200424_212104.082831	9.18485099361e-17	0.5151	0.3	0.6759	1.57079632679	3.1349	1	
20200424_212104.182498	9.18485099361e-17	0.5152	0.3	0.6759	1.57079632679	3.1342	1	
20200424_212104.282606	9.18485099361e-17	0.5151	0.3	0.6759	1.57079632679	3.1334	1	
20200424_212104.382695	9.18485099361e-17	0.5151	0.3	0.6759	1.57079632679	3.1337	1	
20200424_212104.482799	9.18485099361e-17	0.5151	0.3	0.6759	1.57079632679	3.1351	1	
20200424_212104.582397	9.18485099361e-17	0.5152	0.3	0.6759	1.57079632679	3.1339	1	
20200424_212104.682816	9.18485099361e-17	0.5151	0.3	0.6759	1.57079632679	3.1334	1	
20200424_212104.782735	9.18485099361e-17	0.5151	0.3	0.6759	1.57079632679	3.1335	1	
20200424_212104.882660	9.18485099361e-17	0.5152	0.3	0.6759	1.57079632679	3.1345	1	
20200424_212104.982625	9.18485099361e-17	0.5152	0.3	0.6759	1.57079632679	3.1342	1	
20200424_212105.082895	9.18485099361e-17	0.515	0.3	0.6759	1.57079632679	3.1337	1	
20200424_212105.182528	9.18485099361e-17	0.5151	0.3	0.6759	1.57079632679	3.1336	1	
20200424_212105.282635	9.18485099361e-17	0.5152	0.3	0.6758	1.57079632679	3.1345	1	
