Time	X_Setpt	X_FB	Y_Setpt	Y_FB	Theta_Setpt	Theta_FB	Motion Status	
20200424_210720.040378	0.5	1.0689	-1.22464679915e-16	-0.8202	0.0	-0.6376	1	
20200424_210720.132383	0.5	1.0689	-1.22464679915e-16	-0.8202	0.0	-0.636	1	
20200424_210720.234282	0.5	1.0712	-1.22464679915e-16	-0.8221	0.0	-0.6186	1	
20200424_210720.334330	0.5	1.0747	-1.22464679915e-16	-0.826	0.0	-0.5517	1	
20200424_210720.434335	0.5	1.0786	-1.22464679915e-16	-0.8299	0.0	-0.5248	1	
20200424_210720.534378	0.5	1.0835	-1.22464679915e-16	-0.8354	0.0	-0.4279	1	
20200424_210720.634265	0.5	1.0899	-1.22464679915e-16	-0.841	0.0	-0.3518	1	
20200424_210720.734342	0.5	1.0983	-1.22464679915e-16	-0.8471	0.0	-0.2238	1	
20200424_210720.834386	0.5	1.1083	-1.22464679915e-16	-0.8523	0.0	-0.11	1	
20200424_210720.934339	0.5	1.1185	-1.22464679915e-16	-0.8566	0.0	0.0191	1	
20200424_210721.034285	0.5	1.1291	-1.22464679915e-16	-0.8594	0.0	0.1656	1	
20200424_210721.134236	0.5	1.1385	-1.22464679915e-16	-0.8608	0.0	0.2498	1	
20200424_210721.234290	0.5	1.1509	-1.22464679915e-16	-0.8607	0.0	0.3876	1	
20200424_210721.334347	0.5	1.1605	-1.22464679915e-16	-0.8601	0.0	0.5178	1	
20200424_210721.434342	0.5	1.1707	-1.22464679915e-16	-0.8576	0.0	0.615	1	
20200424_210721.534363	0.5	1.1798	-1.22464679915e-16	-0.8539	0.0	0.7619	1	
20200424_210721.634299	0.5	1.1881	-1.22464679915e-16	-0.8504	0.0	0.862	1	
20200424_210721.734273	0.5	1.1967	-1.22464679915e-16	-0.845	0.0	0.9811	1	
20200424_210721.834242	0.5	1.1975	-1.22464679915e-16	-0.844	0.0	0.9893	1	
20200424_210721.934302	0.5	1.1975	-1.22464679915e-16	-0.844	0.0	0.9893	1	
20200424_210722.034378	0.5	1.2177	-1.22464679915e-16	-0.822	0.0	1.3045	1	
20200424_210722.134363	0.5	1.2241	-1.22464679915e-16	-0.8117	0.0	1.4218	1	
20200424_210722.234365	0.5	1.2289	-1.22464679915e-16	-0.8022	0.0	1.5442	1	
20200424_210722.334207	0.5	1.2321	-1.22464679915e-16	-0.7913	0.0	1.6758	1	
20200424_210722.434217	0.5	1.234	-1.22464679915e-16	-0.7807	0.0	1.7919	1	
20200424_210722.534496	0.5	1.2347	-1.22464679915e-16	-0.7687	0.0	1.9238	1	
20200424_210722.634247	0.5	1.233	-1.22464679915e-16	-0.7571	0.0	2.0353	1	
20200424_210722.734368	0.5	1.2283	-1.22464679915e-16	-0.7454	0.0	2.1524	1	
20200424_210722.834329	0.5	1.2238	-1.22464679915e-16	-0.7334	0.0	2.1958	1	
20200424_210722.934362	0.5	1.2174	-1.22464679915e-16	-0.7202	0.0	2.2526	1	
20200424_210723.034291	0.5	1.2077	-1.22464679915e-16	-0.7079	0.0	2.2572	1	
20200424_210723.134306	0.880036755335	1.1968	0.639384128959	-0.6928	0.628318530718	2.2817	1	
20200424_210723.234424	0.880036755335	1.1861	0.639384128959	-0.6833	0.628318530718	2.2384	1	
20200424_210723.334337	0.880036755335	1.1783	0.639384128959	-0.6761	0.628318530718	2.1719	1	
20200424_210723.434166	0.880036755335	1.1704	0.639384128959	-0.6689	0.628318530718	2.1004	1	
20200424_210723.534297	0.880036755335	1.163	0.639384128959	-0.6603	0.628318530718	2.0175	1	
20200424_210723.634155	0.880036755335	1.1561	0.639384128959	-0.6499	0.628318530718	1.956	1	
20200424_210723.734276	0.880036755335	1.1499	0.639384128959	-0.6398	0.628318530718	1.8904	1	
20200424_210723.834370	0.880036755335	1.1449	0.639384128959	-0.6257	0.628318530718	1.8744	1	
20200424_210723.934354	0.880036755335	1.1399	0.639384128959	-0.609	0.628318530718	1.8217	1	
20200424_210724.034286	0.880036755335	1.1339	0.639384128959	-0.5931	0.628318530718	1.8103	1	
20200424_210724.134264	0.880036755335	1.1293	0.639384128959	-0.5756	0.628318530718	1.7873	1	
20200424_210724.234300	0.880036755335	1.1252	0.639384128959	-0.5558	0.628318530718	1.7953	1	
20200424_210724.334251	0.880036755335	1.1224	0.639384128959	-0.537	0.628318530718	1.8077	1	
20200424_210724.434340	0.880036755335	1.1174	0.639384128959	-0.5173	0.628318530718	1.7933	1	
20200424_210724.534241	0.880036755335	1.1129	0.639384128959	-0.4982	0.628318530718	1.8013	1	
20200424_210724.634207	0.880036755335	1.1088	0.639384128959	-0.4789	0.628318530718	1.8121	1	
20200424_210724.734294	0.880036755335	1.1038	0.639384128959	-0.4579	0.628318530718	1.7951	1	
20200424_210724.834288	0.880036755335	1.0992	0.639384128959	-0.439	0.628318530718	1.7943	1	
20200424_210724.934335	0.880036755335	1.0946	0.639384128959	-0.4201	0.628318530718	1.7916	1	
20200424_210725.034261	0.880036755335	1.0907	0.639384128959	-0.4004	0.628318530718	1.8163	1	
20200424_210725.134296	0.880036755335	1.0859	0.639384128959	-0.3808	0.628318530718	1.7962	1	
20200424_210725.234357	0.880036755335	1.0811	0.639384128959	-0.3615	0.628318530718	1.8163	1	
20200424_210725.334223	0.880036755335	1.0771	0.639384128959	-0.3423	0.628318530718	1.7991	1	
20200424_210725.434378	0.880036755335	1.0717	0.639384128959	-0.3214	0.628318530718	1.8188	1	
20200424_210725.534229	0.880036755335	1.0672	0.639384128959	-0.3028	0.628318530718	1.8182	1	
20200424_210725.634136	0.880036755335	1.0622	0.639384128959	-0.2829	0.628318530718	1.8114	1	
20200424_210725.734310	0.880036755335	1.0581	0.639384128959	-0.2648	0.628318530718	1.8122	1	
20200424_210725.834368	0.880036755335	1.0532	0.639384128959	-0.2455	0.628318530718	1.8033	1	
20200424_210725.934376	0.880036755335	1.0489	0.639384128959	-0.2264	0.628318530718	1.8201	1	
20200424_210726.034479	0.880036755335	1.0448	0.639384128959	-0.2065	0.628318530718	1.8245	1	
20200424_210726.134257	0.448401123334	1.0392	1.38003675534	-0.1874	1.25663706144	1.8138	1	
20200424_210726.234228	0.448401123334	1.0355	1.38003675534	-0.1686	1.25663706144	1.8173	1	
20200424_210726.334360	0.448401123334	1.0305	1.38003675534	-0.1493	1.25663706144	1.8427	1	
20200424_210726.434364	0.448401123334	1.0274	1.38003675534	-0.1325	1.25663706144	1.8612	1	
20200424_210726.534412	0.448401123334	1.0225	1.38003675534	-0.1141	1.25663706144	1.8826	1	
20200424_210726.634227	0.448401123334	1.0168	1.38003675534	-0.0963	1.25663706144	1.8926	1	
20200424_210726.734228	0.448401123334	1.0109	1.38003675534	-0.0766	1.25663706144	1.8931	1	
20200424_210726.834291	0.448401123334	1.004	1.38003675534	-0.0559	1.25663706144	1.8763	1	
20200424_210726.934328	0.448401123334	0.9985	1.38003675534	-0.0377	1.25663706144	1.8985	1	
20200424_210727.034328	0.448401123334	0.9918	1.38003675534	-0.0206	1.25663706144	1.881	1	
20200424_210727.134349	0.448401123334	0.9856	1.38003675534	-0.0033	1.25663706144	1.8837	1	
20200424_210727.234387	0.448401123334	0.9788	1.38003675534	0.0149	1.25663706144	1.877	1	
20200424_210727.334356	0.448401123334	0.9731	1.38003675534	0.035	1.25663706144	1.8714	1	
20200424_210727.434211	0.448401123334	0.9675	1.38003675534	0.0544	1.25663706144	1.8602	1	
20200424_210727.534173	0.448401123334	0.9613	1.38003675534	0.0742	1.25663706144	1.8796	1	
20200424_210727.634221	0.448401123334	0.9551	1.38003675534	0.0923	1.25663706144	1.8657	1	
20200424_210727.734270	0.448401123334	0.9496	1.38003675534	0.1124	1.25663706144	1.8759	1	
20200424_210727.834323	0.448401123334	0.9436	1.38003675534	0.1318	1.25663706144	1.8757	1	
20200424_210727.934315	0.448401123334	0.938	1.38003675534	0.1499	1.25663706144	1.8688	1	
20200424_210728.034318	0.448401123334	0.9323	1.38003675534	0.169	1.25663706144	1.8723	1	
20200424_210728.134199	0.448401123334	0.9261	1.38003675534	0.188	1.25663706144	1.8562	1	
20200424_210728.234353	0.448401123334	0.9201	1.38003675534	0.2072	1.25663706144	1.8766	1	
20200424_210728.334374	0.448401123334	0.9141	1.38003675534	0.225	1.25663706144	1.8739	1	
20200424_210728.434336	0.448401123334	0.9087	1.38003675534	0.2442	1.25663706144	1.8618	1	
20200424_210728.534363	0.448401123334	0.903	1.38003675534	0.2618	1.25663706144	1.8709	1	
20200424_210728.634276	0.448401123334	0.8973	1.38003675534	0.28	1.25663706144	1.8809	1	
20200424_210728.734342	0.448401123334	0.8916	1.38003675534	0.2991	1.25663706144	1.8773	1	
20200424_210728.834265	0.448401123334	0.8857	1.38003675534	0.3187	1.25663706144	1.8814	1	
20200424_210728.934258	0.448401123334	0.8796	1.38003675534	0.3381	1.25663706144	1.8779	1	
20200424_210729.034392	0.448401123334	0.8736	1.38003675534	0.357	1.25663706144	1.88	1	
20200424_210729.134271	-0.448401123334	0.8671	1.38003675534	0.377	1.88495559215	1.8896	1	
20200424_210729.234309	-0.448401123334	0.8647	1.38003675534	0.3913	1.88495559215	1.959	1	
20200424_210729.334358	-0.448401123334	0.8631	1.38003675534	0.4023	1.88495559215	2.0848	1	
20200424_210729.434338	-0.448401123334	0.8609	1.38003675534	0.4121	1.88495559215	2.1994	1	
20200424_210729.534282	-0.448401123334	0.8557	1.38003675534	0.4236	1.88495559215	2.2884	1	
20200424_210729.634244	-0.448401123334	0.8495	1.38003675534	0.4339	1.88495559215	2.3474	1	
20200424_210729.734366	-0.448401123334	0.8394	1.38003675534	0.4446	1.88495559215	2.381	1	
20200424_210729.834239	-0.448401123334	0.8289	1.38003675534	0.4569	1.88495559215	2.436	1	
20200424_210729.934142	-0.448401123334	0.8155	1.38003675534	0.4685	1.88495559215	2.4574	1	
20200424_210730.034327	-0.448401123334	0.7998	1.38003675534	0.4814	1.88495559215	2.4626	1	
20200424_210730.134348	-0.448401123334	0.7834	1.38003675534	0.4946	1.88495559215	2.4672	1	
20200424_210730.234179	-0.448401123334	0.7677	1.38003675534	0.5082	1.88495559215	2.4711	1	
20200424_210730.334294	-0.448401123334	0.7514	1.38003675534	0.521	1.88495559215	2.4851	1	
20200424_210730.434380	-0.448401123334	0.7362	1.38003675534	0.5327	1.88495559215	2.4781	1	
20200424_210730.534319	-0.448401123334	0.7214	1.38003675534	0.5446	1.88495559215	2.495	1	
20200424_210730.634273	-0.448401123334	0.7069	1.38003675534	0.555	1.88495559215	2.4843	1	
20200424_210730.734391	-0.448401123334	0.6917	1.38003675534	0.5655	1.88495559215	2.4789	1	
20200424_210730.834362	-0.448401123334	0.6773	1.38003675534	0.5783	1.88495559215	2.4862	1	
20200424_210730.934343	-0.448401123334	0.6619	1.38003675534	0.5905	1.88495559215	2.4949	1	
20200424_210731.034365	-0.448401123334	0.6442	1.38003675534	0.6032	1.88495559215	2.4944	1	
20200424_210731.134457	-0.448401123334	0.6285	1.38003675534	0.6152	1.88495559215	2.505	1	
20200424_210731.234266	-0.448401123334	0.6129	1.38003675534	0.6269	1.88495559215	2.5021	1	
20200424_210731.334254	-0.448401123334	0.5969	1.38003675534	0.6394	1.88495559215	2.5012	1	
20200424_210731.434329	-0.448401123334	0.5835	1.38003675534	0.6499	1.88495559215	2.4975	1	
20200424_210731.534373	-0.448401123334	0.5671	1.38003675534	0.6616	1.88495559215	2.4784	1	
20200424_210731.634244	-0.448401123334	0.5526	1.38003675534	0.6737	1.88495559215	2.4674	1	
20200424_210731.734356	-0.448401123334	0.5372	1.38003675534	0.6861	1.88495559215	2.4579	1	
20200424_210731.834344	-0.448401123334	0.5211	1.38003675534	0.6989	1.88495559215	2.4608	1	
20200424_210731.934293	-0.448401123334	0.5071	1.38003675534	0.7097	1.88495559215	2.4558	1	
20200424_210732.034252	-0.448401123334	0.4925	1.38003675534	0.722	1.88495559215	2.4496	1	
20200424_210732.134245	-0.880036755335	0.4777	0.639384128959	0.7349	2.51327412287	2.4571	1	
20200424_210732.234362	-0.880036755335	0.4664	0.639384128959	0.7465	2.51327412287	2.4981	1	
20200424_210732.334338	-0.880036755335	0.4592	0.639384128959	0.7554	2.51327412287	2.6294	1	
20200424_210732.434430	-0.880036755335	0.4513	0.639384128959	0.7631	2.51327412287	2.7438	1	
20200424_210732.534103	-0.880036755335	0.4429	0.639384128959	0.7693	2.51327412287	2.8431	1	
20200424_210732.634246	-0.880036755335	0.4343	0.639384128959	0.7746	2.51327412287	2.9427	1	
20200424_210732.734349	-0.880036755335	0.4234	0.639384128959	0.7798	2.51327412287	3.0242	1	
20200424_210732.834336	-0.880036755335	0.41	0.639384128959	0.7828	2.51327412287	3.0965	1	
20200424_210732.934219	-0.880036755335	0.3947	0.639384128959	0.785	2.51327412287	3.133	1	
20200424_210733.034208	-0.880036755335	0.3773	0.639384128959	0.786	2.51327412287	-3.1105	1	
20200424_210733.134301	-0.880036755335	0.359	0.639384128959	0.785	2.51327412287	-3.0862	1	
20200424_210733.234347	-0.880036755335	0.3388	0.639384128959	0.7848	2.51327412287	-3.0836	1	
20200424_210733.334292	-0.880036755335	0.319	0.639384128959	0.7837	2.51327412287	-3.0836	1	
20200424_210733.434338	-0.880036755335	0.2986	0.639384128959	0.782	2.51327412287	-3.0834	1	
20200424_210733.534377	-0.880036755335	0.2779	0.639384128959	0.7808	2.51327412287	-3.0809	1	
20200424_210733.634242	-0.880036755335	0.2597	0.639384128959	0.7791	2.51327412287	-3.0775	1	
20200424_210733.734277	-0.880036755335	0.2406	0.639384128959	0.7776	2.51327412287	-3.0912	1	
20200424_210733.834342	-0.880036755335	0.2209	0.639384128959	0.776	2.51327412287	-3.1025	1	
20200424_210733.934292	-0.880036755335	0.2019	0.639384128959	0.7753	2.51327412287	-3.0975	1	
20200424_210734.034283	-0.880036755335	0.1814	0.639384128959	0.7747	2.51327412287	-3.1007	1	
20200424_210734.134199	-0.880036755335	0.1618	0.639384128959	0.7732	2.51327412287	-3.0983	1	
20200424_210734.234259	-0.880036755335	0.1407	0.639384128959	0.7724	2.51327412287	-3.0935	1	
20200424_210734.334296	-0.880036755335	0.1213	0.639384128959	0.7717	2.51327412287	-3.0911	1	
20200424_210734.434315	-0.880036755335	0.1018	0.639384128959	0.77	2.51327412287	-3.0887	1	
20200424_210734.534306	-0.880036755335	0.081	0.639384128959	0.7691	2.51327412287	-3.0793	1	
20200424_210734.634151	-0.880036755335	0.0619	0.639384128959	0.7681	2.51327412287	-3.0772	1	
20200424_210734.734324	-0.880036755335	0.0424	0.639384128959	0.7666	2.51327412287	-3.0598	1	
20200424_210734.834272	-0.880036755335	0.0224	0.639384128959	0.7649	2.51327412287	-3.0775	1	
20200424_210734.934317	-0.880036755335	0.0036	0.639384128959	0.7646	2.51327412287	-3.0675	1	
20200424_210735.034333	-0.880036755335	-0.0134	0.639384128959	0.7631	2.51327412287	-3.0724	1	
20200424_210735.134325	-0.5	-0.0333	1.83697019872e-16	0.7618	3.14159265359	-3.0582	1	
20200424_210735.234356	-0.5	-0.0487	1.83697019872e-16	0.7626	3.14159265359	-2.9821	1	
20200424_210735.334252	-0.5	-0.0598	1.83697019872e-16	0.7637	3.14159265359	-2.8679	1	
20200424_210735.434239	-0.5	-0.0707	1.83697019872e-16	0.7634	3.14159265359	-2.7585	1	
20200424_210735.534276	-0.5	-0.0802	1.83697019872e-16	0.7624	3.14159265359	-2.6319	1	
20200424_210735.634246	-0.5	-0.0888	1.83697019872e-16	0.7597	3.14159265359	-2.5489	1	
20200424_210735.734271	-0.5	-0.0985	1.83697019872e-16	0.7564	3.14159265359	-2.4191	1	
20200424_210735.834319	-0.5	-0.1089	1.83697019872e-16	0.7506	3.14159265359	-2.3229	1	
20200424_210735.934347	-0.5	-0.1193	1.83697019872e-16	0.7433	3.14159265359	-2.233	1	
20200424_210736.034338	-0.5	-0.1306	1.83697019872e-16	0.7329	3.14159265359	-2.1583	1	
20200424_210736.134357	-0.5	-0.1416	1.83697019872e-16	0.7195	3.14159265359	-2.1026	1	
20200424_210736.234240	-0.5	-0.1515	1.83697019872e-16	0.7045	3.14159265359	-2.0733	1	
20200424_210736.334375	-0.5	-0.1611	1.83697019872e-16	0.6875	3.14159265359	-2.0549	1	
20200424_210736.434380	-0.5	-0.1713	1.83697019872e-16	0.6694	3.14159265359	-2.0505	1	
20200424_210736.534292	-0.5	-0.1812	1.83697019872e-16	0.6512	3.14159265359	-2.0511	1	
20200424_210736.634215	-0.5	-0.1895	1.83697019872e-16	0.6348	3.14159265359	-2.0589	1	
20200424_210736.734223	-0.5	-0.1991	1.83697019872e-16	0.6167	3.14159265359	-2.0574	1	
20200424_210736.834247	-0.5	-0.2101	1.83697019872e-16	0.5983	3.14159265359	-2.0583	1	
20200424_210736.934235	-0.5	-0.2208	1.83697019872e-16	0.5797	3.14159265359	-2.0554	1	
20200424_210737.034335	-0.5	-0.2313	1.83697019872e-16	0.5616	3.14159265359	-2.048	1	
20200424_210737.134265	-0.5	-0.24	1.83697019872e-16	0.5445	3.14159265359	-2.0496	1	
20200424_210737.234258	-0.5	-0.2493	1.83697019872e-16	0.527	3.14159265359	-2.0551	1	
20200424_210737.334244	-0.5	-0.2588	1.83697019872e-16	0.5098	3.14159265359	-2.0565	1	
20200424_210737.434351	-0.5	-0.2685	1.83697019872e-16	0.4917	3.14159265359	-2.056	1	
20200424_210737.534247	-0.5	-0.2777	1.83697019872e-16	0.4739	3.14159265359	-2.0581	1	
20200424_210737.634133	-0.5	-0.2861	1.83697019872e-16	0.4571	3.14159265359	-2.0655	1	
20200424_210737.734330	-0.5	-0.2959	1.83697019872e-16	0.4397	3.14159265359	-2.0717	1	
20200424_210737.834278	-0.5	-0.3061	1.83697019872e-16	0.422	3.14159265359	-2.0751	1	
20200424_210737.934259	-0.5	-0.315	1.83697019872e-16	0.4057	3.14159265359	-2.0856	1	
20200424_210738.034337	-0.5	-0.3254	1.83697019872e-16	0.3879	3.14159265359	-2.0886	1	
20200424_210738.134226	-0.880036755335	-0.3357	-0.639384128959	0.3694	-2.51327412287	-2.0901	1	
20200424_210738.234311	-0.880036755335	-0.3451	-0.639384128959	0.3517	-2.51327412287	-2.0961	1	
20200424_210738.334266	-0.880036755335	-0.3557	-0.639384128959	0.3342	-2.51327412287	-2.0988	1	
20200424_210738.434385	-0.880036755335	-0.3659	-0.639384128959	0.3167	-2.51327412287	-2.0964	1	
20200424_210738.534293	-0.880036755335	-0.3766	-0.639384128959	0.2997	-2.51327412287	-2.0959	1	
20200424_210738.634251	-0.880036755335	-0.3868	-0.639384128959	0.2817	-2.51327412287	-2.0954	1	
20200424_210738.734336	-0.880036755335	-0.3967	-0.639384128959	0.2648	-2.51327412287	-2.1056	1	
20200424_210738.834204	-0.880036755335	-0.4071	-0.639384128959	0.2481	-2.51327412287	-2.1007	1	
20200424_210738.934251	-0.880036755335	-0.417	-0.639384128959	0.2315	-2.51327412287	-2.0917	1	
20200424_210739.034281	-0.880036755335	-0.4272	-0.639384128959	0.2138	-2.51327412287	-2.0926	1	
20200424_210739.134267	-0.880036755335	-0.4365	-0.639384128959	0.1973	-2.51327412287	-2.0983	1	
20200424_210739.234273	-0.880036755335	-0.4479	-0.639384128959	0.1798	-2.51327412287	-2.0984	1	
20200424_210739.334352	-0.880036755335	-0.4593	-0.639384128959	0.1625	-2.51327412287	-2.0945	1	
20200424_210739.434334	-0.880036755335	-0.469	-0.639384128959	0.1451	-2.51327412287	-2.0872	1	
20200424_210739.534285	-0.880036755335	-0.4782	-0.639384128959	0.1289	-2.51327412287	-2.0906	1	
20200424_210739.634150	-0.880036755335	-0.4885	-0.639384128959	0.1105	-2.51327412287	-2.0929	1	
20200424_210739.734294	-0.880036755335	-0.4996	-0.639384128959	0.0934	-2.51327412287	-2.0889	1	
20200424_210739.834365	-0.880036755335	-0.5098	-0.639384128959	0.0766	-2.51327412287	-2.0942	1	
20200424_210739.934270	-0.880036755335	-0.5199	-0.639384128959	0.0609	-2.51327412287	-2.1026	1	
20200424_210740.034236	-0.880036755335	-0.5315	-0.639384128959	0.0423	-2.51327412287	-2.1026	1	
20200424_210740.134257	-0.880036755335	-0.5425	-0.639384128959	0.0242	-2.51327412287	-2.1078	1	
20200424_210740.234265	-0.880036755335	-0.5525	-0.639384128959	0.0077	-2.51327412287	-2.1077	1	
20200424_210740.334376	-0.880036755335	-0.5631	-0.639384128959	-0.0087	-2.51327412287	-2.1074	1	
20200424_210740.434339	-0.880036755335	-0.5734	-0.639384128959	-0.0255	-2.51327412287	-2.0978	1	
20200424_210740.534271	-0.880036755335	-0.5838	-0.639384128959	-0.0427	-2.51327412287	-2.1065	1	
20200424_210740.634219	-0.880036755335	-0.5935	-0.639384128959	-0.0587	-2.51327412287	-2.1102	1	
20200424_210740.734274	-0.880036755335	-0.604	-0.639384128959	-0.0758	-2.51327412287	-2.1095	1	
20200424_210740.834205	-0.880036755335	-0.6142	-0.639384128959	-0.0927	-2.51327412287	-2.1117	1	
20200424_210740.934322	-0.880036755335	-0.6236	-0.639384128959	-0.1089	-2.51327412287	-2.1163	1	
20200424_210741.034295	-0.880036755335	-0.6325	-0.639384128959	-0.1241	-2.51327412287	-2.1133	1	
20200424_210741.134332	-0.448401123334	-0.6426	-1.38003675534	-0.1395	-1.88495559215	-2.1073	1	
20200424_210741.234398	-0.448401123334	-0.6529	-1.38003675534	-0.1525	-1.88495559215	-2.0228	1	
20200424_210741.334222	-0.448401123334	-0.6605	-1.38003675534	-0.1613	-1.88495559215	-1.9016	1	
20200424_210741.434295	-0.448401123334	-0.667	-1.38003675534	-0.1699	-1.88495559215	-1.7859	1	
20200424_210741.534362	-0.448401123334	-0.6719	-1.38003675534	-0.1809	-1.88495559215	-1.6812	1	
20200424_210741.634250	-0.448401123334	-0.6759	-1.38003675534	-0.1926	-1.88495559215	-1.5899	1	
20200424_210741.734270	-0.448401123334	-0.6782	-1.38003675534	-0.2075	-1.88495559215	-1.5199	1	
20200424_210741.834347	-0.448401123334	-0.6801	-1.38003675534	-0.2223	-1.88495559215	-1.4615	1	
20200424_210741.934411	-0.448401123334	-0.6793	-1.38003675534	-0.2398	-1.88495559215	-1.4256	1	
20200424_210742.034367	-0.448401123334	-0.6764	-1.38003675534	-0.2586	-1.88495559215	-1.4099	1	
20200424_210742.134261	-0.448401123334	-0.6737	-1.38003675534	-0.2773	-1.88495559215	-1.4221	1	
20200424_210742.234135	-0.448401123334	-0.6721	-1.38003675534	-0.2961	-1.88495559215	-1.4169	1	
20200424_210742.334232	-0.448401123334	-0.6677	-1.38003675534	-0.3156	-1.88495559215	-1.4192	1	
20200424_210742.434233	-0.448401123334	-0.6655	-1.38003675534	-0.336	-1.88495559215	-1.4142	1	
20200424_210742.534369	-0.448401123334	-0.662	-1.38003675534	-0.3553	-1.88495559215	-1.4106	1	
20200424_210742.634197	-0.448401123334	-0.6598	-1.38003675534	-0.3749	-1.88495559215	-1.3959	1	
20200424_210742.734315	-0.448401123334	-0.6552	-1.38003675534	-0.3966	-1.88495559215	-1.4078	1	
20200424_210742.834251	-0.448401123334	-0.6529	-1.38003675534	-0.4141	-1.88495559215	-1.4163	1	
20200424_210742.934316	-0.448401123334	-0.6502	-1.38003675534	-0.4339	-1.88495559215	-1.3985	1	
20200424_210743.034176	-0.448401123334	-0.647	-1.38003675534	-0.454	-1.88495559215	-1.4109	1	
20200424_210743.134231	-0.448401123334	-0.6434	-1.38003675534	-0.4716	-1.88495559215	-1.406	1	
20200424_210743.234213	-0.448401123334	-0.6409	-1.38003675534	-0.4909	-1.88495559215	-1.4013	1	
20200424_210743.334254	-0.448401123334	-0.6374	-1.38003675534	-0.5106	-1.88495559215	-1.3986	1	
20200424_210743.434375	-0.448401123334	-0.6333	-1.38003675534	-0.5299	-1.88495559215	-1.4013	1	
20200424_210743.534298	-0.448401123334	-0.6294	-1.38003675534	-0.5482	-1.88495559215	-1.4048	1	
20200424_210743.634195	-0.448401123334	-0.626	-1.38003675534	-0.5679	-1.88495559215	-1.4076	1	
20200424_210743.734310	-0.448401123334	-0.6216	-1.38003675534	-0.5877	-1.88495559215	-1.4066	1	
20200424_210743.834224	-0.448401123334	-0.6187	-1.38003675534	-0.6076	-1.88495559215	-1.4034	1	
20200424_210743.934277	-0.448401123334	-0.6151	-1.38003675534	-0.6278	-1.88495559215	-1.4047	1	
20200424_210744.034362	-0.448401123334	-0.6119	-1.38003675534	-0.6469	-1.88495559215	-1.4074	1	
20200424_210744.134240	0.448401123334	-0.6075	-1.38003675534	-0.6672	-1.25663706144	-1.4036	1	
20200424_210744.234307	0.448401123334	-0.6074	-1.38003675534	-0.6805	-1.25663706144	-1.3325	1	
20200424_210744.334297	0.448401123334	-0.6082	-1.38003675534	-0.6913	-1.25663706144	-1.2202	1	
20200424_210744.434285	0.448401123334	-0.6072	-1.38003675534	-0.7023	-1.25663706144	-1.1058	1	
20200424_210744.534271	0.448401123334	-0.6053	-1.38003675534	-0.7131	-1.25663706144	-0.9841	1	
20200424_210744.634208	0.448401123334	-0.6019	-1.38003675534	-0.7236	-1.25663706144	-0.8638	1	
20200424_210744.734265	0.448401123334	-0.5971	-1.38003675534	-0.7334	-1.25663706144	-0.7714	1	
20200424_210744.834321	0.448401123334	-0.5891	-1.38003675534	-0.7431	-1.25663706144	-0.7119	1	
20200424_210744.934235	0.448401123334	-0.5773	-1.38003675534	-0.7549	-1.25663706144	-0.6532	1	
20200424_210745.034236	0.448401123334	-0.5672	-1.38003675534	-0.7643	-1.25663706144	-0.6064	1	
20200424_210745.134280	0.448401123334	-0.553	-1.38003675534	-0.7744	-1.25663706144	-0.5872	1	
20200424_210745.234211	0.448401123334	-0.5371	-1.38003675534	-0.7841	-1.25663706144	-0.5883	1	
20200424_210745.334294	0.448401123334	-0.521	-1.38003675534	-0.7946	-1.25663706144	-0.588	1	
20200424_210745.434225	0.448401123334	-0.5033	-1.38003675534	-0.8068	-1.25663706144	-0.5823	1	
20200424_210745.534113	0.448401123334	-0.4871	-1.38003675534	-0.8172	-1.25663706144	-0.5826	1	
20200424_210745.634203	0.448401123334	-0.4695	-1.38003675534	-0.8282	-1.25663706144	-0.5841	1	
20200424_210745.734223	0.448401123334	-0.452	-1.38003675534	-0.839	-1.25663706144	-0.5901	1	
20200424_210745.834399	0.448401123334	-0.435	-1.38003675534	-0.8496	-1.25663706144	-0.5956	1	
20200424_210745.934238	0.448401123334	-0.4183	-1.38003675534	-0.8599	-1.25663706144	-0.5952	1	
20200424_210746.034353	0.448401123334	-0.4015	-1.38003675534	-0.8715	-1.25663706144	-0.5892	1	
20200424_210746.134295	0.448401123334	-0.3856	-1.38003675534	-0.882	-1.25663706144	-0.5973	1	
20200424_210746.234271	0.448401123334	-0.369	-1.38003675534	-0.8929	-1.25663706144	-0.6072	1	
20200424_210746.334309	0.448401123334	-0.3517	-1.38003675534	-0.9048	-1.25663706144	-0.6135	1	
20200424_210746.434339	0.448401123334	-0.3351	-1.38003675534	-0.9161	-1.25663706144	-0.615	1	
20200424_210746.534377	0.448401123334	-0.3182	-1.38003675534	-0.9272	-1.25663706144	-0.6145	1	
20200424_210746.634174	0.448401123334	-0.3016	-1.38003675534	-0.9388	-1.25663706144	-0.6147	1	
20200424_210746.734250	0.448401123334	-0.2853	-1.38003675534	-0.9501	-1.25663706144	-0.6162	1	
20200424_210746.834253	0.448401123334	-0.2682	-1.38003675534	-0.9616	-1.25663706144	-0.6177	1	
20200424_210746.934263	0.448401123334	-0.2529	-1.38003675534	-0.9731	-1.25663706144	-0.6185	1	
20200424_210747.034211	0.448401123334	-0.2385	-1.38003675534	-0.9846	-1.25663706144	-0.6045	1	
20200424_210747.134274	0.880036755335	-0.2222	-0.639384128959	-0.9953	-0.628318530718	-0.5787	1	
20200424_210747.234167	0.880036755335	-0.2141	-0.639384128959	-1.0035	-0.628318530718	-0.5021	1	
20200424_210747.334274	0.880036755335	-0.2064	-0.639384128959	-1.01	-0.628318530718	-0.4141	1	
20200424_210747.434284	0.880036755335	-0.1993	-0.639384128959	-1.0174	-0.628318530718	-0.2975	1	
20200424_210747.534309	0.880036755335	-0.19	-0.639384128959	-1.0231	-0.628318530718	-0.1782	1	
20200424_210747.634239	0.880036755335	-0.1817	-0.639384128959	-1.0274	-0.628318530718	-0.0595	1	
20200424_210747.734349	0.880036755335	-0.1728	-0.639384128959	-1.0312	-0.628318530718	0.0592	1	
20200424_210747.834323	0.880036755335	-0.1624	-0.639384128959	-1.0321	-0.628318530718	0.1077	1	
20200424_210747.934300	0.880036755335	-0.1497	-0.639384128959	-1.0318	-0.628318530718	0.1437	1	
20200424_210748.034349	0.880036755335	-0.1345	-0.639384128959	-1.0308	-0.628318530718	0.2215	1	
20200424_210748.134325	0.880036755335	-0.1179	-0.639384128959	-1.0282	-0.628318530718	0.2526	1	
20200424_210748.234371	0.880036755335	-0.1023	-0.639384128959	-1.0257	-0.628318530718	0.2877	1	
20200424_210748.334277	0.880036755335	-0.0829	-0.639384128959	-1.0207	-0.628318530718	0.3297	1	
20200424_210748.434255	0.880036755335	-0.0651	-0.639384128959	-1.0142	-0.628318530718	0.3175	1	
20200424_210748.534381	0.880036755335	-0.0463	-0.639384128959	-1.0075	-0.628318530718	0.3197	1	
20200424_210748.634293	0.880036755335	-0.0265	-0.639384128959	-1.0015	-0.628318530718	0.3396	1	
20200424_210748.734272	0.880036755335	-0.0086	-0.639384128959	-0.9959	-0.628318530718	0.3461	1	
20200424_210748.834336	0.880036755335	0.01	-0.639384128959	-0.99	-0.628318530718	0.3525	1	
20200424_210748.934296	0.880036755335	0.0293	-0.639384128959	-0.9829	-0.628318530718	0.3343	1	
20200424_210749.034342	0.880036755335	0.0469	-0.639384128959	-0.9767	-0.628318530718	0.3306	1	
20200424_210749.134185	0.880036755335	0.0666	-0.639384128959	-0.9697	-0.628318530718	0.3364	1	
20200424_210749.234257	0.880036755335	0.0854	-0.639384128959	-0.9626	-0.628318530718	0.3513	1	
20200424_210749.334264	0.880036755335	0.1037	-0.639384128959	-0.9567	-0.628318530718	0.3439	1	
20200424_210749.434306	0.880036755335	0.1229	-0.639384128959	-0.949	-0.628318530718	0.3455	1	
20200424_210749.534300	0.880036755335	0.1403	-0.639384128959	-0.9441	-0.628318530718	0.3547	1	
20200424_210749.634156	0.880036755335	0.1601	-0.639384128959	-0.9361	-0.628318530718	0.3566	1	
20200424_210749.734269	0.880036755335	0.1783	-0.639384128959	-0.93	-0.628318530718	0.3596	1	
20200424_210749.834260	0.880036755335	0.1975	-0.639384128959	-0.9232	-0.628318530718	0.3586	1	
20200424_210749.934346	0.880036755335	0.2159	-0.639384128959	-0.9162	-0.628318530718	0.3409	1	
20200424_210750.034334	0.880036755335	0.2343	-0.639384128959	-0.9104	-0.628318530718	0.3473	1	
20200424_210750.134242	0.880036755335	0.2537	-0.639384128959	-0.9021	-0.628318530718	0.3485	1	
20200424_210750.234251	0.880036755335	0.2711	-0.639384128959	-0.8963	-0.628318530718	0.347	1	
20200424_210750.334326	0.880036755335	0.2904	-0.639384128959	-0.8898	-0.628318530718	0.3396	1	
20200424_210750.434302	0.880036755335	0.3081	-0.639384128959	-0.8834	-0.628318530718	0.3253	1	
20200424_210750.534292	0.880036755335	0.3273	-0.639384128959	-0.8769	-0.628318530718	0.3333	1	
20200424_210750.634227	0.880036755335	0.3466	-0.639384128959	-0.8696	-0.628318530718	0.3082	1	
20200424_210750.734269	0.880036755335	0.3653	-0.639384128959	-0.8639	-0.628318530718	0.3138	1	
20200424_210750.834253	0.880036755335	0.3843	-0.639384128959	-0.8579	-0.628318530718	0.3161	1	
20200424_210750.934255	0.880036755335	0.4018	-0.639384128959	-0.8531	-0.628318530718	0.3347	1	
20200424_210751.034318	0.880036755335	0.4209	-0.639384128959	-0.8465	-0.628318530718	0.3486	1	
20200424_210751.134334	0.880036755335	0.4385	-0.639384128959	-0.8406	-0.628318530718	0.3829	1	
20200424_210751.234352	0.880036755335	0.4577	-0.639384128959	-0.8333	-0.628318530718	0.3841	1	
20200424_210751.334367	0.880036755335	0.4768	-0.639384128959	-0.8256	-0.628318530718	0.3575	1	
20200424_210751.434240	0.880036755335	0.4946	-0.639384128959	-0.8193	-0.628318530718	0.3426	1	
20200424_210751.534343	0.880036755335	0.5136	-0.639384128959	-0.8121	-0.628318530718	0.3451	1	
20200424_210751.634267	0.880036755335	0.5316	-0.639384128959	-0.8062	-0.628318530718	0.3499	1	
20200424_210751.734259	0.880036755335	0.5508	-0.639384128959	-0.7996	-0.628318530718	0.3952	1	
20200424_210751.834249	0.880036755335	0.5693	-0.639384128959	-0.7935	-0.628318530718	0.38	1	
20200424_210751.934213	0.880036755335	0.5859	-0.639384128959	-0.7863	-0.628318530718	0.3893	1	
20200424_210752.034210	0.880036755335	0.6044	-0.639384128959	-0.779	-0.628318530718	0.3691	1	
20200424_210752.134259	0.880036755335	0.6204	-0.639384128959	-0.7732	-0.628318530718	0.3985	1	
20200424_210752.234218	0.880036755335	0.6393	-0.639384128959	-0.7662	-0.628318530718	0.4125	1	
20200424_210752.334346	0.880036755335	0.6578	-0.639384128959	-0.7584	-0.628318530718	0.4138	1	
20200424_210752.434287	0.880036755335	0.6767	-0.639384128959	-0.7492	-0.628318530718	0.3846	1	
20200424_210752.534317	0.880036755335	0.694	-0.639384128959	-0.7417	-0.628318530718	0.4047	1	
20200424_210752.634234	0.880036755335	0.7127	-0.639384128959	-0.7349	-0.628318530718	0.414	1	
20200424_210752.734621	0.880036755335	0.73	-0.639384128959	-0.7278	-0.628318530718	0.4059	1	
20200424_210752.834199	0.880036755335	0.7461	-0.639384128959	-0.721	-0.628318530718	0.4322	1	
20200424_210752.934227	0.880036755335	0.7618	-0.639384128959	-0.7156	-0.628318530718	0.4744	1	
20200424_210753.034293	0.880036755335	0.7764	-0.639384128959	-0.709	-0.628318530718	0.5236	1	
20200424_210753.134323	0.880036755335	0.7894	-0.639384128959	-0.7024	-0.628318530718	0.5699	1	
20200424_210753.234360	0.880036755335	0.801	-0.639384128959	-0.6954	-0.628318530718	0.5926	1	
20200424_210753.334246	0.880036755335	0.8107	-0.639384128959	-0.689	-0.628318530718	0.6155	1	
20200424_210753.434238	0.880036755335	0.8191	-0.639384128959	-0.6841	-0.628318530718	0.6127	1	
20200424_210753.534360	0.880036755335	0.8257	-0.639384128959	-0.6793	-0.628318530718	0.6058	1	
20200424_210753.634188	0.880036755335	0.8277	-0.639384128959	-0.6765	-0.628318530718	0.5642	1	
20200424_210753.734237	0.880036755335	0.8268	-0.639384128959	-0.6743	-0.628318530718	0.4851	1	
20200424_210753.834304	0.880036755335	0.8251	-0.639384128959	-0.672	-0.628318530718	0.4027	1	
20200424_210753.934363	0.880036755335	0.8245	-0.639384128959	-0.6713	-0.628318530718	0.3738	1	
20200424_210754.034349	0.880036755335	0.8222	-0.639384128959	-0.6674	-0.628318530718	0.2586	1	
20200424_210754.134252	0.880036755335	0.8214	-0.639384128959	-0.6652	-0.628318530718	0.177	1	
20200424_210754.234365	0.880036755335	0.8195	-0.639384128959	-0.6631	-0.628318530718	0.0997	1	
20200424_210754.334272	0.880036755335	0.8193	-0.639384128959	-0.6604	-0.628318530718	0.0113	1	
20200424_210754.434214	0.880036755335	0.8192	-0.639384128959	-0.6587	-0.628318530718	-0.0573	1	
20200424_210754.534398	0.880036755335	0.8169	-0.639384128959	-0.6561	-0.628318530718	-0.1235	1	
20200424_210754.634239	0.880036755335	0.8172	-0.639384128959	-0.655	-0.628318530718	-0.1629	1	
20200424_210754.734209	0.880036755335	0.817	-0.639384128959	-0.6528	-0.628318530718	-0.2526	1	
20200424_210754.834257	0.880036755335	0.8169	-0.639384128959	-0.6504	-0.628318530718	-0.3015	1	
20200424_210754.934315	0.880036755335	0.8166	-0.639384128959	-0.649	-0.628318530718	-0.3599	1	
20200424_210755.034358	0.880036755335	0.8171	-0.639384128959	-0.6479	-0.628318530718	-0.4232	1	
20200424_210755.134329	0.880036755335	0.8178	-0.639384128959	-0.6455	-0.628318530718	-0.461	1	
20200424_210755.234333	0.880036755335	0.8174	-0.639384128959	-0.6442	-0.628318530718	-0.5442	1	
20200424_210755.334266	0.880036755335	0.8177	-0.639384128959	-0.6421	-0.628318530718	-0.5913	0	
20200424_210755.334416	0.880036755335	0.8177	-0.639384128959	-0.642	-0.628318530718	-0.5956	0	
20200424_210755.340828	0.880036755335	0.8177	-0.639384128959	-0.6419	-0.628318530718	-0.5972	0	
20200424_210755.350253	0.880036755335	0.817	-0.639384128959	-0.6408	-0.628318530718	-0.5597	0	
20200424_210755.357066	0.880036755335	0.8171	-0.639384128959	-0.6408	-0.628318530718	-0.5863	0	
20200424_210755.365361	0.880036755335	0.8171	-0.639384128959	-0.6407	-0.628318530718	-0.5629	0	
20200424_210755.374037	0.880036755335	0.8171	-0.639384128959	-0.6407	-0.628318530718	-0.5641	0	
20200424_210755.382475	0.880036755335	0.8171	-0.639384128959	-0.6407	-0.628318530718	-0.5651	0	
20200424_210755.391246	0.880036755335	0.8171	-0.639384128959	-0.6406	-0.628318530718	-0.5661	0	
20200424_210755.399989	0.880036755335	0.8171	-0.639384128959	-0.6406	-0.628318530718	-0.5671	0	
20200424_210755.407723	0.880036755335	0.8171	-0.639384128959	-0.6406	-0.628318530718	-0.5679	0	
20200424_210755.415551	0.880036755335	0.8176	-0.639384128959	-0.6412	-0.628318530718	-0.5793	0	
20200424_210755.423989	0.880036755335	0.8177	-0.639384128959	-0.6412	-0.628318530718	-0.5797	0	
20200424_210755.432812	0.880036755335	0.8177	-0.639384128959	-0.6412	-0.628318530718	-0.5804	0	
20200424_210755.440909	0.880036755335	0.8177	-0.639384128959	-0.6412	-0.628318530718	-0.581	0	
20200424_210755.449072	0.880036755335	0.8176	-0.639384128959	-0.6413	-0.628318530718	-0.5802	0	
20200424_210755.457727	0.880036755335	0.8176	-0.639384128959	-0.6413	-0.628318530718	-0.5803	0	
20200424_210755.465738	0.880036755335	0.8176	-0.639384128959	-0.6413	-0.628318530718	-0.5803	0	
20200424_210755.474335	0.880036755335	0.8176	-0.639384128959	-0.6413	-0.628318530718	-0.5806	0	
20200424_210755.482648	0.880036755335	0.817	-0.639384128959	-0.6406	-0.628318530718	-0.5681	0	
20200424_210755.491327	0.880036755335	0.8159	-0.639384128959	-0.6406	-0.628318530718	-0.5498	0	
20200424_210755.499679	0.880036755335	0.8159	-0.639384128959	-0.6406	-0.628318530718	-0.5502	0	
20200424_210755.507706	0.880036755335	0.817	-0.639384128959	-0.6405	-0.628318530718	-0.5714	0	
20200424_210755.515985	0.880036755335	0.8171	-0.639384128959	-0.6407	-0.628318530718	-0.5936	0	
20200424_210755.524235	0.880036755335	0.8176	-0.639384128959	-0.6412	-0.628318530718	-0.5809	0	
20200424_210755.532516	0.880036755335	0.8175	-0.639384128959	-0.6414	-0.628318530718	-0.6035	0	
20200424_210755.541007	0.880036755335	0.8176	-0.639384128959	-0.6412	-0.628318530718	-0.5809	0	
20200424_210755.549523	0.880036755335	0.8175	-0.639384128959	-0.6414	-0.628318530718	-0.6036	0	
20200424_210755.558018	0.880036755335	0.817	-0.639384128959	-0.6406	-0.628318530718	-0.5688	0	
20200424_210755.565314	0.880036755335	0.8162	-0.639384128959	-0.6404	-0.628318530718	-0.5767	0	
20200424_210755.573631	0.880036755335	0.816	-0.639384128959	-0.6406	-0.628318530718	-0.5509	0	
20200424_210755.581845	0.880036755335	0.8175	-0.639384128959	-0.6413	-0.628318530718	-0.6042	0	
20200424_210755.590346	0.880036755335	0.8176	-0.639384128959	-0.6412	-0.628318530718	-0.5817	0	
20200424_210755.598537	0.880036755335	0.8175	-0.639384128959	-0.6413	-0.628318530718	-0.6041	0	
20200424_210755.606794	0.880036755335	0.8175	-0.639384128959	-0.6412	-0.628318530718	-0.5819	0	
20200424_210755.615740	0.880036755335	0.8175	-0.639384128959	-0.6413	-0.628318530718	-0.6043	0	
20200424_210755.623488	0.880036755335	0.8175	-0.639384128959	-0.6412	-0.628318530718	-0.5819	0	
20200424_210755.631802	0.880036755335	0.8175	-0.639384128959	-0.6413	-0.628318530718	-0.6045	0	
20200424_210755.640373	0.880036755335	0.8175	-0.639384128959	-0.6411	-0.628318530718	-0.5822	0	
20200424_210755.648758	0.880036755335	0.8174	-0.639384128959	-0.6412	-0.628318530718	-0.6045	0	
20200424_210755.657611	0.880036755335	0.8175	-0.639384128959	-0.6411	-0.628318530718	-0.5822	0	
20200424_210755.665897	0.880036755335	0.8171	-0.639384128959	-0.6409	-0.628318530718	-0.6076	0	
20200424_210755.674409	0.880036755335	0.8174	-0.639384128959	-0.6409	-0.628318530718	-0.5836	0	
20200424_210755.682604	0.880036755335	0.8173	-0.639384128959	-0.6411	-0.628318530718	-0.6059	0	
20200424_210755.690601	0.880036755335	0.8173	-0.639384128959	-0.6409	-0.628318530718	-0.5837	0	
20200424_210755.698938	0.880036755335	0.8172	-0.639384128959	-0.641	-0.628318530718	-0.6085	0	
20200424_210755.707183	0.880036755335	0.8172	-0.639384128959	-0.6408	-0.628318530718	-0.5855	0	
20200424_210755.716458	0.880036755335	0.8171	-0.639384128959	-0.6409	-0.628318530718	-0.6077	0	
20200424_210755.724154	0.880036755335	0.8166	-0.639384128959	-0.6401	-0.628318530718	-0.5736	0	
20200424_210755.732427	0.880036755335	0.8167	-0.639384128959	-0.6401	-0.628318530718	-0.5735	0	
20200424_210755.740176	0.880036755335	0.8168	-0.639384128959	-0.6403	-0.628318530718	-0.5717	0	
20200424_210755.748665	0.880036755335	0.8168	-0.639384128959	-0.6403	-0.628318530718	-0.5717	0	
20200424_210755.756913	0.880036755335	0.8168	-0.639384128959	-0.6403	-0.628318530718	-0.5718	0	
20200424_210755.765644	0.880036755335	0.8174	-0.639384128959	-0.641	-0.628318530718	-0.5848	0	
20200424_210755.774092	0.880036755335	0.8173	-0.639384128959	-0.641	-0.628318530718	-0.5849	0	
20200424_210755.782104	0.880036755335	0.8173	-0.639384128959	-0.641	-0.628318530718	-0.5849	0	
20200424_210755.790679	0.880036755335	0.8173	-0.639384128959	-0.641	-0.628318530718	-0.585	0	
20200424_210755.799027	0.880036755335	0.8173	-0.639384128959	-0.6409	-0.628318530718	-0.5847	0	
20200424_210755.808056	0.880036755335	0.8173	-0.639384128959	-0.6409	-0.628318530718	-0.5849	0	
20200424_210755.815719	0.880036755335	0.8173	-0.639384128959	-0.641	-0.628318530718	-0.5849	0	
20200424_210755.824046	0.880036755335	0.8173	-0.639384128959	-0.641	-0.628318530718	-0.5849	0	
20200424_210755.832406	0.880036755335	0.8173	-0.639384128959	-0.641	-0.628318530718	-0.5849	0	
20200424_210755.840689	0.880036755335	0.8173	-0.639384128959	-0.641	-0.628318530718	-0.5852	0	
20200424_210755.849068	0.880036755335	0.8173	-0.639384128959	-0.641	-0.628318530718	-0.585	0	
20200424_210755.857813	0.880036755335	0.8173	-0.639384128959	-0.641	-0.628318530718	-0.5852	0	
20200424_210755.866005	0.880036755335	0.8173	-0.639384128959	-0.641	-0.628318530718	-0.5849	0	
20200424_210755.874190	0.880036755335	0.8173	-0.639384128959	-0.641	-0.628318530718	-0.5851	0	
20200424_210755.882684	0.880036755335	0.8173	-0.639384128959	-0.641	-0.628318530718	-0.5849	0	
20200424_210755.891114	0.880036755335	0.8173	-0.639384128959	-0.6409	-0.628318530718	-0.5848	0	
20200424_210755.899056	0.880036755335	0.8173	-0.639384128959	-0.641	-0.628318530718	-0.5849	0	
20200424_210755.907364	0.880036755335	0.8173	-0.639384128959	-0.641	-0.628318530718	-0.585	0	
20200424_210755.915825	0.880036755335	0.8173	-0.639384128959	-0.641	-0.628318530718	-0.5851	0	
20200424_210755.924256	0.880036755335	0.8173	-0.639384128959	-0.6409	-0.628318530718	-0.584	0	
20200424_210755.932592	0.880036755335	0.8167	-0.639384128959	-0.6403	-0.628318530718	-0.5719	0	
20200424_210755.940472	0.880036755335	0.8167	-0.639384128959	-0.6403	-0.628318530718	-0.5715	0	
20200424_210755.949481	0.880036755335	0.8167	-0.639384128959	-0.6403	-0.628318530718	-0.5714	0	
20200424_210755.956990	0.880036755335	0.8167	-0.639384128959	-0.6403	-0.628318530718	-0.5718	0	
20200424_210755.965625	0.880036755335	0.8167	-0.639384128959	-0.6403	-0.628318530718	-0.5717	0	
20200424_210755.974011	0.880036755335	0.8167	-0.639384128959	-0.6403	-0.628318530718	-0.5717	0	
20200424_210755.982467	0.880036755335	0.8173	-0.639384128959	-0.641	-0.628318530718	-0.585	0	
20200424_210755.990517	0.880036755335	0.8173	-0.639384128959	-0.641	-0.628318530718	-0.5851	0	
20200424_210755.999053	0.880036755335	0.8173	-0.639384128959	-0.641	-0.628318530718	-0.5851	0	
20200424_210756.007745	0.880036755335	0.8173	-0.639384128959	-0.641	-0.628318530718	-0.5851	0	
20200424_210756.016119	0.880036755335	0.8174	-0.639384128959	-0.641	-0.628318530718	-0.5866	0	
20200424_210756.024377	0.880036755335	0.8173	-0.639384128959	-0.641	-0.628318530718	-0.5848	0	
20200424_210756.032218	0.880036755335	0.8173	-0.639384128959	-0.641	-0.628318530718	-0.5849	0	
20200424_210756.040969	0.880036755335	0.8172	-0.639384128959	-0.6409	-0.628318530718	-0.5847	0	
20200424_210756.049307	0.880036755335	0.8172	-0.639384128959	-0.641	-0.628318530718	-0.5849	0	
20200424_210756.057015	0.880036755335	0.8173	-0.639384128959	-0.641	-0.628318530718	-0.5849	0	
20200424_210756.065894	0.880036755335	0.8173	-0.639384128959	-0.641	-0.628318530718	-0.5851	0	
20200424_210756.074208	0.880036755335	0.8173	-0.639384128959	-0.641	-0.628318530718	-0.585	0	
20200424_210756.082896	0.880036755335	0.8173	-0.639384128959	-0.641	-0.628318530718	-0.585	0	
20200424_210756.090574	0.880036755335	0.8173	-0.639384128959	-0.641	-0.628318530718	-0.5849	0	
20200424_210756.098700	0.880036755335	0.8173	-0.639384128959	-0.641	-0.628318530718	-0.5848	0	
20200424_210756.107790	0.880036755335	0.8173	-0.639384128959	-0.6409	-0.628318530718	-0.5849	0	
20200424_210756.115752	0.880036755335	0.8167	-0.639384128959	-0.6402	-0.628318530718	-0.572	0	
20200424_210756.123898	0.880036755335	0.8157	-0.639384128959	-0.6402	-0.628318530718	-0.5544	0	
20200424_210756.132587	0.880036755335	0.8157	-0.639384128959	-0.6402	-0.628318530718	-0.5545	0	
20200424_210756.140597	0.880036755335	0.8167	-0.639384128959	-0.6403	-0.628318530718	-0.5721	0	
20200424_210756.148757	0.880036755335	0.8173	-0.639384128959	-0.641	-0.628318530718	-0.5851	0	
20200424_210756.157453	0.880036755335	0.8173	-0.639384128959	-0.641	-0.628318530718	-0.5851	0	
20200424_210756.165948	0.880036755335	0.8173	-0.639384128959	-0.641	-0.628318530718	-0.5852	0	
20200424_210756.174612	0.880036755335	0.8173	-0.639384128959	-0.641	-0.628318530718	-0.5851	0	
20200424_210756.182343	0.880036755335	0.8173	-0.639384128959	-0.641	-0.628318530718	-0.5851	0	
20200424_210756.191020	0.880036755335	0.8172	-0.639384128959	-0.6409	-0.628318530718	-0.5851	0	
20200424_210756.199401	0.880036755335	0.8172	-0.639384128959	-0.6409	-0.628318530718	-0.5849	0	
20200424_210756.207857	0.880036755335	0.8167	-0.639384128959	-0.6403	-0.628318530718	-0.572	0	
20200424_210756.215526	0.880036755335	0.8167	-0.639384128959	-0.6403	-0.628318530718	-0.572	0	
20200424_210756.224346	0.880036755335	0.8167	-0.639384128959	-0.6403	-0.628318530718	-0.572	0	
20200424_210756.232648	0.880036755335	0.8167	-0.639384128959	-0.6403	-0.628318530718	-0.5722	0	
20200424_210756.240399	0.880036755335	0.8167	-0.639384128959	-0.6403	-0.628318530718	-0.5722	0	
20200424_210756.249230	0.880036755335	0.8173	-0.639384128959	-0.641	-0.628318530718	-0.5851	0	
20200424_210756.257384	0.880036755335	0.8173	-0.639384128959	-0.641	-0.628318530718	-0.5852	0	
20200424_210756.266113	0.880036755335	0.8173	-0.639384128959	-0.6409	-0.628318530718	-0.5853	0	
20200424_210756.274381	0.880036755335	0.8173	-0.639384128959	-0.6409	-0.628318530718	-0.5851	0	
20200424_210756.282551	0.880036755335	0.8172	-0.639384128959	-0.6409	-0.628318530718	-0.585	0	
20200424_210756.290910	0.880036755335	0.8173	-0.639384128959	-0.6409	-0.628318530718	-0.5851	0	
20200424_210756.299049	0.880036755335	0.8172	-0.639384128959	-0.6409	-0.628318530718	-0.585	0	
20200424_210756.307331	0.880036755335	0.8173	-0.639384128959	-0.6409	-0.628318530718	-0.585	0	
20200424_210756.316098	0.880036755335	0.8174	-0.639384128959	-0.6411	-0.628318530718	-0.5833	0	
20200424_210756.324347	0.880036755335	0.8174	-0.639384128959	-0.6411	-0.628318530718	-0.5833	0	
20200424_210756.332540	0.880036755335	0.8174	-0.639384128959	-0.6411	-0.628318530718	-0.5831	0	
20200424_210756.341054	0.880036755335	0.8171	-0.639384128959	-0.6407	-0.628318530718	-0.5857	0	
20200424_210756.350163	0.880036755335	0.8171	-0.639384128959	-0.6407	-0.628318530718	-0.5857	0	
20200424_210756.357401	0.880036755335	0.8171	-0.639384128959	-0.6407	-0.628318530718	-0.5857	0	
20200424_210756.365794	0.880036755335	0.8171	-0.639384128959	-0.6407	-0.628318530718	-0.5857	0	
20200424_210756.374400	0.880036755335	0.8165	-0.639384128959	-0.6401	-0.628318530718	-0.5741	0	
20200424_210756.382551	0.880036755335	0.8165	-0.639384128959	-0.6401	-0.628318530718	-0.5744	0	
20200424_210756.390723	0.880036755335	0.8174	-0.639384128959	-0.6411	-0.628318530718	-0.583	0	
20200424_210756.399229	0.880036755335	0.8167	-0.639384128959	-0.6403	-0.628318530718	-0.5721	0	
20200424_210756.407537	0.880036755335	0.8169	-0.639384128959	-0.6406	-0.628318530718	-0.5962	0	
20200424_210756.416209	0.880036755335	0.8166	-0.639384128959	-0.6403	-0.628318530718	-0.5721	0	
20200424_210756.424428	0.880036755335	0.8166	-0.639384128959	-0.6403	-0.628318530718	-0.5719	0	
20200424_210756.432648	0.880036755335	0.8166	-0.639384128959	-0.6402	-0.628318530718	-0.572	0	
20200424_210756.440658	0.880036755335	0.8166	-0.639384128959	-0.6402	-0.628318530718	-0.5717	0	
20200424_210756.449142	0.880036755335	0.8166	-0.639384128959	-0.6402	-0.628318530718	-0.5719	0	
20200424_210756.457408	0.880036755335	0.8168	-0.639384128959	-0.6404	-0.628318530718	-0.5707	0	
20200424_210756.465949	0.880036755335	0.8174	-0.639384128959	-0.6411	-0.628318530718	-0.5831	0	
20200424_210756.474452	0.880036755335	0.8172	-0.639384128959	-0.641	-0.628318530718	-0.5852	0	
20200424_210756.483363	0.880036755335	0.8173	-0.639384128959	-0.641	-0.628318530718	-0.5854	0	
20200424_210756.490996	0.880036755335	0.8172	-0.639384128959	-0.641	-0.628318530718	-0.5852	0	
20200424_210756.499095	0.880036755335	0.8166	-0.639384128959	-0.6403	-0.628318530718	-0.5723	0	
20200424_210756.507684	0.880036755335	0.8156	-0.639384128959	-0.6402	-0.628318530718	-0.5547	0	
20200424_210756.515942	0.880036755335	0.8166	-0.639384128959	-0.6402	-0.628318530718	-0.572	0	
20200424_210756.524244	0.880036755335	0.8167	-0.639384128959	-0.6403	-0.628318530718	-0.5722	0	
20200424_210756.533124	0.880036755335	0.8167	-0.639384128959	-0.6403	-0.628318530718	-0.5723	0	
20200424_210756.540603	0.880036755335	0.8167	-0.639384128959	-0.6403	-0.628318530718	-0.5723	0	
20200424_210756.548987	0.880036755335	0.8173	-0.639384128959	-0.641	-0.628318530718	-0.5853	0	
20200424_210756.557698	0.880036755335	0.8167	-0.639384128959	-0.6404	-0.628318530718	-0.5724	0	
20200424_210756.565432	0.880036755335	0.8168	-0.639384128959	-0.6404	-0.628318530718	-0.5978	0	
20200424_210756.573678	0.880036755335	0.8168	-0.639384128959	-0.6405	-0.628318530718	-0.5712	0	
20200424_210756.581971	0.880036755335	0.8168	-0.639384128959	-0.6404	-0.628318530718	-0.571	0	
20200424_210756.590168	0.880036755335	0.8174	-0.639384128959	-0.641	-0.628318530718	-0.5832	0	
20200424_210756.598722	0.880036755335	0.8173	-0.639384128959	-0.641	-0.628318530718	-0.5831	0	
20200424_210756.606865	0.880036755335	0.817	-0.639384128959	-0.6407	-0.628318530718	-0.586	0	
20200424_210756.615317	0.880036755335	0.8171	-0.639384128959	-0.6407	-0.628318530718	-0.586	0	
20200424_210756.623677	0.880036755335	0.8172	-0.639384128959	-0.6411	-0.628318530718	-0.5868	0	
20200424_210756.632098	0.880036755335	0.8172	-0.639384128959	-0.641	-0.628318530718	-0.5851	0	
20200424_210756.640659	0.880036755335	0.8173	-0.639384128959	-0.641	-0.628318530718	-0.5852	0	
20200424_210756.648950	0.880036755335	0.8173	-0.639384128959	-0.641	-0.628318530718	-0.5854	0	
20200424_210756.657562	0.880036755335	0.8173	-0.639384128959	-0.641	-0.628318530718	-0.5868	0	
20200424_210756.665864	0.880036755335	0.8172	-0.639384128959	-0.6409	-0.628318530718	-0.5852	0	
20200424_210756.674541	0.880036755335	0.8166	-0.639384128959	-0.6401	-0.628318530718	-0.5731	0	
20200424_210756.682477	0.880036755335	0.8165	-0.639384128959	-0.64	-0.628318530718	-0.5742	0	
20200424_210756.690680	0.880036755335	0.8169	-0.639384128959	-0.6405	-0.628318530718	-0.596	0	
20200424_210756.699150	0.880036755335	0.8172	-0.639384128959	-0.6409	-0.628318530718	-0.5853	0	
20200424_210756.707444	0.880036755335	0.8173	-0.639384128959	-0.6412	-0.628318530718	-0.6059	0	
20200424_210756.715737	0.880036755335	0.8168	-0.639384128959	-0.6405	-0.628318530718	-0.5712	0	
20200424_210756.724528	0.880036755335	0.816	-0.639384128959	-0.6403	-0.628318530718	-0.5788	0	
20200424_210756.732293	0.880036755335	0.8156	-0.639384128959	-0.6402	-0.628318530718	-0.5549	0	
20200424_210756.741016	0.880036755335	0.8165	-0.639384128959	-0.64	-0.628318530718	-0.5741	0	
20200424_210756.749473	0.880036755335	0.8166	-0.639384128959	-0.6401	-0.628318530718	-0.5731	0	
20200424_210756.757849	0.880036755335	0.8166	-0.639384128959	-0.6401	-0.628318530718	-0.5728	0	
20200424_210756.765681	0.880036755335	0.8171	-0.639384128959	-0.6407	-0.628318530718	-0.5857	0	
20200424_210756.774338	0.880036755335	0.8173	-0.639384128959	-0.6413	-0.628318530718	-0.5843	0	
20200424_210756.782107	0.880036755335	0.8174	-0.639384128959	-0.6411	-0.628318530718	-0.5833	0	
20200424_210756.791231	0.880036755335	0.8174	-0.639384128959	-0.6411	-0.628318530718	-0.5835	0	
20200424_210756.799376	0.880036755335	0.8174	-0.639384128959	-0.6411	-0.628318530718	-0.5833	0	
20200424_210756.807810	0.880036755335	0.8166	-0.639384128959	-0.6403	-0.628318530718	-0.5723	0	
20200424_210756.815842	0.880036755335	0.8166	-0.639384128959	-0.6402	-0.628318530718	-0.5721	0	
20200424_210756.824524	0.880036755335	0.8166	-0.639384128959	-0.6402	-0.628318530718	-0.5721	0	
20200424_210756.832559	0.880036755335	0.8166	-0.639384128959	-0.6402	-0.628318530718	-0.5721	0	
20200424_210756.840680	0.880036755335	0.8166	-0.639384128959	-0.6401	-0.628318530718	-0.5731	0	
20200424_210756.849302	0.880036755335	0.8169	-0.639384128959	-0.6405	-0.628318530718	-0.596	0	
20200424_210756.857603	0.880036755335	0.8174	-0.639384128959	-0.6411	-0.628318530718	-0.5832	0	
20200424_210756.866362	0.880036755335	0.8173	-0.639384128959	-0.6412	-0.628318530718	-0.6059	0	
20200424_210756.874478	0.880036755335	0.8172	-0.639384128959	-0.6412	-0.628318530718	-0.5867	0	
20200424_210756.882783	0.880036755335	0.8173	-0.639384128959	-0.6414	-0.628318530718	-0.6074	0	
20200424_210756.890723	0.880036755335	0.8172	-0.639384128959	-0.6411	-0.628318530718	-0.5865	0	
20200424_210756.899676	0.880036755335	0.8164	-0.639384128959	-0.641	-0.628318530718	-0.6148	0	
20200424_210756.907272	0.880036755335	0.817	-0.639384128959	-0.641	-0.628318530718	-0.5873	0	
20200424_210756.915858	0.880036755335	0.8169	-0.639384128959	-0.6408	-0.628318530718	-0.6062	0	
20200424_210756.924000	0.880036755335	0.8169	-0.639384128959	-0.6408	-0.628318530718	-0.6062	0	
20200424_210756.932170	0.880036755335	0.8169	-0.639384128959	-0.6408	-0.628318530718	-0.6062	0	
20200424_210756.940676	0.880036755335	0.8169	-0.639384128959	-0.6408	-0.628318530718	-0.6062	0	
20200424_210756.949098	0.880036755335	0.8169	-0.639384128959	-0.6408	-0.628318530718	-0.6062	0	
20200424_210756.957263	0.880036755335	0.8168	-0.639384128959	-0.6403	-0.628318530718	-0.574	0	
20200424_210756.965806	0.880036755335	0.8168	-0.639384128959	-0.6403	-0.628318530718	-0.574	0	
20200424_210756.974188	0.880036755335	0.8173	-0.639384128959	-0.641	-0.628318530718	-0.5829	0	
20200424_210756.982446	0.880036755335	0.8167	-0.639384128959	-0.6403	-0.628318530718	-0.5703	0	
20200424_210756.990669	0.880036755335	0.8157	-0.639384128959	-0.6403	-0.628318530718	-0.5525	0	
20200424_210756.999002	0.880036755335	0.8157	-0.639384128959	-0.6403	-0.628318530718	-0.5521	0	
20200424_210757.007475	0.880036755335	0.8157	-0.639384128959	-0.6403	-0.628318530718	-0.5521	0	
20200424_210757.015900	0.880036755335	0.8157	-0.639384128959	-0.6404	-0.628318530718	-0.5526	0	
20200424_210757.024005	0.880036755335	0.8156	-0.639384128959	-0.6404	-0.628318530718	-0.5556	0	
20200424_210757.032878	0.880036755335	0.8156	-0.639384128959	-0.6404	-0.628318530718	-0.5559	0	
20200424_210757.040945	0.880036755335	0.8167	-0.639384128959	-0.6406	-0.628318530718	-0.5719	0	
20200424_210757.049165	0.880036755335	0.8167	-0.639384128959	-0.6404	-0.628318530718	-0.5708	0	
20200424_210757.057935	0.880036755335	0.8173	-0.639384128959	-0.641	-0.628318530718	-0.5831	0	
20200424_210757.065782	0.880036755335	0.8167	-0.639384128959	-0.6403	-0.628318530718	-0.5708	0	
20200424_210757.074320	0.880036755335	0.8169	-0.639384128959	-0.6404	-0.628318530718	-0.5959	0	
20200424_210757.082589	0.880036755335	0.8167	-0.639384128959	-0.6404	-0.628318530718	-0.5708	0	
20200424_210757.091421	0.880036755335	0.8173	-0.639384128959	-0.641	-0.628318530718	-0.6071	0	
20200424_210757.099181	0.880036755335	0.8173	-0.639384128959	-0.6411	-0.628318530718	-0.5832	0	
20200424_210757.107666	0.880036755335	0.8167	-0.639384128959	-0.6404	-0.628318530718	-0.5711	0	
20200424_210757.115978	0.880036755335	0.8168	-0.639384128959	-0.6405	-0.628318530718	-0.596	0	
20200424_210757.124266	0.880036755335	0.8167	-0.639384128959	-0.6404	-0.628318530718	-0.571	0	
20200424_210757.133007	0.880036755335	0.8172	-0.639384128959	-0.6411	-0.628318530718	-0.6055	0	
20200424_210757.141268	0.880036755335	0.8163	-0.639384128959	-0.6407	-0.628318530718	-0.5966	0	
20200424_210757.149688	0.880036755335	0.8171	-0.639384128959	-0.6412	-0.628318530718	-0.6077	0	
20200424_210757.157256	0.880036755335	0.8172	-0.639384128959	-0.6411	-0.628318530718	-0.5868	0	
20200424_210757.165916	0.880036755335	0.8173	-0.639384128959	-0.6413	-0.628318530718	-0.6073	0	
20200424_210757.174489	0.880036755335	0.8173	-0.639384128959	-0.6411	-0.628318530718	-0.5834	0	
20200424_210757.182552	0.880036755335	0.8173	-0.639384128959	-0.6412	-0.628318530718	-0.6062	0	
20200424_210757.191247	0.880036755335	0.8174	-0.639384128959	-0.6411	-0.628318530718	-0.5837	0	
20200424_210757.199279	0.880036755335	0.8173	-0.639384128959	-0.641	-0.628318530718	-0.6072	0	
20200424_210757.207718	0.880036755335	0.8173	-0.639384128959	-0.6409	-0.628318530718	-0.5842	0	
20200424_210757.215739	0.880036755335	0.8167	-0.639384128959	-0.6403	-0.628318530718	-0.5708	0	
20200424_210757.224036	0.880036755335	0.8157	-0.639384128959	-0.6403	-0.628318530718	-0.5523	0	
20200424_210757.232513	0.880036755335	0.8167	-0.639384128959	-0.6403	-0.628318530718	-0.5707	0	
20200424_210757.241197	0.880036755335	0.8167	-0.639384128959	-0.6404	-0.628318530718	-0.571	0	
20200424_210757.249297	0.880036755335	0.8167	-0.639384128959	-0.6404	-0.628318530718	-0.5712	0	
20200424_210757.257959	0.880036755335	0.8173	-0.639384128959	-0.641	-0.628318530718	-0.5844	0	
20200424_210757.265736	0.880036755335	0.8173	-0.639384128959	-0.6411	-0.628318530718	-0.5833	0	
20200424_210757.275817	0.880036755335	0.8167	-0.639384128959	-0.6404	-0.628318530718	-0.571	0	
20200424_210757.282970	0.880036755335	0.8168	-0.639384128959	-0.6403	-0.628318530718	-0.5737	0	
20200424_210757.290893	0.880036755335	0.8167	-0.639384128959	-0.6403	-0.628318530718	-0.5707	0	
20200424_210757.300151	0.880036755335	0.8174	-0.639384128959	-0.641	-0.628318530718	-0.5845	0	
20200424_210757.307758	0.880036755335	0.8173	-0.639384128959	-0.641	-0.628318530718	-0.5828	0	
20200424_210757.316698	0.880036755335	0.8173	-0.639384128959	-0.641	-0.628318530718	-0.5833	0	
20200424_210757.324635	0.880036755335	0.8173	-0.639384128959	-0.6411	-0.628318530718	-0.5835	0	
20200424_210757.332477	0.880036755335	0.8173	-0.639384128959	-0.6411	-0.628318530718	-0.5835	0	
20200424_210757.340753	0.880036755335	0.8167	-0.639384128959	-0.6405	-0.628318530718	-0.5713	0	
20200424_210757.349189	0.880036755335	0.8168	-0.639384128959	-0.6404	-0.628318530718	-0.5741	0	
20200424_210757.357756	0.880036755335	0.8173	-0.639384128959	-0.6409	-0.628318530718	-0.5845	0	
20200424_210757.366101	0.880036755335	0.8173	-0.639384128959	-0.641	-0.628318530718	-0.5833	0	
20200424_210757.374268	0.880036755335	0.8166	-0.639384128959	-0.6403	-0.628318530718	-0.5731	0	
20200424_210757.382554	0.880036755335	0.8158	-0.639384128959	-0.6405	-0.628318530718	-0.5552	0	
20200424_210757.390842	0.880036755335	0.8157	-0.639384128959	-0.6403	-0.628318530718	-0.5525	0	
20200424_210757.399346	0.880036755335	0.8157	-0.639384128959	-0.6404	-0.628318530718	-0.5526	0	
20200424_210757.407546	0.880036755335	0.8158	-0.639384128959	-0.6403	-0.628318530718	-0.5567	0	
20200424_210757.416308	0.880036755335	0.8157	-0.639384128959	-0.6404	-0.628318530718	-0.5524	0	
20200424_210757.424399	0.880036755335	0.8173	-0.639384128959	-0.6409	-0.628318530718	-0.5846	0	
20200424_210757.432624	0.880036755335	0.8173	-0.639384128959	-0.6409	-0.628318530718	-0.5846	0	
20200424_210757.441142	0.880036755335	0.8173	-0.639384128959	-0.641	-0.628318530718	-0.5834	0	
20200424_210757.449115	0.880036755335	0.8173	-0.639384128959	-0.641	-0.628318530718	-0.5831	0	
20200424_210757.457333	0.880036755335	0.8173	-0.639384128959	-0.641	-0.628318530718	-0.5833	0	
20200424_210757.465917	0.880036755335	0.8173	-0.639384128959	-0.641	-0.628318530718	-0.583	0	
20200424_210757.473561	0.880036755335	0.8173	-0.639384128959	-0.641	-0.628318530718	-0.5833	0	
20200424_210757.481883	0.880036755335	0.8173	-0.639384128959	-0.641	-0.628318530718	-0.5832	0	
20200424_210757.490534	0.880036755335	0.8173	-0.639384128959	-0.641	-0.628318530718	-0.5833	0	
20200424_210757.498544	0.880036755335	0.8167	-0.639384128959	-0.6404	-0.628318530718	-0.5712	0	
20200424_210757.507246	0.880036755335	0.8173	-0.639384128959	-0.6409	-0.628318530718	-0.5841	0	
20200424_210757.515745	0.880036755335	0.8173	-0.639384128959	-0.6409	-0.628318530718	-0.5844	0	
20200424_210757.524228	0.880036755335	0.8173	-0.639384128959	-0.6409	-0.628318530718	-0.5843	0	
20200424_210757.532638	0.880036755335	0.8168	-0.639384128959	-0.6402	-0.628318530718	-0.5736	0	
20200424_210757.540959	0.880036755335	0.8158	-0.639384128959	-0.6402	-0.628318530718	-0.5566	0	
20200424_210757.548729	0.880036755335	0.8157	-0.639384128959	-0.6403	-0.628318530718	-0.5526	0	
20200424_210757.557691	0.880036755335	0.8173	-0.639384128959	-0.6409	-0.628318530718	-0.5844	0	
20200424_210757.565473	0.880036755335	0.8173	-0.639384128959	-0.6409	-0.628318530718	-0.5846	0	
20200424_210757.573642	0.880036755335	0.8173	-0.639384128959	-0.641	-0.628318530718	-0.5835	0	
20200424_210757.581857	0.880036755335	0.8173	-0.639384128959	-0.641	-0.628318530718	-0.5836	0	
20200424_210757.590098	0.880036755335	0.8173	-0.639384128959	-0.641	-0.628318530718	-0.5833	0	
20200424_210757.598444	0.880036755335	0.8173	-0.639384128959	-0.641	-0.628318530718	-0.5835	0	
20200424_210757.606792	0.880036755335	0.8173	-0.639384128959	-0.6409	-0.628318530718	-0.5846	0	
20200424_210757.615250	0.880036755335	0.8173	-0.639384128959	-0.6408	-0.628318530718	-0.5844	0	
20200424_210757.623613	0.880036755335	0.8173	-0.639384128959	-0.6408	-0.628318530718	-0.5842	0	
20200424_210757.632159	0.880036755335	0.8173	-0.639384128959	-0.6409	-0.628318530718	-0.5845	0	
20200424_210757.640624	0.880036755335	0.8173	-0.639384128959	-0.6409	-0.628318530718	-0.5846	0	
20200424_210757.649058	0.880036755335	0.8173	-0.639384128959	-0.641	-0.628318530718	-0.5835	0	
20200424_210757.657323	0.880036755335	0.8173	-0.639384128959	-0.641	-0.628318530718	-0.5835	0	
20200424_210757.666293	0.880036755335	0.8167	-0.639384128959	-0.6404	-0.628318530718	-0.5712	0	
20200424_210757.674081	0.880036755335	0.8157	-0.639384128959	-0.6403	-0.628318530718	-0.5525	0	
20200424_210757.682342	0.880036755335	0.8167	-0.639384128959	-0.6403	-0.628318530718	-0.5707	0	
20200424_210757.690707	0.880036755335	0.8167	-0.639384128959	-0.6403	-0.628318530718	-0.5706	0	
20200424_210757.699039	0.880036755335	0.8173	-0.639384128959	-0.641	-0.628318530718	-0.583	0	
20200424_210757.707569	0.880036755335	0.8167	-0.639384128959	-0.6403	-0.628318530718	-0.5737	0	
20200424_210757.716424	0.880036755335	0.8157	-0.639384128959	-0.6404	-0.628318530718	-0.5529	0	
20200424_210757.723999	0.880036755335	0.8168	-0.639384128959	-0.6403	-0.628318530718	-0.5742	0	
20200424_210757.731954	0.880036755335	0.8169	-0.639384128959	-0.6405	-0.628318530718	-0.5963	0	
20200424_210757.740612	0.880036755335	0.8167	-0.639384128959	-0.6404	-0.628318530718	-0.571	0	
20200424_210757.748402	0.880036755335	0.8172	-0.639384128959	-0.6412	-0.628318530718	-0.6057	0	
20200424_210757.757238	0.880036755335	0.8167	-0.639384128959	-0.6404	-0.628318530718	-0.5707	0	
20200424_210757.765389	0.880036755335	0.8159	-0.639384128959	-0.6402	-0.628318530718	-0.5787	0	
20200424_210757.773998	0.880036755335	0.8157	-0.639384128959	-0.6403	-0.628318530718	-0.552	0	
20200424_210757.782383	0.880036755335	0.8169	-0.639384128959	-0.6408	-0.628318530718	-0.6083	0	
20200424_210757.790748	0.880036755335	0.817	-0.639384128959	-0.6407	-0.628318530718	-0.586	0	
20200424_210757.799231	0.880036755335	0.8172	-0.639384128959	-0.6412	-0.628318530718	-0.6056	0	
20200424_210757.807291	0.880036755335	0.8173	-0.639384128959	-0.641	-0.628318530718	-0.5843	0	
20200424_210757.815538	0.880036755335	0.8172	-0.639384128959	-0.6412	-0.628318530718	-0.606	0	
20200424_210757.824041	0.880036755335	0.8173	-0.639384128959	-0.6411	-0.628318530718	-0.5833	0	
20200424_210757.832460	0.880036755335	0.8172	-0.639384128959	-0.6412	-0.628318530718	-0.6058	0	
20200424_210757.840712	0.880036755335	0.8173	-0.639384128959	-0.641	-0.628318530718	-0.5834	0	
20200424_210757.848833	0.880036755335	0.8167	-0.639384128959	-0.6404	-0.628318530718	-0.5708	0	
20200424_210757.857487	0.880036755335	0.8168	-0.639384128959	-0.6405	-0.628318530718	-0.5961	0	
20200424_210757.866251	0.880036755335	0.8167	-0.639384128959	-0.6404	-0.628318530718	-0.5708	0	
20200424_210757.874207	0.880036755335	0.8172	-0.639384128959	-0.6412	-0.628318530718	-0.6058	0	
20200424_210757.883016	0.880036755335	0.8173	-0.639384128959	-0.641	-0.628318530718	-0.5845	0	
20200424_210757.891244	0.880036755335	0.8172	-0.639384128959	-0.6411	-0.628318530718	-0.6073	0	
20200424_210757.899315	0.880036755335	0.8173	-0.639384128959	-0.6411	-0.628318530718	-0.5833	0	
20200424_210757.907734	0.880036755335	0.8172	-0.639384128959	-0.641	-0.628318530718	-0.6073	0	
20200424_210757.916745	0.880036755335	0.8173	-0.639384128959	-0.641	-0.628318530718	-0.5832	0	
20200424_210757.924343	0.880036755335	0.8172	-0.639384128959	-0.6411	-0.628318530718	-0.6057	0	
20200424_210757.932930	0.880036755335	0.8173	-0.639384128959	-0.641	-0.628318530718	-0.5831	0	
20200424_210757.941358	0.880036755335	0.8173	-0.639384128959	-0.6412	-0.628318530718	-0.6072	0	
20200424_210757.948790	0.880036755335	0.8173	-0.639384128959	-0.641	-0.628318530718	-0.5831	0	
20200424_210757.957609	0.880036755335	0.8172	-0.639384128959	-0.6412	-0.628318530718	-0.6057	0	
20200424_210757.966303	0.880036755335	0.8173	-0.639384128959	-0.641	-0.628318530718	-0.5833	0	
20200424_210757.974339	0.880036755335	0.8172	-0.639384128959	-0.6412	-0.628318530718	-0.6059	0	
20200424_210757.982627	0.880036755335	0.8173	-0.639384128959	-0.641	-0.628318530718	-0.5832	0	
20200424_210757.991287	0.880036755335	0.8172	-0.639384128959	-0.6412	-0.628318530718	-0.6057	0	
20200424_210757.999337	0.880036755335	0.8167	-0.639384128959	-0.6403	-0.628318530718	-0.5708	0	
20200424_210758.007609	0.880036755335	0.8159	-0.639384128959	-0.6402	-0.628318530718	-0.5786	0	
20200424_210758.015866	0.880036755335	0.8157	-0.639384128959	-0.6403	-0.628318530718	-0.5528	0	
20200424_210758.024758	0.880036755335	0.8172	-0.639384128959	-0.6411	-0.628318530718	-0.6058	0	
20200424_210758.032477	0.880036755335	0.8173	-0.639384128959	-0.6409	-0.628318530718	-0.5845	0	
20200424_210758.041239	0.880036755335	0.8168	-0.639384128959	-0.6403	-0.628318530718	-0.5738	0	
20200424_210758.049364	0.880036755335	0.8168	-0.639384128959	-0.6405	-0.628318530718	-0.5966	0	
20200424_210758.057432	0.880036755335	0.8173	-0.639384128959	-0.6409	-0.628318530718	-0.5845	0	
20200424_210758.066665	0.880036755335	0.8172	-0.639384128959	-0.641	-0.628318530718	-0.6073	0	
20200424_210758.074524	0.880036755335	0.8168	-0.639384128959	-0.6402	-0.628318530718	-0.5739	0	
20200424_210758.082488	0.880036755335	0.8159	-0.639384128959	-0.6401	-0.628318530718	-0.5785	0	
20200424_210758.091376	0.880036755335	0.8156	-0.639384128959	-0.6403	-0.628318530718	-0.5525	0	
20200424_210758.099269	0.880036755335	0.8172	-0.639384128959	-0.6411	-0.628318530718	-0.6055	0	
20200424_210758.107388	0.880036755335	0.8173	-0.639384128959	-0.641	-0.628318530718	-0.5833	0	
20200424_210758.116225	0.880036755335	0.8172	-0.639384128959	-0.6412	-0.628318530718	-0.6059	0	
20200424_210758.124349	0.880036755335	0.8168	-0.639384128959	-0.6403	-0.628318530718	-0.5741	0	
20200424_210758.133172	0.880036755335	0.8168	-0.639384128959	-0.6405	-0.628318530718	-0.5963	0	
20200424_210758.141082	0.880036755335	0.8173	-0.639384128959	-0.6409	-0.628318530718	-0.5844	0	
20200424_210758.149119	0.880036755335	0.8172	-0.639384128959	-0.6412	-0.628318530718	-0.6058	0	
20200424_210758.157482	0.880036755335	0.8167	-0.639384128959	-0.6403	-0.628318530718	-0.574	0	
20200424_210758.166104	0.880036755335	0.816	-0.639384128959	-0.6401	-0.628318530718	-0.5833	0	
20200424_210758.174110	0.880036755335	0.8168	-0.639384128959	-0.6404	-0.628318530718	-0.5959	0	
20200424_210758.182404	0.880036755335	0.8172	-0.639384128959	-0.6411	-0.628318530718	-0.6057	0	
20200424_210758.191107	0.880036755335	0.8167	-0.639384128959	-0.6404	-0.628318530718	-0.5709	0	
20200424_210758.199153	0.880036755335	0.8168	-0.639384128959	-0.6405	-0.628318530718	-0.5961	0	
20200424_210758.207796	0.880036755335	0.8167	-0.639384128959	-0.6404	-0.628318530718	-0.571	0	
20200424_210758.216293	0.880036755335	0.8167	-0.639384128959	-0.6404	-0.628318530718	-0.5711	0	
20200424_210758.224223	0.880036755335	0.8173	-0.639384128959	-0.641	-0.628318530718	-0.5832	0	
20200424_210758.232439	0.880036755335	0.8167	-0.639384128959	-0.6404	-0.628318530718	-0.5711	0	
20200424_210758.241260	0.880036755335	0.8167	-0.639384128959	-0.6403	-0.628318530718	-0.5738	0	
20200424_210758.249660	0.880036755335	0.8172	-0.639384128959	-0.6409	-0.628318530718	-0.5842	0	
20200424_210758.257999	0.880036755335	0.8173	-0.639384128959	-0.641	-0.628318530718	-0.5831	0	
20200424_210758.266172	0.880036755335	0.8173	-0.639384128959	-0.641	-0.628318530718	-0.5832	0	
20200424_210758.274598	0.880036755335	0.8173	-0.639384128959	-0.6411	-0.628318530718	-0.5832	0	
20200424_210758.282630	0.880036755335	0.8173	-0.639384128959	-0.6411	-0.628318530718	-0.5835	0	
20200424_210758.290838	0.880036755335	0.8173	-0.639384128959	-0.641	-0.628318530718	-0.5846	0	
20200424_210758.299624	0.880036755335	0.8173	-0.639384128959	-0.641	-0.628318530718	-0.5846	0	
20200424_210758.307870	0.880036755335	0.8173	-0.639384128959	-0.6411	-0.628318530718	-0.5833	0	
20200424_210758.315914	0.880036755335	0.8172	-0.639384128959	-0.6411	-0.628318530718	-0.5834	0	
20200424_210758.324798	0.880036755335	0.8172	-0.639384128959	-0.641	-0.628318530718	-0.5833	0	
20200424_210758.332354	0.880036755335	0.8173	-0.639384128959	-0.641	-0.628318530718	-0.5836	0	
20200424_210758.340926	0.880036755335	0.8172	-0.639384128959	-0.641	-0.628318530718	-0.5833	0	
20200424_210758.349237	0.880036755335	0.8172	-0.639384128959	-0.641	-0.628318530718	-0.5834	0	
20200424_210758.357624	0.880036755335	0.8172	-0.639384128959	-0.641	-0.628318530718	-0.5834	0	
20200424_210758.365668	0.880036755335	0.8173	-0.639384128959	-0.6411	-0.628318530718	-0.5835	0	
20200424_210758.374476	0.880036755335	0.8167	-0.639384128959	-0.6403	-0.628318530718	-0.574	0	
20200424_210758.382690	0.880036755335	0.8158	-0.639384128959	-0.6403	-0.628318530718	-0.5569	0	
20200424_210758.390274	0.880036755335	0.8156	-0.639384128959	-0.6403	-0.628318530718	-0.5522	0	
20200424_210758.398819	0.880036755335	0.8157	-0.639384128959	-0.6403	-0.628318530718	-0.5527	0	
20200424_210758.407222	0.880036755335	0.8157	-0.639384128959	-0.6403	-0.628318530718	-0.553	0	
20200424_210758.415884	0.880036755335	0.8157	-0.639384128959	-0.6403	-0.628318530718	-0.5528	0	
20200424_210758.424497	0.880036755335	0.8156	-0.639384128959	-0.6403	-0.628318530718	-0.5523	0	
20200424_210758.433290	0.880036755335	0.8157	-0.639384128959	-0.6403	-0.628318530718	-0.5527	0	
20200424_210758.440961	0.880036755335	0.8157	-0.639384128959	-0.6402	-0.628318530718	-0.5563	0	
20200424_210758.449866	0.880036755335	0.8157	-0.639384128959	-0.6404	-0.628318530718	-0.553	0	
20200424_210758.457454	0.880036755335	0.8173	-0.639384128959	-0.641	-0.628318530718	-0.5834	0	
20200424_210758.466487	0.880036755335	0.8173	-0.639384128959	-0.641	-0.628318530718	-0.5832	0	
20200424_210758.474628	0.880036755335	0.8173	-0.639384128959	-0.641	-0.628318530718	-0.5833	0	
20200424_210758.482470	0.880036755335	0.8173	-0.639384128959	-0.641	-0.628318530718	-0.5833	0	
20200424_210758.491360	0.880036755335	0.8173	-0.639384128959	-0.6409	-0.628318530718	-0.5831	0	
20200424_210758.499011	0.880036755335	0.8173	-0.639384128959	-0.6409	-0.628318530718	-0.5834	0	
20200424_210758.507848	0.880036755335	0.8173	-0.639384128959	-0.641	-0.628318530718	-0.5833	0	
20200424_210758.516683	0.880036755335	0.8173	-0.639384128959	-0.641	-0.628318530718	-0.5833	0	
20200424_210758.524254	0.880036755335	0.8173	-0.639384128959	-0.641	-0.628318530718	-0.5834	0	
20200424_210758.532434	0.880036755335	0.8173	-0.639384128959	-0.641	-0.628318530718	-0.5833	0	
20200424_210758.541102	0.880036755335	0.8173	-0.639384128959	-0.641	-0.628318530718	-0.5833	0	
20200424_210758.549059	0.880036755335	0.8173	-0.639384128959	-0.641	-0.628318530718	-0.5834	0	
20200424_210758.557576	0.880036755335	0.8172	-0.639384128959	-0.641	-0.628318530718	-0.5832	0	
20200424_210758.566447	0.880036755335	0.8172	-0.639384128959	-0.641	-0.628318530718	-0.5831	0	
20200424_210758.573723	0.880036755335	0.8167	-0.639384128959	-0.6403	-0.628318530718	-0.5706	0	
20200424_210758.582086	0.880036755335	0.8156	-0.639384128959	-0.6403	-0.628318530718	-0.5525	0	
20200424_210758.590339	0.880036755335	0.8156	-0.639384128959	-0.6403	-0.628318530718	-0.5522	0	
20200424_210758.598626	0.880036755335	0.8156	-0.639384128959	-0.6403	-0.628318530718	-0.5523	0	
20200424_210758.607177	0.880036755335	0.8156	-0.639384128959	-0.6404	-0.628318530718	-0.5525	0	
20200424_210758.615447	0.880036755335	0.8157	-0.639384128959	-0.6404	-0.628318530718	-0.5526	0	
20200424_210758.624291	0.880036755335	0.8158	-0.639384128959	-0.6402	-0.628318530718	-0.5565	0	
20200424_210758.631985	0.880036755335	0.8156	-0.639384128959	-0.6403	-0.628318530718	-0.5524	0	
20200424_210758.640338	0.880036755335	0.8156	-0.639384128959	-0.6403	-0.628318530718	-0.5522	0	
20200424_210758.648850	0.880036755335	0.8156	-0.639384128959	-0.6403	-0.628318530718	-0.5521	0	
20200424_210758.657224	0.880036755335	0.8156	-0.639384128959	-0.6403	-0.628318530718	-0.5521	0	
20200424_210758.665610	0.880036755335	0.8166	-0.639384128959	-0.6403	-0.628318530718	-0.5708	0	
20200424_210758.674201	0.880036755335	0.8173	-0.639384128959	-0.641	-0.628318530718	-0.5835	0	
20200424_210758.682676	0.880036755335	0.8167	-0.639384128959	-0.6404	-0.628318530718	-0.5712	0	
20200424_210758.690979	0.880036755335	0.8157	-0.639384128959	-0.6404	-0.628318530718	-0.5528	0	
20200424_210758.699334	0.880036755335	0.8167	-0.639384128959	-0.6404	-0.628318530718	-0.5709	0	
20200424_210758.707758	0.880036755335	0.8167	-0.639384128959	-0.6404	-0.628318530718	-0.5711	0	
20200424_210758.715837	0.880036755335	0.8172	-0.639384128959	-0.641	-0.628318530718	-0.5831	0	
20200424_210758.724426	0.880036755335	0.8172	-0.639384128959	-0.641	-0.628318530718	-0.5831	0	
20200424_210758.732567	0.880036755335	0.8173	-0.639384128959	-0.641	-0.628318530718	-0.5829	0	
20200424_210758.741604	0.880036755335	0.8173	-0.639384128959	-0.641	-0.628318530718	-0.583	0	
20200424_210758.749537	0.880036755335	0.8173	-0.639384128959	-0.641	-0.628318530718	-0.5829	0	
20200424_210758.757389	0.880036755335	0.8173	-0.639384128959	-0.641	-0.628318530718	-0.5832	0	
20200424_210758.766052	0.880036755335	0.8173	-0.639384128959	-0.641	-0.628318530718	-0.5833	0	
20200424_210758.774260	0.880036755335	0.8172	-0.639384128959	-0.641	-0.628318530718	-0.5832	0	
20200424_210758.782665	0.880036755335	0.8173	-0.639384128959	-0.641	-0.628318530718	-0.5834	0	
20200424_210758.791499	0.880036755335	0.8173	-0.639384128959	-0.641	-0.628318530718	-0.5834	0	
20200424_210758.799218	0.880036755335	0.8172	-0.639384128959	-0.641	-0.628318530718	-0.5832	0	
20200424_210758.807537	0.880036755335	0.8172	-0.639384128959	-0.641	-0.628318530718	-0.5831	0	
20200424_210758.816114	0.880036755335	0.8172	-0.639384128959	-0.641	-0.628318530718	-0.5833	0	
20200424_210758.824202	0.880036755335	0.8172	-0.639384128959	-0.641	-0.628318530718	-0.5832	0	
20200424_210758.832352	0.880036755335	0.8173	-0.639384128959	-0.6409	-0.628318530718	-0.5845	0	
20200424_210758.840837	0.880036755335	0.8173	-0.639384128959	-0.641	-0.628318530718	-0.5832	0	
20200424_210758.849215	0.880036755335	0.8173	-0.639384128959	-0.641	-0.628318530718	-0.5833	0	
20200424_210758.857536	0.880036755335	0.8167	-0.639384128959	-0.6404	-0.628318530718	-0.5711	0	
20200424_210758.865639	0.880036755335	0.8168	-0.639384128959	-0.6405	-0.628318530718	-0.5961	0	
20200424_210758.874474	0.880036755335	0.8172	-0.639384128959	-0.641	-0.628318530718	-0.5832	0	
20200424_210758.882099	0.880036755335	0.8172	-0.639384128959	-0.6411	-0.628318530718	-0.6058	0	
20200424_210758.890551	0.880036755335	0.8167	-0.639384128959	-0.6403	-0.628318530718	-0.5709	0	
20200424_210758.899440	0.880036755335	0.8172	-0.639384128959	-0.6411	-0.628318530718	-0.6056	0	
20200424_210758.907495	0.880036755335	0.8172	-0.639384128959	-0.641	-0.628318530718	-0.5831	0	
20200424_210758.915574	0.880036755335	0.8172	-0.639384128959	-0.6411	-0.628318530718	-0.6058	0	
20200424_210758.924539	0.880036755335	0.8173	-0.639384128959	-0.641	-0.628318530718	-0.5834	0	
20200424_210758.932699	0.880036755335	0.8172	-0.639384128959	-0.6411	-0.628318530718	-0.6059	0	
20200424_210758.941082	0.880036755335	0.8173	-0.639384128959	-0.641	-0.628318530718	-0.5831	0	
20200424_210758.949791	0.880036755335	0.8167	-0.639384128959	-0.6403	-0.628318530718	-0.571	0	
20200424_210758.957792	0.880036755335	0.8158	-0.639384128959	-0.6402	-0.628318530718	-0.5566	0	
20200424_210758.965895	0.880036755335	0.8156	-0.639384128959	-0.6403	-0.628318530718	-0.5525	0	
20200424_210758.973931	0.880036755335	0.8167	-0.639384128959	-0.6402	-0.628318530718	-0.5739	0	
20200424_210758.982670	0.880036755335	0.8173	-0.639384128959	-0.641	-0.628318530718	-0.5834	0	
20200424_210758.991472	0.880036755335	0.8173	-0.639384128959	-0.641	-0.628318530718	-0.5832	0	
20200424_210758.999052	0.880036755335	0.8173	-0.639384128959	-0.641	-0.628318530718	-0.5834	0	
20200424_210759.007309	0.880036755335	0.8173	-0.639384128959	-0.641	-0.628318530718	-0.5834	0	
20200424_210759.016117	0.880036755335	0.8173	-0.639384128959	-0.641	-0.628318530718	-0.5832	0	
20200424_210759.023920	0.880036755335	0.8172	-0.639384128959	-0.641	-0.628318530718	-0.5833	0	
20200424_210759.032779	0.880036755335	0.8167	-0.639384128959	-0.6403	-0.628318530718	-0.5738	0	
20200424_210759.041090	0.880036755335	0.8156	-0.639384128959	-0.6403	-0.628318530718	-0.5527	0	
20200424_210759.049231	0.880036755335	0.8156	-0.639384128959	-0.6403	-0.628318530718	-0.5523	0	
20200424_210759.058223	0.880036755335	0.8156	-0.639384128959	-0.6403	-0.628318530718	-0.5526	0	
20200424_210759.066214	0.880036755335	0.8166	-0.639384128959	-0.6403	-0.628318530718	-0.5708	0	
20200424_210759.074295	0.880036755335	0.8167	-0.639384128959	-0.6403	-0.628318530718	-0.5738	0	
20200424_210759.082671	0.880036755335	0.8167	-0.639384128959	-0.6404	-0.628318530718	-0.5711	0	
20200424_210759.091412	0.880036755335	0.8167	-0.639384128959	-0.6403	-0.628318530718	-0.5737	0	
20200424_210759.099410	0.880036755335	0.8173	-0.639384128959	-0.641	-0.628318530718	-0.5833	0	
20200424_210759.107580	0.880036755335	0.8173	-0.639384128959	-0.641	-0.628318530718	-0.5833	0	
20200424_210759.116559	0.880036755335	0.8172	-0.639384128959	-0.641	-0.628318530718	-0.5833	0	
20200424_210759.124281	0.880036755335	0.8166	-0.639384128959	-0.6403	-0.628318530718	-0.5709	0	
20200424_210759.132631	0.880036755335	0.8156	-0.639384128959	-0.6403	-0.628318530718	-0.5527	0	
20200424_210759.141410	0.880036755335	0.8167	-0.639384128959	-0.6403	-0.628318530718	-0.5709	0	
20200424_210759.149106	0.880036755335	0.8172	-0.639384128959	-0.641	-0.628318530718	-0.5831	0	
20200424_210759.157724	0.880036755335	0.8172	-0.639384128959	-0.641	-0.628318530718	-0.5831	0	
20200424_210759.166030	0.880036755335	0.8172	-0.639384128959	-0.641	-0.628318530718	-0.583	0	
20200424_210759.174229	0.880036755335	0.8173	-0.639384128959	-0.641	-0.628318530718	-0.5831	0	
20200424_210759.182910	0.880036755335	0.8167	-0.639384128959	-0.6403	-0.628318530718	-0.5737	0	
20200424_210759.190894	0.880036755335	0.8157	-0.639384128959	-0.6402	-0.628318530718	-0.5567	0	
20200424_210759.199350	0.880036755335	0.8167	-0.639384128959	-0.6403	-0.628318530718	-0.5738	0	
20200424_210759.207592	0.880036755335	0.8166	-0.639384128959	-0.6403	-0.628318530718	-0.5708	0	
20200424_210759.216180	0.880036755335	0.8166	-0.639384128959	-0.6403	-0.628318530718	-0.5708	0	
20200424_210759.224327	0.880036755335	0.8173	-0.639384128959	-0.6411	-0.628318530718	-0.5852	0	
20200424_210759.232707	0.880036755335	0.8166	-0.639384128959	-0.6403	-0.628318530718	-0.5708	0	
20200424_210759.241142	0.880036755335	0.8157	-0.639384128959	-0.6402	-0.628318530718	-0.5566	0	
20200424_210759.248811	0.880036755335	0.8156	-0.639384128959	-0.6404	-0.628318530718	-0.5527	0	
20200424_210759.257627	0.880036755335	0.8156	-0.639384128959	-0.6403	-0.628318530718	-0.5526	0	
20200424_210759.266119	0.880036755335	0.8156	-0.639384128959	-0.6403	-0.628318530718	-0.5528	0	
20200424_210759.273941	0.880036755335	0.8156	-0.639384128959	-0.6403	-0.628318530718	-0.5524	0	
20200424_210759.283021	0.880036755335	0.8156	-0.639384128959	-0.6403	-0.628318530718	-0.5525	0	
20200424_210759.290641	0.880036755335	0.8156	-0.639384128959	-0.6403	-0.628318530718	-0.5524	0	
20200424_210759.299094	0.880036755335	0.8156	-0.639384128959	-0.6403	-0.628318530718	-0.5527	0	
20200424_210759.307582	0.880036755335	0.8157	-0.639384128959	-0.6402	-0.628318530718	-0.5566	0	
20200424_210759.315907	0.880036755335	0.8157	-0.639384128959	-0.6402	-0.628318530718	-0.5565	0	
20200424_210759.324401	0.880036755335	0.8157	-0.639384128959	-0.6402	-0.628318530718	-0.5563	0	
20200424_210759.333236	0.880036755335	0.8156	-0.639384128959	-0.6403	-0.628318530718	-0.552	0	
20200424_210759.341404	0.880036755335	0.8156	-0.639384128959	-0.6403	-0.628318530718	-0.5521	0	
20200424_210759.349623	0.880036755335	0.8157	-0.639384128959	-0.6402	-0.628318530718	-0.5568	0	
20200424_210759.357878	0.880036755335	0.8156	-0.639384128959	-0.6403	-0.628318530718	-0.5528	0	
20200424_210759.366453	0.880036755335	0.8156	-0.639384128959	-0.6403	-0.628318530718	-0.5524	0	
20200424_210759.374247	0.880036755335	0.8156	-0.639384128959	-0.6403	-0.628318530718	-0.5526	0	
20200424_210759.382389	0.880036755335	0.8156	-0.639384128959	-0.6403	-0.628318530718	-0.5528	0	
20200424_210759.390837	0.880036755335	0.8166	-0.639384128959	-0.6403	-0.628318530718	-0.5709	0	
20200424_210759.399091	0.880036755335	0.8167	-0.639384128959	-0.6404	-0.628318530718	-0.571	0	
20200424_210759.407400	0.880036755335	0.8173	-0.639384128959	-0.641	-0.628318530718	-0.5833	0	
20200424_210759.416532	0.880036755335	0.8167	-0.639384128959	-0.6404	-0.628318530718	-0.5712	0	
20200424_210759.424712	0.880036755335	0.8168	-0.639384128959	-0.6405	-0.628318530718	-0.5963	0	
20200424_210759.432517	0.880036755335	0.8167	-0.639384128959	-0.6404	-0.628318530718	-0.5709	0	
20200424_210759.440894	0.880036755335	0.8167	-0.639384128959	-0.6403	-0.628318530718	-0.571	0	
20200424_210759.448995	0.880036755335	0.8173	-0.639384128959	-0.6408	-0.628318530718	-0.5844	0	
20200424_210759.457765	0.880036755335	0.8173	-0.639384128959	-0.641	-0.628318530718	-0.5834	0	
20200424_210759.465753	0.880036755335	0.8172	-0.639384128959	-0.6408	-0.628318530718	-0.5844	0	
20200424_210759.473996	0.880036755335	0.8172	-0.639384128959	-0.641	-0.628318530718	-0.5834	0	
20200424_210759.482489	0.880036755335	0.8172	-0.639384128959	-0.641	-0.628318530718	-0.5833	0	
20200424_210759.491112	0.880036755335	0.8173	-0.639384128959	-0.641	-0.628318530718	-0.5834	0	
20200424_210759.499470	0.880036755335	0.8173	-0.639384128959	-0.641	-0.628318530718	-0.5837	0	
20200424_210759.507910	0.880036755335	0.8172	-0.639384128959	-0.641	-0.628318530718	-0.5832	0	
20200424_210759.516704	0.880036755335	0.8172	-0.639384128959	-0.641	-0.628318530718	-0.5834	0	
20200424_210759.524300	0.880036755335	0.8172	-0.639384128959	-0.641	-0.628318530718	-0.5834	0	
20200424_210759.532510	0.880036755335	0.8172	-0.639384128959	-0.641	-0.628318530718	-0.5831	0	
20200424_210759.541310	0.880036755335	0.8166	-0.639384128959	-0.6403	-0.628318530718	-0.5709	0	
20200424_210759.549926	0.880036755335	0.8156	-0.639384128959	-0.6403	-0.628318530718	-0.5524	0	
20200424_210759.559323	0.880036755335	0.8157	-0.639384128959	-0.6402	-0.628318530718	-0.5564	0	
20200424_210759.565437	0.880036755335	0.8167	-0.639384128959	-0.6403	-0.628318530718	-0.574	0	
20200424_210759.573713	0.880036755335	0.8173	-0.639384128959	-0.6409	-0.628318530718	-0.5844	0	
20200424_210759.581900	0.880036755335	0.8173	-0.639384128959	-0.6409	-0.628318530718	-0.5845	0	
20200424_210759.590350	0.880036755335	0.8173	-0.639384128959	-0.641	-0.628318530718	-0.5836	0	
20200424_210759.598612	0.880036755335	0.8172	-0.639384128959	-0.641	-0.628318530718	-0.5835	0	
20200424_210759.607023	0.880036755335	0.8172	-0.639384128959	-0.641	-0.628318530718	-0.5833	0	
20200424_210759.617552	0.880036755335	0.8172	-0.639384128959	-0.641	-0.628318530718	-0.5831	0	
20200424_210759.623798	0.880036755335	0.8172	-0.639384128959	-0.641	-0.628318530718	-0.5832	0	
20200424_210759.632140	0.880036755335	0.8172	-0.639384128959	-0.641	-0.628318530718	-0.5831	0	
20200424_210759.640906	0.880036755335	0.8173	-0.639384128959	-0.6409	-0.628318530718	-0.5844	0	
20200424_210759.648954	0.880036755335	0.8173	-0.639384128959	-0.641	-0.628318530718	-0.583	0	
20200424_210759.657870	0.880036755335	0.8173	-0.639384128959	-0.6409	-0.628318530718	-0.5842	0	
20200424_210759.666269	0.880036755335	0.8167	-0.639384128959	-0.6404	-0.628318530718	-0.5708	0	
20200424_210759.674873	0.880036755335	0.8156	-0.639384128959	-0.6403	-0.628318530718	-0.5525	0	
20200424_210759.683504	0.880036755335	0.8156	-0.639384128959	-0.6403	-0.628318530718	-0.5522	0	
20200424_210759.691437	0.880036755335	0.8154	-0.639384128959	-0.6399	-0.628318530718	-0.5548	0	
20200424_210759.698980	0.880036755335	0.8154	-0.639384128959	-0.64	-0.628318530718	-0.5516	0	
20200424_210759.707495	0.880036755335	0.8149	-0.639384128959	-0.6399	-0.628318530718	-0.5551	0	
20200424_210759.716134	0.880036755335	0.8156	-0.639384128959	-0.6402	-0.628318530718	-0.5582	0	
20200424_210759.724645	0.880036755335	0.8171	-0.639384128959	-0.6411	-0.628318530718	-0.5859	0	
20200424_210759.733313	0.880036755335	0.8169	-0.639384128959	-0.6407	-0.628318530718	-0.5883	0	
20200424_210759.741330	0.880036755335	0.8171	-0.639384128959	-0.641	-0.628318530718	-0.5868	0	
20200424_210759.749944	0.880036755335	0.8171	-0.639384128959	-0.641	-0.628318530718	-0.5868	0	
20200424_210759.757514	0.880036755335	0.817	-0.639384128959	-0.6406	-0.628318530718	-0.587	0	
20200424_210759.765297	0.880036755335	0.8171	-0.639384128959	-0.6409	-0.628318530718	-0.5869	0	
20200424_210759.773665	0.880036755335	0.8171	-0.639384128959	-0.6409	-0.628318530718	-0.5869	0	
20200424_210759.782265	0.880036755335	0.8169	-0.639384128959	-0.6408	-0.628318530718	-0.5883	0	
20200424_210759.790633	0.880036755335	0.8171	-0.639384128959	-0.6411	-0.628318530718	-0.5861	0	
20200424_210759.799197	0.880036755335	0.8171	-0.639384128959	-0.6411	-0.628318530718	-0.5858	0	
20200424_210759.807762	0.880036755335	0.8169	-0.639384128959	-0.6408	-0.628318530718	-0.5884	0	
20200424_210759.816071	0.880036755335	0.8171	-0.639384128959	-0.641	-0.628318530718	-0.5872	0	
20200424_210759.824283	0.880036755335	0.8171	-0.639384128959	-0.641	-0.628318530718	-0.587	0	
20200424_210759.833003	0.880036755335	0.8169	-0.639384128959	-0.6408	-0.628318530718	-0.5885	0	
20200424_210759.841162	0.880036755335	0.8171	-0.639384128959	-0.641	-0.628318530718	-0.5858	0	
20200424_210759.849427	0.880036755335	0.8171	-0.639384128959	-0.641	-0.628318530718	-0.5859	0	
20200424_210759.857716	0.880036755335	0.8169	-0.639384128959	-0.6407	-0.628318530718	-0.5885	0	
20200424_210759.865937	0.880036755335	0.8172	-0.639384128959	-0.641	-0.628318530718	-0.5892	0	
20200424_210759.874386	0.880036755335	0.8171	-0.639384128959	-0.641	-0.628318530718	-0.5871	0	
20200424_210759.882967	0.880036755335	0.817	-0.639384128959	-0.6407	-0.628318530718	-0.5871	0	
20200424_210759.891522	0.880036755335	0.8171	-0.639384128959	-0.641	-0.628318530718	-0.5873	0	
20200424_210759.899940	0.880036755335	0.8171	-0.639384128959	-0.641	-0.628318530718	-0.5871	0	
20200424_210759.907971	0.880036755335	0.817	-0.639384128959	-0.6406	-0.628318530718	-0.5872	0	
20200424_210759.916133	0.880036755335	0.8171	-0.639384128959	-0.641	-0.628318530718	-0.5859	0	
20200424_210759.924470	0.880036755335	0.8171	-0.639384128959	-0.641	-0.628318530718	-0.5861	0	
20200424_210759.932198	0.880036755335	0.817	-0.639384128959	-0.6407	-0.628318530718	-0.5865	0	
20200424_210759.940957	0.880036755335	0.8171	-0.639384128959	-0.6411	-0.628318530718	-0.586	0	
20200424_210759.949215	0.880036755335	0.8171	-0.639384128959	-0.641	-0.628318530718	-0.5871	0	
20200424_210759.957686	0.880036755335	0.8169	-0.639384128959	-0.6408	-0.628318530718	-0.5884	0	
20200424_210759.965696	0.880036755335	0.8172	-0.639384128959	-0.641	-0.628318530718	-0.587	0	
20200424_210759.974175	0.880036755335	0.8172	-0.639384128959	-0.641	-0.628318530718	-0.5871	0	
20200424_210759.982406	0.880036755335	0.817	-0.639384128959	-0.6407	-0.628318530718	-0.5872	0	
20200424_210759.990712	0.880036755335	0.8171	-0.639384128959	-0.6409	-0.628318530718	-0.5868	0	
20200424_210759.999343	0.880036755335	0.8171	-0.639384128959	-0.6409	-0.628318530718	-0.5868	0	
20200424_210800.008022	0.880036755335	0.817	-0.639384128959	-0.6406	-0.628318530718	-0.5867	0	
20200424_210800.015840	0.880036755335	0.8171	-0.639384128959	-0.6409	-0.628318530718	-0.5867	0	
20200424_210800.024197	0.880036755335	0.8166	-0.639384128959	-0.6403	-0.628318530718	-0.5764	0	
20200424_210800.032414	0.880036755335	0.8165	-0.639384128959	-0.6401	-0.628318530718	-0.5781	0	
20200424_210800.040883	0.880036755335	0.8171	-0.639384128959	-0.641	-0.628318530718	-0.5871	0	
20200424_210800.049579	0.880036755335	0.8172	-0.639384128959	-0.641	-0.628318530718	-0.5872	0	
20200424_210800.057712	0.880036755335	0.8169	-0.639384128959	-0.6408	-0.628318530718	-0.5882	0	
20200424_210800.065640	0.880036755335	0.8171	-0.639384128959	-0.641	-0.628318530718	-0.5871	0	
20200424_210800.074143	0.880036755335	0.8171	-0.639384128959	-0.641	-0.628318530718	-0.5869	0	
20200424_210800.084259	0.880036755335	0.8168	-0.639384128959	-0.6408	-0.628318530718	-0.5882	0	
20200424_210800.091223	0.880036755335	0.8171	-0.639384128959	-0.6411	-0.628318530718	-0.5857	0	
20200424_210800.098682	0.880036755335	0.8171	-0.639384128959	-0.6411	-0.628318530718	-0.5858	0	
20200424_210800.107616	0.880036755335	0.8169	-0.639384128959	-0.6407	-0.628318530718	-0.5884	0	
20200424_210800.115649	0.880036755335	0.8171	-0.639384128959	-0.641	-0.628318530718	-0.5869	0	
20200424_210800.124442	0.880036755335	0.8171	-0.639384128959	-0.6409	-0.628318530718	-0.5853	0	
20200424_210800.133895	0.880036755335	0.8163	-0.639384128959	-0.6408	-0.628318530718	-0.5971	0	
20200424_210800.141409	0.880036755335	0.817	-0.639384128959	-0.641	-0.628318530718	-0.588	0	
20200424_210800.150469	0.880036755335	0.8172	-0.639384128959	-0.641	-0.628318530718	-0.5833	0	
20200424_210800.160055	0.880036755335	0.8172	-0.639384128959	-0.641	-0.628318530718	-0.5834	0	
20200424_210800.166169	0.880036755335	0.8172	-0.639384128959	-0.6409	-0.628318530718	-0.5834	0	
20200424_210800.174822	0.880036755335	0.8172	-0.639384128959	-0.641	-0.628318530718	-0.5833	0	
20200424_210800.183435	0.880036755335	0.8172	-0.639384128959	-0.641	-0.628318530718	-0.5833	0	
20200424_210800.191522	0.880036755335	0.8172	-0.639384128959	-0.6409	-0.628318530718	-0.5844	0	
20200424_210800.199081	0.880036755335	0.8172	-0.639384128959	-0.6409	-0.628318530718	-0.5846	0	
