Time	X_Setpt	X_FB	Y_Setpt	Y_FB	Theta_Setpt	Theta_FB	Motion Status	
20200424_210720.039880	-9.18485099361e-17	-0.8012	-0.5	-1.0696	-1.57079632679	-2.1861	1	
20200424_210720.129160	-9.18485099361e-17	-0.8012	-0.5	-1.0696	-1.57079632679	-2.186	1	
20200424_210720.229383	-9.18485099361e-17	-0.8047	-0.5	-1.0731	-1.57079632679	-2.1371	1	
20200424_210720.329532	-9.18485099361e-17	-0.8122	-0.5	-1.0806	-1.57079632679	-2.0294	1	
20200424_210720.429616	-9.18485099361e-17	-0.8204	-0.5	-1.0904	-1.57079632679	-1.905	1	
20200424_210720.530284	-9.18485099361e-17	-0.8269	-0.5	-1.0999	-1.57079632679	-1.7839	1	
20200424_210720.628713	-9.18485099361e-17	-0.8327	-0.5	-1.1114	-1.57079632679	-1.6258	1	
20200424_210720.729990	-9.18485099361e-17	-0.8359	-0.5	-1.1197	-1.57079632679	-1.5173	1	
20200424_210720.829496	-9.18485099361e-17	-0.8388	-0.5	-1.1308	-1.57079632679	-1.385	1	
20200424_210720.930164	-9.18485099361e-17	-0.8408	-0.5	-1.1408	-1.57079632679	-1.2584	1	
20200424_210721.029834	-9.18485099361e-17	-0.8406	-0.5	-1.1537	-1.57079632679	-1.1334	1	
20200424_210721.129783	-9.18485099361e-17	-0.8393	-0.5	-1.1638	-1.57079632679	-1.0245	1	
20200424_210721.229614	-9.18485099361e-17	-0.8361	-0.5	-1.175	-1.57079632679	-0.899	1	
20200424_210721.330139	-9.18485099361e-17	-0.8332	-0.5	-1.1841	-1.57079632679	-0.7704	1	
20200424_210721.429596	-9.18485099361e-17	-0.8277	-0.5	-1.1936	-1.57079632679	-0.6365	1	
20200424_210721.529377	-9.18485099361e-17	-0.8208	-0.5	-1.2022	-1.57079632679	-0.5343	1	
20200424_210721.628731	-9.18485099361e-17	-0.8121	-0.5	-1.2109	-1.57079632679	-0.3949	1	
20200424_210721.729123	-9.18485099361e-17	-0.8045	-0.5	-1.2178	-1.57079632679	-0.2761	1	
20200424_210721.828836	-9.18485099361e-17	-0.7947	-0.5	-1.224	-1.57079632679	-0.1482	1	
20200424_210721.929240	-9.18485099361e-17	-0.7834	-0.5	-1.2285	-1.57079632679	-0.0318	1	
20200424_210722.029797	-9.18485099361e-17	-0.773	-0.5	-1.2325	-1.57079632679	0.0987	1	
20200424_210722.130251	-9.18485099361e-17	-0.7608	-0.5	-1.2344	-1.57079632679	0.232	1	
20200424_210722.231237	-9.18485099361e-17	-0.7494	-0.5	-1.234	-1.57079632679	0.3422	1	
20200424_210722.329731	-9.18485099361e-17	-0.7381	-0.5	-1.2334	-1.57079632679	0.4642	1	
20200424_210722.429689	-9.18485099361e-17	-0.7255	-0.5	-1.2298	-1.57079632679	0.5772	1	
20200424_210722.529681	-9.18485099361e-17	-0.7113	-0.5	-1.2236	-1.57079632679	0.671	1	
20200424_210722.628996	-9.18485099361e-17	-0.6979	-0.5	-1.2154	-1.57079632679	0.7335	1	
20200424_210722.729801	-9.18485099361e-17	-0.6846	-0.5	-1.2052	-1.57079632679	0.767	1	
20200424_210722.829519	-9.18485099361e-17	-0.6697	-0.5	-1.192	-1.57079632679	0.7834	1	
20200424_210722.930007	-9.18485099361e-17	-0.6555	-0.5	-1.177	-1.57079632679	0.7823	1	
20200424_210723.030013	-9.18485099361e-17	-0.6394	-0.5	-1.1618	-1.57079632679	0.7875	1	
20200424_210723.129716	0.639384128959	-0.6253	-0.880036755335	-1.1465	-0.942477796077	0.7718	1	
20200424_210723.230456	0.639384128959	-0.62	-0.880036755335	-1.138	-0.942477796077	0.6816	1	
20200424_210723.329152	0.639384128959	-0.6158	-0.880036755335	-1.1308	-0.942477796077	0.5735	1	
20200424_210723.430032	0.639384128959	-0.6106	-0.880036755335	-1.1239	-0.942477796077	0.4681	1	
20200424_210723.529967	0.639384128959	-0.6021	-0.880036755335	-1.1179	-0.942477796077	0.4235	1	
20200424_210723.629147	0.639384128959	-0.5918	-0.880036755335	-1.1111	-0.942477796077	0.3794	1	
20200424_210723.730110	0.639384128959	-0.5786	-0.880036755335	-1.1041	-0.942477796077	0.3416	1	
20200424_210723.829802	0.639384128959	-0.5625	-0.880036755335	-1.0974	-0.942477796077	0.2995	1	
20200424_210723.930193	0.639384128959	-0.5481	-0.880036755335	-1.0921	-0.942477796077	0.2722	1	
20200424_210724.030175	0.639384128959	-0.5304	-0.880036755335	-1.0862	-0.942477796077	0.2597	1	
20200424_210724.129886	0.639384128959	-0.5134	-0.880036755335	-1.0813	-0.942477796077	0.2446	1	
20200424_210724.229052	0.639384128959	-0.4931	-0.880036755335	-1.0764	-0.942477796077	0.2334	1	
20200424_210724.329885	0.639384128959	-0.4752	-0.880036755335	-1.0717	-0.942477796077	0.2319	1	
20200424_210724.429670	0.639384128959	-0.4552	-0.880036755335	-1.067	-0.942477796077	0.2419	1	
20200424_210724.530139	0.639384128959	-0.4366	-0.880036755335	-1.0627	-0.942477796077	0.2481	1	
20200424_210724.628692	0.639384128959	-0.414	-0.880036755335	-1.0569	-0.942477796077	0.2522	1	
20200424_210724.729470	0.639384128959	-0.396	-0.880036755335	-1.0515	-0.942477796077	0.2515	1	
20200424_210724.830026	0.639384128959	-0.3752	-0.880036755335	-1.0464	-0.942477796077	0.2607	1	
20200424_210724.929800	0.639384128959	-0.3571	-0.880036755335	-1.0418	-0.942477796077	0.2545	1	
20200424_210725.029069	0.639384128959	-0.3385	-0.880036755335	-1.0361	-0.942477796077	0.2414	1	
20200424_210725.129375	0.639384128959	-0.3205	-0.880036755335	-1.0303	-0.942477796077	0.2205	1	
20200424_210725.229557	0.639384128959	-0.3024	-0.880036755335	-1.0264	-0.942477796077	0.2152	1	
20200424_210725.329829	0.639384128959	-0.2821	-0.880036755335	-1.0208	-0.942477796077	0.214	1	
20200424_210725.429780	0.639384128959	-0.2614	-0.880036755335	-1.0166	-0.942477796077	0.2233	1	
20200424_210725.530088	0.639384128959	-0.2415	-0.880036755335	-1.0119	-0.942477796077	0.2309	1	
20200424_210725.629500	0.639384128959	-0.2215	-0.880036755335	-1.0067	-0.942477796077	0.2244	1	
20200424_210725.729415	0.639384128959	-0.2017	-0.880036755335	-1.0025	-0.942477796077	0.2238	1	
20200424_210725.830271	0.639384128959	-0.1805	-0.880036755335	-0.9974	-0.942477796077	0.2291	1	
20200424_210725.930097	0.639384128959	-0.1621	-0.880036755335	-0.9928	-0.942477796077	0.2319	1	
20200424_210726.030253	0.639384128959	-0.141	-0.880036755335	-0.9876	-0.942477796077	0.2297	1	
20200424_210726.129940	1.38003675534	-0.1243	-0.448401123334	-0.9844	-0.314159265359	0.2311	1	
20200424_210726.229998	1.38003675534	-0.1049	-0.448401123334	-0.9798	-0.314159265359	0.2396	1	
20200424_210726.330402	1.38003675534	-0.0864	-0.448401123334	-0.9761	-0.314159265359	0.2607	1	
20200424_210726.429303	1.38003675534	-0.0678	-0.448401123334	-0.9707	-0.314159265359	0.282	1	
20200424_210726.529958	1.38003675534	-0.0497	-0.448401123334	-0.9657	-0.314159265359	0.2922	1	
20200424_210726.629078	1.38003675534	-0.0286	-0.448401123334	-0.9588	-0.314159265359	0.2913	1	
20200424_210726.730377	1.38003675534	-0.0092	-0.448401123334	-0.9527	-0.314159265359	0.2905	1	
20200424_210726.829487	1.38003675534	0.0083	-0.448401123334	-0.947	-0.314159265359	0.2983	1	
20200424_210726.930359	1.38003675534	0.0281	-0.448401123334	-0.9416	-0.314159265359	0.3026	1	
20200424_210727.030135	1.38003675534	0.0455	-0.448401123334	-0.9358	-0.314159265359	0.3175	1	
20200424_210727.130264	1.38003675534	0.0663	-0.448401123334	-0.9301	-0.314159265359	0.3453	1	
20200424_210727.229302	1.38003675534	0.0833	-0.448401123334	-0.9232	-0.314159265359	0.3513	1	
20200424_210727.329739	1.38003675534	0.1023	-0.448401123334	-0.9163	-0.314159265359	0.3535	1	
20200424_210727.429811	1.38003675534	0.1214	-0.448401123334	-0.9093	-0.314159265359	0.3489	1	
20200424_210727.528858	1.38003675534	0.1404	-0.448401123334	-0.901	-0.314159265359	0.3493	1	
20200424_210727.629119	1.38003675534	0.1601	-0.448401123334	-0.8937	-0.314159265359	0.3514	1	
20200424_210727.729739	1.38003675534	0.1771	-0.448401123334	-0.8868	-0.314159265359	0.3526	1	
20200424_210727.829981	1.38003675534	0.1954	-0.448401123334	-0.8804	-0.314159265359	0.3546	1	
20200424_210727.930537	1.38003675534	0.2154	-0.448401123334	-0.8733	-0.314159265359	0.3554	1	
20200424_210728.029757	1.38003675534	0.2351	-0.448401123334	-0.866	-0.314159265359	0.3529	1	
20200424_210728.129848	1.38003675534	0.2535	-0.448401123334	-0.8599	-0.314159265359	0.3561	1	
20200424_210728.229557	1.38003675534	0.2736	-0.448401123334	-0.8517	-0.314159265359	0.3576	1	
20200424_210728.330232	1.38003675534	0.291	-0.448401123334	-0.8445	-0.314159265359	0.3597	1	
20200424_210728.429360	1.38003675534	0.3107	-0.448401123334	-0.837	-0.314159265359	0.3588	1	
20200424_210728.530357	1.38003675534	0.3301	-0.448401123334	-0.8294	-0.314159265359	0.3569	1	
20200424_210728.628985	1.38003675534	0.3497	-0.448401123334	-0.8227	-0.314159265359	0.376	1	
20200424_210728.729554	1.38003675534	0.3672	-0.448401123334	-0.8154	-0.314159265359	0.3811	1	
20200424_210728.829825	1.38003675534	0.3853	-0.448401123334	-0.8084	-0.314159265359	0.3856	1	
20200424_210728.929631	1.38003675534	0.4033	-0.448401123334	-0.8001	-0.314159265359	0.3853	1	
20200424_210729.029566	1.38003675534	0.4238	-0.448401123334	-0.791	-0.314159265359	0.3803	1	
20200424_210729.128929	1.38003675534	0.4415	0.448401123334	-0.7847	0.314159265359	0.3891	1	
20200424_210729.228994	1.38003675534	0.4576	0.448401123334	-0.7798	0.314159265359	0.4665	1	
20200424_210729.329438	1.38003675534	0.4675	0.448401123334	-0.7784	0.314159265359	0.5603	1	
20200424_210729.429563	1.38003675534	0.4803	0.448401123334	-0.7738	0.314159265359	0.6674	1	
20200424_210729.530315	1.38003675534	0.4922	0.448401123334	-0.7672	0.314159265359	0.7604	1	
20200424_210729.628964	1.38003675534	0.5064	0.448401123334	-0.7559	0.314159265359	0.8257	1	
20200424_210729.730009	1.38003675534	0.5171	0.448401123334	-0.7459	0.314159265359	0.8779	1	
20200424_210729.829726	1.38003675534	0.529	0.448401123334	-0.7321	0.314159265359	0.9071	1	
20200424_210729.929844	1.38003675534	0.5414	0.448401123334	-0.7159	0.314159265359	0.9436	1	
20200424_210730.029906	1.38003675534	0.5539	0.448401123334	-0.6998	0.314159265359	0.955	1	
20200424_210730.129737	1.38003675534	0.5652	0.448401123334	-0.6841	0.314159265359	0.9372	1	
20200424_210730.230023	1.38003675534	0.576	0.448401123334	-0.6685	0.314159265359	0.9357	1	
20200424_210730.330446	1.38003675534	0.5882	0.448401123334	-0.6512	0.314159265359	0.9389	1	
20200424_210730.431441	1.38003675534	0.5995	0.448401123334	-0.6349	0.314159265359	0.9376	1	
20200424_210730.529866	1.38003675534	0.6126	0.448401123334	-0.6171	0.314159265359	0.9423	1	
20200424_210730.628801	1.38003675534	0.6249	0.448401123334	-0.599	0.314159265359	0.9433	1	
20200424_210730.729991	1.38003675534	0.6359	0.448401123334	-0.5843	0.314159265359	0.9485	1	
20200424_210730.829699	1.38003675534	0.6482	0.448401123334	-0.5676	0.314159265359	0.9602	1	
20200424_210730.930134	1.38003675534	0.6583	0.448401123334	-0.5514	0.314159265359	0.9681	1	
20200424_210731.029786	1.38003675534	0.6693	0.448401123334	-0.5351	0.314159265359	0.9745	1	
20200424_210731.129016	1.38003675534	0.6806	0.448401123334	-0.5193	0.314159265359	0.9814	1	
20200424_210731.230270	1.38003675534	0.6918	0.448401123334	-0.5027	0.314159265359	0.978	1	
20200424_210731.330154	1.38003675534	0.7035	0.448401123334	-0.485	0.314159265359	0.9935	1	
20200424_210731.429817	1.38003675534	0.7135	0.448401123334	-0.469	0.314159265359	1.0021	1	
20200424_210731.530061	1.38003675534	0.7246	0.448401123334	-0.4509	0.314159265359	1.0032	1	
20200424_210731.628827	1.38003675534	0.7356	0.448401123334	-0.4332	0.314159265359	0.9903	1	
20200424_210731.730303	1.38003675534	0.7443	0.448401123334	-0.4182	0.314159265359	1.0032	1	
20200424_210731.829472	1.38003675534	0.7548	0.448401123334	-0.4016	0.314159265359	1.0097	1	
20200424_210731.929326	1.38003675534	0.7664	0.448401123334	-0.3841	0.314159265359	1.0153	1	
20200424_210732.028774	1.38003675534	0.7768	0.448401123334	-0.3664	0.314159265359	1.0267	1	
20200424_210732.129828	0.639384128959	0.786	0.880036755335	-0.3505	0.942477796077	1.0242	1	
20200424_210732.230196	0.639384128959	0.7955	0.880036755335	-0.3392	0.942477796077	1.1026	1	
20200424_210732.329312	0.639384128959	0.8023	0.880036755335	-0.3311	0.942477796077	1.2121	1	
20200424_210732.430396	0.639384128959	0.8091	0.880036755335	-0.322	0.942477796077	1.3328	1	
20200424_210732.528938	0.639384128959	0.8151	0.880036755335	-0.3105	0.942477796077	1.4637	1	
20200424_210732.628693	0.639384128959	0.8189	0.880036755335	-0.2965	0.942477796077	1.5705	1	
20200424_210732.729602	0.639384128959	0.8204	0.880036755335	-0.2822	0.942477796077	1.6602	1	
20200424_210732.831630	0.639384128959	0.8204	0.880036755335	-0.2649	0.942477796077	1.7134	1	
20200424_210732.930468	0.639384128959	0.819	0.880036755335	-0.2476	0.942477796077	1.6986	1	
20200424_210733.029810	0.639384128959	0.8155	0.880036755335	-0.2282	0.942477796077	1.7084	1	
20200424_210733.130047	0.639384128959	0.8119	0.880036755335	-0.2045	0.942477796077	1.7375	1	
20200424_210733.229919	0.639384128959	0.8097	0.880036755335	-0.1861	0.942477796077	1.7427	1	
20200424_210733.329763	0.639384128959	0.8059	0.880036755335	-0.166	0.942477796077	1.7285	1	
20200424_210733.429805	0.639384128959	0.8013	0.880036755335	-0.1446	0.942477796077	1.7507	1	
20200424_210733.529829	0.639384128959	0.7998	0.880036755335	-0.1271	0.942477796077	1.7297	1	
20200424_210733.629166	0.639384128959	0.7956	0.880036755335	-0.1057	0.942477796077	1.7421	1	
20200424_210733.729620	0.639384128959	0.7911	0.880036755335	-0.0836	0.942477796077	1.7431	1	
20200424_210733.830097	0.639384128959	0.7888	0.880036755335	-0.066	0.942477796077	1.7597	1	
20200424_210733.929641	0.639384128959	0.7841	0.880036755335	-0.0421	0.942477796077	1.8011	1	
20200424_210734.029830	0.639384128959	0.7821	0.880036755335	-0.0265	0.942477796077	1.7528	1	
20200424_210734.130065	0.639384128959	0.7767	0.880036755335	-0.0029	0.942477796077	1.8138	1	
20200424_210734.229350	0.639384128959	0.7742	0.880036755335	0.0129	0.942477796077	1.7838	1	
20200424_210734.329501	0.639384128959	0.773	0.880036755335	0.0312	0.942477796077	1.7595	1	
20200424_210734.430079	0.639384128959	0.7652	0.880036755335	0.0501	0.942477796077	1.8004	1	
20200424_210734.530430	0.639384128959	0.7618	0.880036755335	0.0709	0.942477796077	1.7953	1	
20200424_210734.628800	0.639384128959	0.7573	0.880036755335	0.0899	0.942477796077	1.7915	1	
20200424_210734.730047	0.639384128959	0.7538	0.880036755335	0.1087	0.942477796077	1.7891	1	
20200424_210734.829880	0.639384128959	0.7488	0.880036755335	0.1272	0.942477796077	1.7934	1	
20200424_210734.928941	0.639384128959	0.7424	0.880036755335	0.1497	0.942477796077	1.851	1	
20200424_210735.029694	0.639384128959	0.7422	0.880036755335	0.167	0.942477796077	1.829	1	
20200424_210735.130327	1.53080849893e-16	0.738	0.5	0.1847	1.57079632679	1.8151	1	
20200424_210735.230339	1.53080849893e-16	0.7355	0.5	0.1974	1.57079632679	1.8776	1	
20200424_210735.329917	1.53080849893e-16	0.7346	0.5	0.211	1.57079632679	2.0078	1	
20200424_210735.430737	1.53080849893e-16	0.733	0.5	0.2228	1.57079632679	2.1252	1	
20200424_210735.530087	1.53080849893e-16	0.7307	0.5	0.2324	1.57079632679	2.2501	1	
20200424_210735.629084	1.53080849893e-16	0.7256	0.5	0.2444	1.57079632679	2.3931	1	
20200424_210735.729945	1.53080849893e-16	0.7194	0.5	0.254	1.57079632679	2.5197	1	
20200424_210735.830058	1.53080849893e-16	0.7157	0.5	0.2585	1.57079632679	2.575	1	
20200424_210735.930052	1.53080849893e-16	0.7023	0.5	0.2722	1.57079632679	2.6694	1	
20200424_210736.029912	1.53080849893e-16	0.6878	0.5	0.2804	1.57079632679	2.7525	1	
20200424_210736.130077	1.53080849893e-16	0.6728	0.5	0.2879	1.57079632679	2.7923	1	
20200424_210736.229532	1.53080849893e-16	0.6567	0.5	0.2952	1.57079632679	2.8151	1	
20200424_210736.330314	1.53080849893e-16	0.6369	0.5	0.3006	1.57079632679	2.8375	1	
20200424_210736.430065	1.53080849893e-16	0.6169	0.5	0.3086	1.57079632679	2.828	1	
20200424_210736.530203	1.53080849893e-16	0.5974	0.5	0.3153	1.57079632679	2.8323	1	
20200424_210736.628982	1.53080849893e-16	0.5761	0.5	0.3218	1.57079632679	2.8492	1	
20200424_210736.728730	1.53080849893e-16	0.5564	0.5	0.3281	1.57079632679	2.8476	1	
20200424_210736.828836	1.53080849893e-16	0.5381	0.5	0.3339	1.57079632679	2.8442	1	
20200424_210736.930302	1.53080849893e-16	0.5207	0.5	0.3399	1.57079632679	2.8525	1	
20200424_210737.030305	1.53080849893e-16	0.5024	0.5	0.3461	1.57079632679	2.8689	1	
20200424_210737.129486	1.53080849893e-16	0.4835	0.5	0.3512	1.57079632679	2.8793	1	
20200424_210737.229939	1.53080849893e-16	0.4654	0.5	0.3571	1.57079632679	2.8862	1	
20200424_210737.329458	1.53080849893e-16	0.4456	0.5	0.3627	1.57079632679	2.888	1	
20200424_210737.430014	1.53080849893e-16	0.4241	0.5	0.3682	1.57079632679	2.895	1	
20200424_210737.530131	1.53080849893e-16	0.4065	0.5	0.3729	1.57079632679	2.8913	1	
20200424_210737.628765	1.53080849893e-16	0.3851	0.5	0.3791	1.57079632679	2.8941	1	
20200424_210737.729794	1.53080849893e-16	0.3676	0.5	0.3842	1.57079632679	2.9022	1	
20200424_210737.829850	1.53080849893e-16	0.3477	0.5	0.389	1.57079632679	2.8888	1	
20200424_210737.929110	1.53080849893e-16	0.3286	0.5	0.3941	1.57079632679	2.8903	1	
20200424_210738.030732	1.53080849893e-16	0.3082	0.5	0.3991	1.57079632679	2.892	1	
20200424_210738.129523	-0.639384128959	0.2894	0.880036755335	0.4049	2.19911485751	2.8929	1	
20200424_210738.228934	-0.639384128959	0.2722	0.880036755335	0.4091	2.19911485751	2.8776	1	
20200424_210738.329867	-0.639384128959	0.2566	0.880036755335	0.4125	2.19911485751	2.8381	1	
20200424_210738.429851	-0.639384128959	0.2416	0.880036755335	0.4167	2.19911485751	2.7965	1	
20200424_210738.529699	-0.639384128959	0.225	0.880036755335	0.422	2.19911485751	2.7628	1	
20200424_210738.629737	-0.639384128959	0.2099	0.880036755335	0.4277	2.19911485751	2.7381	1	
20200424_210738.729210	-0.639384128959	0.1938	0.880036755335	0.4333	2.19911485751	2.714	1	
20200424_210738.829811	-0.639384128959	0.1744	0.880036755335	0.4432	2.19911485751	2.7057	1	
20200424_210738.930210	-0.639384128959	0.1561	0.880036755335	0.4527	2.19911485751	2.7119	1	
20200424_210739.030194	-0.639384128959	0.1376	0.880036755335	0.4611	2.19911485751	2.7072	1	
20200424_210739.130086	-0.639384128959	0.1188	0.880036755335	0.4705	2.19911485751	2.712	1	
20200424_210739.229653	-0.639384128959	0.1007	0.880036755335	0.479	2.19911485751	2.7158	1	
20200424_210739.329234	-0.639384128959	0.0803	0.880036755335	0.4886	2.19911485751	2.7176	1	
20200424_210739.429151	-0.639384128959	0.0619	0.880036755335	0.4982	2.19911485751	2.7248	1	
20200424_210739.530074	-0.639384128959	0.0467	0.880036755335	0.5062	2.19911485751	2.7338	1	
20200424_210739.628790	-0.639384128959	0.0282	0.880036755335	0.5159	2.19911485751	2.7368	1	
20200424_210739.729793	-0.639384128959	0.0122	0.880036755335	0.5226	2.19911485751	2.7334	1	
20200424_210739.829993	-0.639384128959	-0.0056	0.880036755335	0.5313	2.19911485751	2.7304	1	
20200424_210739.929705	-0.639384128959	-0.0239	0.880036755335	0.5383	2.19911485751	2.7093	1	
20200424_210740.030247	-0.639384128959	-0.0367	0.880036755335	0.5441	2.19911485751	2.6904	1	
20200424_210740.130081	-0.639384128959	-0.0367	0.880036755335	0.5441	2.19911485751	2.6904	1	
20200424_210740.229220	-0.639384128959	-0.0367	0.880036755335	0.5441	2.19911485751	2.6904	1	
20200424_210740.329942	-0.639384128959	-0.0367	0.880036755335	0.5441	2.19911485751	2.6904	1	
20200424_210740.430291	-0.639384128959	-0.0367	0.880036755335	0.5441	2.19911485751	2.6904	1	
20200424_210740.529325	-0.639384128959	-0.1311	0.880036755335	0.5921	2.19911485751	2.7221	1	
20200424_210740.628693	-0.639384128959	-0.1516	0.880036755335	0.6012	2.19911485751	2.722	1	
20200424_210740.729626	-0.639384128959	-0.1676	0.880036755335	0.6079	2.19911485751	2.7056	1	
20200424_210740.828988	-0.639384128959	-0.1688	0.880036755335	0.6084	2.19911485751	2.7046	1	
20200424_210740.929729	-0.639384128959	-0.1688	0.880036755335	0.6084	2.19911485751	2.7046	1	
20200424_210741.030149	-0.639384128959	-0.1688	0.880036755335	0.6084	2.19911485751	2.7046	1	
20200424_210741.129600	-1.38003675534	-0.1688	0.448401123334	0.6084	2.82743338823	2.7046	1	
20200424_210741.230239	-1.38003675534	-0.2494	0.448401123334	0.6516	2.82743338823	2.8033	1	
20200424_210741.329908	-1.38003675534	-0.2583	0.448401123334	0.6584	2.82743338823	2.9283	1	
20200424_210741.430016	-1.38003675534	-0.2692	0.448401123334	0.6645	2.82743338823	3.0447	1	
20200424_210741.529714	-1.38003675534	-0.2825	0.448401123334	0.6685	2.82743338823	-3.1314	1	
20200424_210741.628712	-1.38003675534	-0.2928	0.448401123334	0.673	2.82743338823	-3.0302	1	
20200424_210741.729656	-1.38003675534	-0.2928	0.448401123334	0.673	2.82743338823	-3.0302	1	
20200424_210741.829878	-1.38003675534	-0.2928	0.448401123334	0.673	2.82743338823	-3.0302	1	
20200424_210741.929870	-1.38003675534	-0.2928	0.448401123334	0.673	2.82743338823	-3.0302	1	
20200424_210742.029919	-1.38003675534	-0.3698	0.448401123334	0.667	2.82743338823	-2.9178	1	
20200424_210742.129152	-1.38003675534	-0.3889	0.448401123334	0.6638	2.82743338823	-2.9009	1	
20200424_210742.229690	-1.38003675534	-0.4071	0.448401123334	0.6602	2.82743338823	-2.893	1	
20200424_210742.329596	-1.38003675534	-0.4271	0.448401123334	0.656	2.82743338823	-2.8747	1	
20200424_210742.429429	-1.38003675534	-0.447	0.448401123334	0.6518	2.82743338823	-2.8702	1	
20200424_210742.530336	-1.38003675534	-0.4656	0.448401123334	0.6479	2.82743338823	-2.8606	1	
20200424_210742.628849	-1.38003675534	-0.4876	0.448401123334	0.642	2.82743338823	-2.8553	1	
20200424_210742.729597	-1.38003675534	-0.5062	0.448401123334	0.6376	2.82743338823	-2.8513	1	
20200424_210742.829814	-1.38003675534	-0.5266	0.448401123334	0.6324	2.82743338823	-2.8514	1	
20200424_210742.930146	-1.38003675534	-0.5467	0.448401123334	0.6289	2.82743338823	-2.8469	1	
20200424_210743.030279	-1.38003675534	-0.5674	0.448401123334	0.623	2.82743338823	-2.8383	1	
20200424_210743.130583	-1.38003675534	-0.5856	0.448401123334	0.618	2.82743338823	-2.8266	1	
20200424_210743.230403	-1.38003675534	-0.6054	0.448401123334	0.6127	2.82743338823	-2.835	1	
20200424_210743.330326	-1.38003675534	-0.6199	0.448401123334	0.6078	2.82743338823	-2.847	1	
20200424_210743.429934	-1.38003675534	-0.6383	0.448401123334	0.603	2.82743338823	-2.868	1	
20200424_210743.530151	-1.38003675534	-0.6546	0.448401123334	0.599	2.82743338823	-2.8811	1	
20200424_210743.629031	-1.38003675534	-0.6745	0.448401123334	0.5945	2.82743338823	-2.8561	1	
20200424_210743.729894	-1.38003675534	-0.6935	0.448401123334	0.5901	2.82743338823	-2.8504	1	
20200424_210743.829901	-1.38003675534	-0.712	0.448401123334	0.5852	2.82743338823	-2.8507	1	
20200424_210743.929788	-1.38003675534	-0.7345	0.448401123334	0.5788	2.82743338823	-2.8562	1	
20200424_210744.029838	-1.38003675534	-0.7515	0.448401123334	0.5749	2.82743338823	-2.8624	1	
20200424_210744.129838	-1.38003675534	-0.7692	-0.448401123334	0.5703	-2.82743338823	-2.8583	1	
20200424_210744.229822	-1.38003675534	-0.785	-0.448401123334	0.5687	-2.82743338823	-2.7754	1	
20200424_210744.329593	-1.38003675534	-0.7965	-0.448401123334	0.5677	-2.82743338823	-2.6691	1	
20200424_210744.429769	-1.38003675534	-0.8087	-0.448401123334	0.5664	-2.82743338823	-2.5381	1	
20200424_210744.529725	-1.38003675534	-0.8183	-0.448401123334	0.5639	-2.82743338823	-2.4186	1	
20200424_210744.628715	-1.38003675534	-0.8311	-0.448401123334	0.558	-2.82743338823	-2.2997	1	
20200424_210744.730231	-1.38003675534	-0.837	-0.448401123334	0.5486	-2.82743338823	-2.2306	1	
20200424_210744.829999	-1.38003675534	-0.8483	-0.448401123334	0.5367	-2.82743338823	-2.1582	1	
20200424_210744.929733	-1.38003675534	-0.8587	-0.448401123334	0.5234	-2.82743338823	-2.1351	1	
20200424_210745.028994	-1.38003675534	-0.8704	-0.448401123334	0.5075	-2.82743338823	-2.1042	1	
20200424_210745.129386	-1.38003675534	-0.8806	-0.448401123334	0.49	-2.82743338823	-2.0922	1	
20200424_210745.230084	-1.38003675534	-0.8893	-0.448401123334	0.4735	-2.82743338823	-2.0889	1	
20200424_210745.330095	-1.38003675534	-0.8988	-0.448401123334	0.4566	-2.82743338823	-2.0812	1	
20200424_210745.429230	-1.38003675534	-0.9096	-0.448401123334	0.4383	-2.82743338823	-2.0745	1	
20200424_210745.530320	-1.38003675534	-0.9203	-0.448401123334	0.4189	-2.82743338823	-2.0735	1	
20200424_210745.628696	-1.38003675534	-0.9288	-0.448401123334	0.403	-2.82743338823	-2.0775	1	
20200424_210745.730616	-1.38003675534	-0.9388	-0.448401123334	0.3859	-2.82743338823	-2.0719	1	
20200424_210745.829768	-1.38003675534	-0.9492	-0.448401123334	0.3659	-2.82743338823	-2.0713	1	
20200424_210745.928855	-1.38003675534	-0.9573	-0.448401123334	0.3492	-2.82743338823	-2.0663	1	
20200424_210746.030420	-1.38003675534	-0.9667	-0.448401123334	0.3322	-2.82743338823	-2.0658	1	
20200424_210746.129310	-1.38003675534	-0.9763	-0.448401123334	0.3141	-2.82743338823	-2.0656	1	
20200424_210746.229995	-1.38003675534	-0.9871	-0.448401123334	0.2962	-2.82743338823	-2.042	1	
20200424_210746.328889	-1.38003675534	-0.9949	-0.448401123334	0.2798	-2.82743338823	-2.0367	1	
20200424_210746.429947	-1.38003675534	-1.004	-0.448401123334	0.2627	-2.82743338823	-2.0327	1	
20200424_210746.529911	-1.38003675534	-1.0125	-0.448401123334	0.2445	-2.82743338823	-2.0341	1	
20200424_210746.629150	-1.38003675534	-1.022	-0.448401123334	0.2258	-2.82743338823	-2.0296	1	
20200424_210746.730039	-1.38003675534	-1.031	-0.448401123334	0.2085	-2.82743338823	-2.0218	1	
20200424_210746.829510	-1.38003675534	-1.039	-0.448401123334	0.1906	-2.82743338823	-2.015	1	
20200424_210746.929824	-1.38003675534	-1.0494	-0.448401123334	0.1699	-2.82743338823	-2.0103	1	
20200424_210747.029391	-1.38003675534	-1.0572	-0.448401123334	0.1546	-2.82743338823	-1.9967	1	
20200424_210747.128875	-0.639384128959	-1.0654	-0.880036755335	0.1362	-2.19911485751	-1.9913	1	
20200424_210747.230201	-0.639384128959	-1.0744	-0.880036755335	0.1226	-2.19911485751	-1.9011	1	
20200424_210747.329629	-0.639384128959	-1.0811	-0.880036755335	0.113	-2.19911485751	-1.7755	1	
20200424_210747.429160	-0.639384128959	-1.0864	-0.880036755335	0.1032	-2.19911485751	-1.66	1	
20200424_210747.529543	-0.639384128959	-1.0905	-0.880036755335	0.0927	-2.19911485751	-1.517	1	
20200424_210747.628723	-0.639384128959	-1.0933	-0.880036755335	0.081	-2.19911485751	-1.3973	1	
20200424_210747.729883	-0.639384128959	-1.094	-0.880036755335	0.0669	-2.19911485751	-1.3006	1	
20200424_210747.829249	-0.639384128959	-1.0925	-0.880036755335	0.0525	-2.19911485751	-1.2253	1	
20200424_210747.929361	-0.639384128959	-1.0877	-0.880036755335	0.0373	-2.19911485751	-1.1819	1	
20200424_210748.029542	-0.639384128959	-1.0807	-0.880036755335	0.0203	-2.19911485751	-1.1624	1	
20200424_210748.130274	-0.639384128959	-1.0741	-0.880036755335	0.0024	-2.19911485751	-1.1376	1	
20200424_210748.230411	-0.639384128959	-1.0648	-0.880036755335	-0.0166	-2.19911485751	-1.1256	1	
20200424_210748.328897	-0.639384128959	-1.0568	-0.880036755335	-0.0346	-2.19911485751	-1.1034	1	
20200424_210748.429311	-0.639384128959	-1.0489	-0.880036755335	-0.0519	-2.19911485751	-1.0985	1	
20200424_210748.529556	-0.639384128959	-1.0401	-0.880036755335	-0.0698	-2.19911485751	-1.0931	1	
20200424_210748.628848	-0.639384128959	-1.0306	-0.880036755335	-0.0898	-2.19911485751	-1.0921	1	
20200424_210748.728990	-0.639384128959	-1.0218	-0.880036755335	-0.1066	-2.19911485751	-1.09	1	
20200424_210748.830213	-0.639384128959	-1.0132	-0.880036755335	-0.1231	-2.19911485751	-1.0792	1	
20200424_210748.930123	-0.639384128959	-1.0037	-0.880036755335	-0.1422	-2.19911485751	-1.0754	1	
20200424_210749.029832	-0.639384128959	-0.9934	-0.880036755335	-0.1625	-2.19911485751	-1.0763	1	
20200424_210749.129965	-0.639384128959	-0.9849	-0.880036755335	-0.1782	-2.19911485751	-1.0778	1	
20200424_210749.230633	-0.639384128959	-0.9753	-0.880036755335	-0.1968	-2.19911485751	-1.0762	1	
20200424_210749.330378	-0.639384128959	-0.9651	-0.880036755335	-0.2162	-2.19911485751	-1.0742	1	
20200424_210749.429699	-0.639384128959	-0.9563	-0.880036755335	-0.2323	-2.19911485751	-1.0718	1	
20200424_210749.529348	-0.639384128959	-0.9473	-0.880036755335	-0.2496	-2.19911485751	-1.0725	1	
20200424_210749.629129	-0.639384128959	-0.9374	-0.880036755335	-0.2675	-2.19911485751	-1.0675	1	
20200424_210749.729234	-0.639384128959	-0.9273	-0.880036755335	-0.2864	-2.19911485751	-1.0752	1	
20200424_210749.829233	-0.639384128959	-0.9178	-0.880036755335	-0.303	-2.19911485751	-1.0861	1	
20200424_210749.930023	-0.639384128959	-0.908	-0.880036755335	-0.3222	-2.19911485751	-1.0779	1	
20200424_210750.029828	-0.639384128959	-0.8986	-0.880036755335	-0.3402	-2.19911485751	-1.0795	1	
20200424_210750.129567	-0.639384128959	-0.8903	-0.880036755335	-0.3576	-2.19911485751	-1.0736	1	
20200424_210750.229699	-0.639384128959	-0.8797	-0.880036755335	-0.3772	-2.19911485751	-1.0615	1	
20200424_210750.330279	-0.639384128959	-0.8718	-0.880036755335	-0.3923	-2.19911485751	-1.0637	1	
20200424_210750.429248	-0.639384128959	-0.8617	-0.880036755335	-0.4102	-2.19911485751	-1.0624	1	
20200424_210750.530094	-0.639384128959	-0.8535	-0.880036755335	-0.4255	-2.19911485751	-1.0563	1	
20200424_210750.629013	-0.639384128959	-0.8431	-0.880036755335	-0.4443	-2.19911485751	-1.0524	1	
20200424_210750.729967	-0.639384128959	-0.8333	-0.880036755335	-0.4609	-2.19911485751	-1.0388	1	
20200424_210750.829765	-0.639384128959	-0.8241	-0.880036755335	-0.4772	-2.19911485751	-1.0343	1	
20200424_210750.929114	-0.639384128959	-0.814	-0.880036755335	-0.4931	-2.19911485751	-1.0422	1	
20200424_210751.029688	-0.639384128959	-0.8045	-0.880036755335	-0.5093	-2.19911485751	-1.0571	1	
20200424_210751.130413	-0.639384128959	-0.7951	-0.880036755335	-0.525	-2.19911485751	-1.0746	1	
20200424_210751.230413	-0.639384128959	-0.7872	-0.880036755335	-0.5385	-2.19911485751	-1.0892	1	
20200424_210751.329694	-0.639384128959	-0.7774	-0.880036755335	-0.5563	-2.19911485751	-1.0914	1	
20200424_210751.429726	-0.639384128959	-0.7692	-0.880036755335	-0.5731	-2.19911485751	-1.0914	1	
20200424_210751.530041	-0.639384128959	-0.7597	-0.880036755335	-0.591	-2.19911485751	-1.0884	1	
20200424_210751.628679	-0.639384128959	-0.7511	-0.880036755335	-0.6086	-2.19911485751	-1.091	1	
20200424_210751.729284	-0.639384128959	-0.7422	-0.880036755335	-0.625	-2.19911485751	-1.0922	1	
20200424_210751.829640	-0.639384128959	-0.7335	-0.880036755335	-0.6411	-2.19911485751	-1.104	1	
20200424_210751.930156	-0.639384128959	-0.725	-0.880036755335	-0.6574	-2.19911485751	-1.1109	1	
20200424_210752.030197	-0.639384128959	-0.7158	-0.880036755335	-0.6751	-2.19911485751	-1.1205	1	
20200424_210752.130339	-0.639384128959	-0.7082	-0.880036755335	-0.6902	-2.19911485751	-1.1356	1	
20200424_210752.230083	-0.639384128959	-0.6999	-0.880036755335	-0.707	-2.19911485751	-1.1538	1	
20200424_210752.330166	-0.639384128959	-0.693	-0.880036755335	-0.7227	-2.19911485751	-1.1651	1	
20200424_210752.430096	-0.639384128959	-0.6849	-0.880036755335	-0.7392	-2.19911485751	-1.1624	1	
20200424_210752.529717	-0.639384128959	-0.6793	-0.880036755335	-0.7541	-2.19911485751	-1.1494	1	
20200424_210752.628700	-0.639384128959	-0.6727	-0.880036755335	-0.7677	-2.19911485751	-1.1723	1	
20200424_210752.730600	-0.639384128959	-0.6671	-0.880036755335	-0.7781	-2.19911485751	-1.2188	1	
20200424_210752.829944	-0.639384128959	-0.6625	-0.880036755335	-0.7874	-2.19911485751	-1.2444	1	
20200424_210752.930319	-0.639384128959	-0.6586	-0.880036755335	-0.797	-2.19911485751	-1.2683	1	
20200424_210753.030314	-0.639384128959	-0.6557	-0.880036755335	-0.8069	-2.19911485751	-1.2731	1	
20200424_210753.129757	-0.639384128959	-0.6531	-0.880036755335	-0.8146	-2.19911485751	-1.2738	1	
20200424_210753.229974	-0.639384128959	-0.6508	-0.880036755335	-0.8192	-2.19911485751	-1.2967	1	
20200424_210753.330307	-0.639384128959	-0.6489	-0.880036755335	-0.8196	-2.19911485751	-1.3625	1	
20200424_210753.429680	-0.639384128959	-0.6468	-0.880036755335	-0.8191	-2.19911485751	-1.43	1	
20200424_210753.529645	-0.639384128959	-0.6454	-0.880036755335	-0.8182	-2.19911485751	-1.497	1	
20200424_210753.629120	-0.639384128959	-0.6452	-0.880036755335	-0.8183	-2.19911485751	-1.5446	1	
20200424_210753.728986	-0.639384128959	-0.6427	-0.880036755335	-0.8176	-2.19911485751	-1.6153	1	
20200424_210753.829644	-0.639384128959	-0.6408	-0.880036755335	-0.816	-2.19911485751	-1.6836	1	
20200424_210753.929096	-0.639384128959	-0.6388	-0.880036755335	-0.8156	-2.19911485751	-1.7542	1	
20200424_210754.029869	-0.639384128959	-0.637	-0.880036755335	-0.8156	-2.19911485751	-1.8121	1	
20200424_210754.129316	-0.639384128959	-0.6348	-0.880036755335	-0.8158	-2.19911485751	-1.8756	1	
20200424_210754.229657	-0.639384128959	-0.6324	-0.880036755335	-0.8145	-2.19911485751	-1.9502	1	
20200424_210754.330069	-0.639384128959	-0.6309	-0.880036755335	-0.8144	-2.19911485751	-2.0009	1	
20200424_210754.429518	-0.639384128959	-0.6303	-0.880036755335	-0.8145	-2.19911485751	-2.042	1	
20200424_210754.530186	-0.639384128959	-0.6304	-0.880036755335	-0.814	-2.19911485751	-2.0744	1	
20200424_210754.628890	-0.639384128959	-0.6306	-0.880036755335	-0.8136	-2.19911485751	-2.1068	1	
20200424_210754.729843	-0.639384128959	-0.63	-0.880036755335	-0.8135	-2.19911485751	-2.147	1	
20200424_210754.829582	-0.639384128959	-0.6278	-0.880036755335	-0.8136	-2.19911485751	-2.2013	0	
20200424_210754.831187	-0.639384128959	-0.6274	-0.880036755335	-0.8135	-2.19911485751	-2.2086	0	
20200424_210754.832274	-0.639384128959	-0.6272	-0.880036755335	-0.8135	-2.19911485751	-2.2115	0	
20200424_210754.840398	-0.639384128959	-0.6271	-0.880036755335	-0.8134	-2.19911485751	-2.214	0	
20200424_210754.848967	-0.639384128959	-0.6271	-0.880036755335	-0.8133	-2.19911485751	-2.216	0	
20200424_210754.857234	-0.639384128959	-0.627	-0.880036755335	-0.8133	-2.19911485751	-2.2178	0	
20200424_210754.865823	-0.639384128959	-0.627	-0.880036755335	-0.8133	-2.19911485751	-2.2195	0	
20200424_210754.873650	-0.639384128959	-0.6269	-0.880036755335	-0.8133	-2.19911485751	-2.2215	0	
20200424_210754.882120	-0.639384128959	-0.6269	-0.880036755335	-0.8134	-2.19911485751	-2.2233	0	
20200424_210754.890239	-0.639384128959	-0.6269	-0.880036755335	-0.8135	-2.19911485751	-2.2247	0	
20200424_210754.898932	-0.639384128959	-0.6268	-0.880036755335	-0.8136	-2.19911485751	-2.2258	0	
20200424_210754.907323	-0.639384128959	-0.6268	-0.880036755335	-0.8136	-2.19911485751	-2.2267	0	
20200424_210754.915485	-0.639384128959	-0.6268	-0.880036755335	-0.8136	-2.19911485751	-2.2274	0	
20200424_210754.924116	-0.639384128959	-0.6268	-0.880036755335	-0.8136	-2.19911485751	-2.2283	0	
20200424_210754.932057	-0.639384128959	-0.6268	-0.880036755335	-0.8136	-2.19911485751	-2.2289	0	
20200424_210754.940377	-0.639384128959	-0.6267	-0.880036755335	-0.8136	-2.19911485751	-2.2292	0	
20200424_210754.948897	-0.639384128959	-0.6267	-0.880036755335	-0.8136	-2.19911485751	-2.2296	0	
20200424_210754.957518	-0.639384128959	-0.6267	-0.880036755335	-0.8136	-2.19911485751	-2.2299	0	
20200424_210754.965540	-0.639384128959	-0.6267	-0.880036755335	-0.8136	-2.19911485751	-2.2301	0	
20200424_210754.973770	-0.639384128959	-0.6267	-0.880036755335	-0.8136	-2.19911485751	-2.2302	0	
20200424_210754.982063	-0.639384128959	-0.6266	-0.880036755335	-0.8136	-2.19911485751	-2.2304	0	
20200424_210754.991233	-0.639384128959	-0.6267	-0.880036755335	-0.8136	-2.19911485751	-2.2305	0	
20200424_210754.998901	-0.639384128959	-0.6267	-0.880036755335	-0.8136	-2.19911485751	-2.2305	0	
20200424_210755.006853	-0.639384128959	-0.6267	-0.880036755335	-0.8136	-2.19911485751	-2.2306	0	
20200424_210755.015765	-0.639384128959	-0.6267	-0.880036755335	-0.8135	-2.19911485751	-2.2306	0	
20200424_210755.023753	-0.639384128959	-0.6267	-0.880036755335	-0.8135	-2.19911485751	-2.2309	0	
20200424_210755.032343	-0.639384128959	-0.6266	-0.880036755335	-0.8135	-2.19911485751	-2.2311	0	
20200424_210755.040297	-0.639384128959	-0.6266	-0.880036755335	-0.8136	-2.19911485751	-2.2312	0	
20200424_210755.048946	-0.639384128959	-0.6266	-0.880036755335	-0.8136	-2.19911485751	-2.2312	0	
20200424_210755.057192	-0.639384128959	-0.6266	-0.880036755335	-0.8136	-2.19911485751	-2.2313	0	
20200424_210755.065299	-0.639384128959	-0.6266	-0.880036755335	-0.8136	-2.19911485751	-2.2314	0	
20200424_210755.073918	-0.639384128959	-0.6266	-0.880036755335	-0.8135	-2.19911485751	-2.2313	0	
20200424_210755.082072	-0.639384128959	-0.6266	-0.880036755335	-0.8135	-2.19911485751	-2.2314	0	
20200424_210755.090445	-0.639384128959	-0.6266	-0.880036755335	-0.8135	-2.19911485751	-2.2313	0	
20200424_210755.098430	-0.639384128959	-0.6266	-0.880036755335	-0.8135	-2.19911485751	-2.2314	0	
20200424_210755.106819	-0.639384128959	-0.6266	-0.880036755335	-0.8135	-2.19911485751	-2.2315	0	
20200424_210755.115701	-0.639384128959	-0.6266	-0.880036755335	-0.8135	-2.19911485751	-2.2314	0	
20200424_210755.124040	-0.639384128959	-0.6266	-0.880036755335	-0.8136	-2.19911485751	-2.2315	0	
20200424_210755.132500	-0.639384128959	-0.6266	-0.880036755335	-0.8136	-2.19911485751	-2.2315	0	
20200424_210755.140530	-0.639384128959	-0.6266	-0.880036755335	-0.8136	-2.19911485751	-2.2315	0	
20200424_210755.148565	-0.639384128959	-0.6266	-0.880036755335	-0.8136	-2.19911485751	-2.2316	0	
20200424_210755.157163	-0.639384128959	-0.6266	-0.880036755335	-0.8136	-2.19911485751	-2.2315	0	
20200424_210755.166083	-0.639384128959	-0.6266	-0.880036755335	-0.8136	-2.19911485751	-2.2315	0	
20200424_210755.173893	-0.639384128959	-0.6266	-0.880036755335	-0.8135	-2.19911485751	-2.2315	0	
20200424_210755.182537	-0.639384128959	-0.6266	-0.880036755335	-0.8135	-2.19911485751	-2.2315	0	
20200424_210755.190538	-0.639384128959	-0.6266	-0.880036755335	-0.8135	-2.19911485751	-2.2316	0	
20200424_210755.199646	-0.639384128959	-0.6266	-0.880036755335	-0.8135	-2.19911485751	-2.2316	0	
20200424_210755.207203	-0.639384128959	-0.6266	-0.880036755335	-0.8135	-2.19911485751	-2.2316	0	
20200424_210755.215475	-0.639384128959	-0.6266	-0.880036755335	-0.8135	-2.19911485751	-2.2317	0	
20200424_210755.224172	-0.639384128959	-0.6266	-0.880036755335	-0.8135	-2.19911485751	-2.2316	0	
20200424_210755.232420	-0.639384128959	-0.6266	-0.880036755335	-0.8135	-2.19911485751	-2.2315	0	
20200424_210755.240575	-0.639384128959	-0.6266	-0.880036755335	-0.8135	-2.19911485751	-2.2315	0	
20200424_210755.248879	-0.639384128959	-0.6266	-0.880036755335	-0.8135	-2.19911485751	-2.2316	0	
20200424_210755.256924	-0.639384128959	-0.6266	-0.880036755335	-0.8134	-2.19911485751	-2.2316	0	
20200424_210755.265534	-0.639384128959	-0.6266	-0.880036755335	-0.8135	-2.19911485751	-2.2315	0	
20200424_210755.273722	-0.639384128959	-0.6266	-0.880036755335	-0.8135	-2.19911485751	-2.2317	0	
20200424_210755.282343	-0.639384128959	-0.6266	-0.880036755335	-0.8135	-2.19911485751	-2.2317	0	
20200424_210755.290802	-0.639384128959	-0.6266	-0.880036755335	-0.8135	-2.19911485751	-2.2317	0	
20200424_210755.299034	-0.639384128959	-0.6266	-0.880036755335	-0.8135	-2.19911485751	-2.2318	0	
20200424_210755.307530	-0.639384128959	-0.6266	-0.880036755335	-0.8135	-2.19911485751	-2.2316	0	
20200424_210755.315475	-0.639384128959	-0.6266	-0.880036755335	-0.8135	-2.19911485751	-2.2317	0	
20200424_210755.324051	-0.639384128959	-0.6266	-0.880036755335	-0.8135	-2.19911485751	-2.2316	0	
20200424_210755.331948	-0.639384128959	-0.6266	-0.880036755335	-0.8135	-2.19911485751	-2.2316	0	
20200424_210755.340525	-0.639384128959	-0.6266	-0.880036755335	-0.8135	-2.19911485751	-2.2318	0	
20200424_210755.349138	-0.639384128959	-0.6266	-0.880036755335	-0.8135	-2.19911485751	-2.2316	0	
20200424_210755.357270	-0.639384128959	-0.6266	-0.880036755335	-0.8135	-2.19911485751	-2.2316	0	
20200424_210755.365270	-0.639384128959	-0.6266	-0.880036755335	-0.8135	-2.19911485751	-2.2318	0	
20200424_210755.373662	-0.639384128959	-0.6265	-0.880036755335	-0.8136	-2.19911485751	-2.2317	0	
20200424_210755.382101	-0.639384128959	-0.6265	-0.880036755335	-0.8136	-2.19911485751	-2.2317	0	
20200424_210755.390759	-0.639384128959	-0.6266	-0.880036755335	-0.8135	-2.19911485751	-2.2318	0	
20200424_210755.399315	-0.639384128959	-0.6266	-0.880036755335	-0.8135	-2.19911485751	-2.2317	0	
20200424_210755.407363	-0.639384128959	-0.6266	-0.880036755335	-0.8135	-2.19911485751	-2.2317	0	
20200424_210755.415678	-0.639384128959	-0.6266	-0.880036755335	-0.8135	-2.19911485751	-2.2317	0	
20200424_210755.423832	-0.639384128959	-0.6266	-0.880036755335	-0.8135	-2.19911485751	-2.2315	0	
20200424_210755.432115	-0.639384128959	-0.6266	-0.880036755335	-0.8135	-2.19911485751	-2.2315	0	
20200424_210755.440696	-0.639384128959	-0.6266	-0.880036755335	-0.8135	-2.19911485751	-2.2316	0	
20200424_210755.449428	-0.639384128959	-0.6266	-0.880036755335	-0.8135	-2.19911485751	-2.2316	0	
20200424_210755.457521	-0.639384128959	-0.6266	-0.880036755335	-0.8135	-2.19911485751	-2.2316	0	
20200424_210755.465424	-0.639384128959	-0.6266	-0.880036755335	-0.8135	-2.19911485751	-2.2316	0	
20200424_210755.474053	-0.639384128959	-0.6266	-0.880036755335	-0.8135	-2.19911485751	-2.2315	0	
20200424_210755.482445	-0.639384128959	-0.6266	-0.880036755335	-0.8135	-2.19911485751	-2.2316	0	
20200424_210755.491166	-0.639384128959	-0.6266	-0.880036755335	-0.8135	-2.19911485751	-2.2316	0	
20200424_210755.498823	-0.639384128959	-0.6266	-0.880036755335	-0.8135	-2.19911485751	-2.2316	0	
20200424_210755.507196	-0.639384128959	-0.6266	-0.880036755335	-0.8135	-2.19911485751	-2.2317	0	
20200424_210755.515787	-0.639384128959	-0.6266	-0.880036755335	-0.8135	-2.19911485751	-2.2317	0	
20200424_210755.523995	-0.639384128959	-0.6266	-0.880036755335	-0.8135	-2.19911485751	-2.2317	0	
20200424_210755.532292	-0.639384128959	-0.6266	-0.880036755335	-0.8135	-2.19911485751	-2.2317	0	
20200424_210755.540442	-0.639384128959	-0.6266	-0.880036755335	-0.8135	-2.19911485751	-2.2318	0	
20200424_210755.549321	-0.639384128959	-0.6266	-0.880036755335	-0.8135	-2.19911485751	-2.2318	0	
20200424_210755.557818	-0.639384128959	-0.6265	-0.880036755335	-0.8135	-2.19911485751	-2.2317	0	
20200424_210755.565217	-0.639384128959	-0.6265	-0.880036755335	-0.8135	-2.19911485751	-2.2317	0	
20200424_210755.573718	-0.639384128959	-0.6265	-0.880036755335	-0.8135	-2.19911485751	-2.2316	0	
20200424_210755.581902	-0.639384128959	-0.6265	-0.880036755335	-0.8135	-2.19911485751	-2.2317	0	
20200424_210755.590190	-0.639384128959	-0.6265	-0.880036755335	-0.8135	-2.19911485751	-2.2317	0	
20200424_210755.598603	-0.639384128959	-0.6265	-0.880036755335	-0.8135	-2.19911485751	-2.2318	0	
20200424_210755.606738	-0.639384128959	-0.6265	-0.880036755335	-0.8135	-2.19911485751	-2.2318	0	
20200424_210755.615359	-0.639384128959	-0.6265	-0.880036755335	-0.8135	-2.19911485751	-2.2318	0	
20200424_210755.623372	-0.639384128959	-0.6265	-0.880036755335	-0.8135	-2.19911485751	-2.2318	0	
20200424_210755.631972	-0.639384128959	-0.6265	-0.880036755335	-0.8135	-2.19911485751	-2.2318	0	
20200424_210755.640240	-0.639384128959	-0.6265	-0.880036755335	-0.8134	-2.19911485751	-2.2318	0	
20200424_210755.648554	-0.639384128959	-0.6265	-0.880036755335	-0.8134	-2.19911485751	-2.2318	0	
20200424_210755.657341	-0.639384128959	-0.6265	-0.880036755335	-0.8135	-2.19911485751	-2.2318	0	
20200424_210755.665295	-0.639384128959	-0.6265	-0.880036755335	-0.8135	-2.19911485751	-2.2318	0	
20200424_210755.674061	-0.639384128959	-0.6265	-0.880036755335	-0.8135	-2.19911485751	-2.2319	0	
20200424_210755.682150	-0.639384128959	-0.6265	-0.880036755335	-0.8135	-2.19911485751	-2.2319	0	
20200424_210755.690395	-0.639384128959	-0.6265	-0.880036755335	-0.8135	-2.19911485751	-2.2319	0	
20200424_210755.698714	-0.639384128959	-0.6265	-0.880036755335	-0.8135	-2.19911485751	-2.2319	0	
20200424_210755.706877	-0.639384128959	-0.6265	-0.880036755335	-0.8135	-2.19911485751	-2.2317	0	
20200424_210755.715682	-0.639384128959	-0.6265	-0.880036755335	-0.8134	-2.19911485751	-2.2318	0	
20200424_210755.723701	-0.639384128959	-0.6265	-0.880036755335	-0.8134	-2.19911485751	-2.2317	0	
20200424_210755.732157	-0.639384128959	-0.6265	-0.880036755335	-0.8134	-2.19911485751	-2.2318	0	
20200424_210755.740119	-0.639384128959	-0.6265	-0.880036755335	-0.8134	-2.19911485751	-2.2319	0	
20200424_210755.748500	-0.639384128959	-0.6265	-0.880036755335	-0.8135	-2.19911485751	-2.2319	0	
20200424_210755.756818	-0.639384128959	-0.6265	-0.880036755335	-0.8135	-2.19911485751	-2.2319	0	
20200424_210755.765350	-0.639384128959	-0.6265	-0.880036755335	-0.8135	-2.19911485751	-2.232	0	
20200424_210755.773862	-0.639384128959	-0.6265	-0.880036755335	-0.8135	-2.19911485751	-2.2319	0	
20200424_210755.781946	-0.639384128959	-0.6265	-0.880036755335	-0.8135	-2.19911485751	-2.2319	0	
20200424_210755.790478	-0.639384128959	-0.6265	-0.880036755335	-0.8134	-2.19911485751	-2.2319	0	
20200424_210755.798739	-0.639384128959	-0.6265	-0.880036755335	-0.8134	-2.19911485751	-2.2318	0	
20200424_210755.807145	-0.639384128959	-0.6265	-0.880036755335	-0.8134	-2.19911485751	-2.2318	0	
20200424_210755.815600	-0.639384128959	-0.6265	-0.880036755335	-0.8134	-2.19911485751	-2.2319	0	
20200424_210755.823788	-0.639384128959	-0.6265	-0.880036755335	-0.8135	-2.19911485751	-2.232	0	
20200424_210755.832619	-0.639384128959	-0.6265	-0.880036755335	-0.8135	-2.19911485751	-2.2319	0	
20200424_210755.840494	-0.639384128959	-0.6265	-0.880036755335	-0.8135	-2.19911485751	-2.2319	0	
20200424_210755.848486	-0.639384128959	-0.6265	-0.880036755335	-0.8135	-2.19911485751	-2.2319	0	
20200424_210755.857621	-0.639384128959	-0.6265	-0.880036755335	-0.8135	-2.19911485751	-2.2318	0	
20200424_210755.865667	-0.639384128959	-0.6265	-0.880036755335	-0.8135	-2.19911485751	-2.2319	0	
20200424_210755.874395	-0.639384128959	-0.6265	-0.880036755335	-0.8134	-2.19911485751	-2.2318	0	
20200424_210755.882001	-0.639384128959	-0.6265	-0.880036755335	-0.8134	-2.19911485751	-2.2319	0	
20200424_210755.890898	-0.639384128959	-0.6265	-0.880036755335	-0.8134	-2.19911485751	-2.2318	0	
20200424_210755.898636	-0.639384128959	-0.6265	-0.880036755335	-0.8135	-2.19911485751	-2.2318	0	
20200424_210755.907012	-0.639384128959	-0.6265	-0.880036755335	-0.8135	-2.19911485751	-2.2318	0	
20200424_210755.915387	-0.639384128959	-0.6265	-0.880036755335	-0.8135	-2.19911485751	-2.2319	0	
20200424_210755.923927	-0.639384128959	-0.6265	-0.880036755335	-0.8135	-2.19911485751	-2.2319	0	
20200424_210755.932495	-0.639384128959	-0.6265	-0.880036755335	-0.8135	-2.19911485751	-2.2317	0	
20200424_210755.940314	-0.639384128959	-0.6265	-0.880036755335	-0.8135	-2.19911485751	-2.2318	0	
20200424_210755.948962	-0.639384128959	-0.6265	-0.880036755335	-0.8135	-2.19911485751	-2.2318	0	
20200424_210755.956820	-0.639384128959	-0.6265	-0.880036755335	-0.8134	-2.19911485751	-2.2318	0	
20200424_210755.965414	-0.639384128959	-0.6265	-0.880036755335	-0.8134	-2.19911485751	-2.2319	0	
20200424_210755.973699	-0.639384128959	-0.6265	-0.880036755335	-0.8134	-2.19911485751	-2.2319	0	
20200424_210755.982067	-0.639384128959	-0.6265	-0.880036755335	-0.8135	-2.19911485751	-2.232	0	
20200424_210755.990352	-0.639384128959	-0.6265	-0.880036755335	-0.8135	-2.19911485751	-2.232	0	
20200424_210755.998572	-0.639384128959	-0.6265	-0.880036755335	-0.8135	-2.19911485751	-2.2319	0	
20200424_210756.007217	-0.639384128959	-0.6265	-0.880036755335	-0.8135	-2.19911485751	-2.2318	0	
20200424_210756.015466	-0.639384128959	-0.6265	-0.880036755335	-0.8135	-2.19911485751	-2.2319	0	
20200424_210756.024019	-0.639384128959	-0.6265	-0.880036755335	-0.8134	-2.19911485751	-2.2318	0	
20200424_210756.031987	-0.639384128959	-0.6265	-0.880036755335	-0.8134	-2.19911485751	-2.2318	0	
20200424_210756.040595	-0.639384128959	-0.6265	-0.880036755335	-0.8134	-2.19911485751	-2.2319	0	
20200424_210756.048670	-0.639384128959	-0.6265	-0.880036755335	-0.8134	-2.19911485751	-2.2318	0	
20200424_210756.057119	-0.639384128959	-0.6265	-0.880036755335	-0.8135	-2.19911485751	-2.2319	0	
20200424_210756.065426	-0.639384128959	-0.6265	-0.880036755335	-0.8135	-2.19911485751	-2.2319	0	
20200424_210756.073665	-0.639384128959	-0.6265	-0.880036755335	-0.8135	-2.19911485751	-2.232	0	
20200424_210756.082076	-0.639384128959	-0.6265	-0.880036755335	-0.8135	-2.19911485751	-2.232	0	
20200424_210756.090229	-0.639384128959	-0.6265	-0.880036755335	-0.8135	-2.19911485751	-2.232	0	
20200424_210756.098531	-0.639384128959	-0.6265	-0.880036755335	-0.8134	-2.19911485751	-2.2318	0	
20200424_210756.107092	-0.639384128959	-0.6265	-0.880036755335	-0.8134	-2.19911485751	-2.2319	0	
20200424_210756.115438	-0.639384128959	-0.6265	-0.880036755335	-0.8134	-2.19911485751	-2.2319	0	
20200424_210756.123686	-0.639384128959	-0.6265	-0.880036755335	-0.8134	-2.19911485751	-2.2319	0	
20200424_210756.132004	-0.639384128959	-0.6265	-0.880036755335	-0.8134	-2.19911485751	-2.2319	0	
20200424_210756.140480	-0.639384128959	-0.6265	-0.880036755335	-0.8134	-2.19911485751	-2.2319	0	
20200424_210756.148479	-0.639384128959	-0.6265	-0.880036755335	-0.8134	-2.19911485751	-2.232	0	
20200424_210756.157632	-0.639384128959	-0.6265	-0.880036755335	-0.8135	-2.19911485751	-2.232	0	
20200424_210756.166130	-0.639384128959	-0.6265	-0.880036755335	-0.8134	-2.19911485751	-2.232	0	
20200424_210756.174131	-0.639384128959	-0.6265	-0.880036755335	-0.8134	-2.19911485751	-2.2319	0	
20200424_210756.182222	-0.639384128959	-0.6265	-0.880036755335	-0.8134	-2.19911485751	-2.2319	0	
20200424_210756.190476	-0.639384128959	-0.6265	-0.880036755335	-0.8134	-2.19911485751	-2.232	0	
20200424_210756.198823	-0.639384128959	-0.6265	-0.880036755335	-0.8134	-2.19911485751	-2.2318	0	
20200424_210756.207043	-0.639384128959	-0.6265	-0.880036755335	-0.8134	-2.19911485751	-2.2319	0	
20200424_210756.215719	-0.639384128959	-0.6265	-0.880036755335	-0.8134	-2.19911485751	-2.232	0	
20200424_210756.223875	-0.639384128959	-0.6265	-0.880036755335	-0.8134	-2.19911485751	-2.232	0	
20200424_210756.232509	-0.639384128959	-0.6265	-0.880036755335	-0.8135	-2.19911485751	-2.232	0	
20200424_210756.240211	-0.639384128959	-0.6265	-0.880036755335	-0.8135	-2.19911485751	-2.232	0	
20200424_210756.248831	-0.639384128959	-0.6265	-0.880036755335	-0.8135	-2.19911485751	-2.2319	0	
20200424_210756.257244	-0.639384128959	-0.6265	-0.880036755335	-0.8135	-2.19911485751	-2.2319	0	
20200424_210756.265635	-0.639384128959	-0.6265	-0.880036755335	-0.8134	-2.19911485751	-2.232	0	
20200424_210756.274158	-0.639384128959	-0.6265	-0.880036755335	-0.8134	-2.19911485751	-2.2319	0	
20200424_210756.282107	-0.639384128959	-0.6265	-0.880036755335	-0.8134	-2.19911485751	-2.2319	0	
20200424_210756.290566	-0.639384128959	-0.6265	-0.880036755335	-0.8134	-2.19911485751	-2.2319	0	
20200424_210756.299296	-0.639384128959	-0.6265	-0.880036755335	-0.8134	-2.19911485751	-2.2319	0	
20200424_210756.307177	-0.639384128959	-0.6265	-0.880036755335	-0.8135	-2.19911485751	-2.232	0	
20200424_210756.316423	-0.639384128959	-0.6265	-0.880036755335	-0.8135	-2.19911485751	-2.232	0	
20200424_210756.324073	-0.639384128959	-0.6265	-0.880036755335	-0.8135	-2.19911485751	-2.232	0	
20200424_210756.332730	-0.639384128959	-0.6265	-0.880036755335	-0.8135	-2.19911485751	-2.2321	0	
20200424_210756.340663	-0.639384128959	-0.6265	-0.880036755335	-0.8134	-2.19911485751	-2.2319	0	
20200424_210756.349796	-0.639384128959	-0.6265	-0.880036755335	-0.8134	-2.19911485751	-2.232	0	
20200424_210756.357280	-0.639384128959	-0.6265	-0.880036755335	-0.8134	-2.19911485751	-2.232	0	
20200424_210756.365268	-0.639384128959	-0.6265	-0.880036755335	-0.8134	-2.19911485751	-2.232	0	
20200424_210756.373933	-0.639384128959	-0.6265	-0.880036755335	-0.8134	-2.19911485751	-2.232	0	
20200424_210756.382872	-0.639384128959	-0.6265	-0.880036755335	-0.8135	-2.19911485751	-2.232	0	
20200424_210756.390322	-0.639384128959	-0.6265	-0.880036755335	-0.8135	-2.19911485751	-2.2319	0	
20200424_210756.399022	-0.639384128959	-0.6265	-0.880036755335	-0.8135	-2.19911485751	-2.232	0	
20200424_210756.407383	-0.639384128959	-0.6265	-0.880036755335	-0.8135	-2.19911485751	-2.2321	0	
20200424_210756.415744	-0.639384128959	-0.6265	-0.880036755335	-0.8135	-2.19911485751	-2.232	0	
20200424_210756.424033	-0.639384128959	-0.6265	-0.880036755335	-0.8135	-2.19911485751	-2.232	0	
20200424_210756.432158	-0.639384128959	-0.6265	-0.880036755335	-0.8134	-2.19911485751	-2.2321	0	
20200424_210756.440201	-0.639384128959	-0.6265	-0.880036755335	-0.8134	-2.19911485751	-2.2322	0	
20200424_210756.449310	-0.639384128959	-0.6265	-0.880036755335	-0.8134	-2.19911485751	-2.2322	0	
20200424_210756.457215	-0.639384128959	-0.6265	-0.880036755335	-0.8135	-2.19911485751	-2.2321	0	
20200424_210756.465730	-0.639384128959	-0.6265	-0.880036755335	-0.8135	-2.19911485751	-2.2321	0	
20200424_210756.473735	-0.639384128959	-0.6265	-0.880036755335	-0.8135	-2.19911485751	-2.2319	0	
20200424_210756.482815	-0.639384128959	-0.6265	-0.880036755335	-0.8135	-2.19911485751	-2.232	0	
20200424_210756.490573	-0.639384128959	-0.6265	-0.880036755335	-0.8135	-2.19911485751	-2.232	0	
20200424_210756.498650	-0.639384128959	-0.6265	-0.880036755335	-0.8134	-2.19911485751	-2.2321	0	
20200424_210756.506911	-0.639384128959	-0.6265	-0.880036755335	-0.8134	-2.19911485751	-2.232	0	
20200424_210756.515643	-0.639384128959	-0.6265	-0.880036755335	-0.8134	-2.19911485751	-2.2321	0	
20200424_210756.523911	-0.639384128959	-0.6265	-0.880036755335	-0.8134	-2.19911485751	-2.232	0	
20200424_210756.532657	-0.639384128959	-0.6265	-0.880036755335	-0.8135	-2.19911485751	-2.2321	0	
20200424_210756.540457	-0.639384128959	-0.6265	-0.880036755335	-0.8135	-2.19911485751	-2.2321	0	
20200424_210756.549370	-0.639384128959	-0.6265	-0.880036755335	-0.8135	-2.19911485751	-2.2322	0	
20200424_210756.557493	-0.639384128959	-0.6265	-0.880036755335	-0.8135	-2.19911485751	-2.232	0	
20200424_210756.565232	-0.639384128959	-0.6265	-0.880036755335	-0.8135	-2.19911485751	-2.232	0	
20200424_210756.573770	-0.639384128959	-0.6265	-0.880036755335	-0.8135	-2.19911485751	-2.232	0	
20200424_210756.581905	-0.639384128959	-0.6265	-0.880036755335	-0.8134	-2.19911485751	-2.2319	0	
20200424_210756.590123	-0.639384128959	-0.6265	-0.880036755335	-0.8134	-2.19911485751	-2.2318	0	
20200424_210756.598638	-0.639384128959	-0.6265	-0.880036755335	-0.8134	-2.19911485751	-2.232	0	
20200424_210756.606751	-0.639384128959	-0.6265	-0.880036755335	-0.8134	-2.19911485751	-2.2319	0	
20200424_210756.615368	-0.639384128959	-0.6265	-0.880036755335	-0.8134	-2.19911485751	-2.232	0	
20200424_210756.623543	-0.639384128959	-0.6265	-0.880036755335	-0.8135	-2.19911485751	-2.232	0	
20200424_210756.632001	-0.639384128959	-0.6265	-0.880036755335	-0.8135	-2.19911485751	-2.2321	0	
20200424_210756.640574	-0.639384128959	-0.6265	-0.880036755335	-0.8135	-2.19911485751	-2.2319	0	
20200424_210756.648658	-0.639384128959	-0.6265	-0.880036755335	-0.8135	-2.19911485751	-2.2321	0	
20200424_210756.657248	-0.639384128959	-0.6265	-0.880036755335	-0.8134	-2.19911485751	-2.232	0	
20200424_210756.665647	-0.639384128959	-0.6265	-0.880036755335	-0.8134	-2.19911485751	-2.232	0	
20200424_210756.674358	-0.639384128959	-0.6265	-0.880036755335	-0.8133	-2.19911485751	-2.232	0	
20200424_210756.682271	-0.639384128959	-0.6265	-0.880036755335	-0.8134	-2.19911485751	-2.232	0	
20200424_210756.690321	-0.639384128959	-0.6265	-0.880036755335	-0.8134	-2.19911485751	-2.232	0	
20200424_210756.699363	-0.639384128959	-0.6265	-0.880036755335	-0.8134	-2.19911485751	-2.2321	0	
20200424_210756.707289	-0.639384128959	-0.6265	-0.880036755335	-0.8135	-2.19911485751	-2.2321	0	
20200424_210756.715961	-0.639384128959	-0.6265	-0.880036755335	-0.8135	-2.19911485751	-2.232	0	
20200424_210756.724203	-0.639384128959	-0.6265	-0.880036755335	-0.8135	-2.19911485751	-2.232	0	
20200424_210756.732120	-0.639384128959	-0.6265	-0.880036755335	-0.8134	-2.19911485751	-2.2321	0	
20200424_210756.740381	-0.639384128959	-0.6265	-0.880036755335	-0.8134	-2.19911485751	-2.232	0	
20200424_210756.749130	-0.639384128959	-0.6265	-0.880036755335	-0.8134	-2.19911485751	-2.2319	0	
20200424_210756.757516	-0.639384128959	-0.6265	-0.880036755335	-0.8134	-2.19911485751	-2.232	0	
20200424_210756.765419	-0.639384128959	-0.6265	-0.880036755335	-0.8134	-2.19911485751	-2.2319	0	
20200424_210756.774129	-0.639384128959	-0.6265	-0.880036755335	-0.8135	-2.19911485751	-2.232	0	
20200424_210756.782217	-0.639384128959	-0.6265	-0.880036755335	-0.8135	-2.19911485751	-2.2322	0	
20200424_210756.790551	-0.639384128959	-0.6265	-0.880036755335	-0.8135	-2.19911485751	-2.2321	0	
20200424_210756.798697	-0.639384128959	-0.6265	-0.880036755335	-0.8135	-2.19911485751	-2.232	0	
20200424_210756.807214	-0.639384128959	-0.6265	-0.880036755335	-0.8135	-2.19911485751	-2.232	0	
20200424_210756.815687	-0.639384128959	-0.6265	-0.880036755335	-0.8134	-2.19911485751	-2.2318	0	
20200424_210756.824097	-0.639384128959	-0.6265	-0.880036755335	-0.8134	-2.19911485751	-2.2318	0	
20200424_210756.832720	-0.639384128959	-0.6265	-0.880036755335	-0.8134	-2.19911485751	-2.2318	0	
20200424_210756.840246	-0.639384128959	-0.6265	-0.880036755335	-0.8134	-2.19911485751	-2.2317	0	
20200424_210756.849127	-0.639384128959	-0.6265	-0.880036755335	-0.8134	-2.19911485751	-2.2318	0	
20200424_210756.857289	-0.639384128959	-0.6265	-0.880036755335	-0.8134	-2.19911485751	-2.232	0	
20200424_210756.866094	-0.639384128959	-0.6265	-0.880036755335	-0.8135	-2.19911485751	-2.2319	0	
20200424_210756.874227	-0.639384128959	-0.6265	-0.880036755335	-0.8135	-2.19911485751	-2.232	0	
20200424_210756.882315	-0.639384128959	-0.6265	-0.880036755335	-0.8134	-2.19911485751	-2.2318	0	
20200424_210756.890939	-0.639384128959	-0.6265	-0.880036755335	-0.8134	-2.19911485751	-2.2319	0	
20200424_210756.899298	-0.639384128959	-0.6265	-0.880036755335	-0.8134	-2.19911485751	-2.2319	0	
20200424_210756.907571	-0.639384128959	-0.6266	-0.880036755335	-0.8132	-2.19911485751	-2.2313	0	
20200424_210756.915623	-0.639384128959	-0.6266	-0.880036755335	-0.8132	-2.19911485751	-2.2313	0	
20200424_210756.923793	-0.639384128959	-0.6266	-0.880036755335	-0.8133	-2.19911485751	-2.2314	0	
20200424_210756.932282	-0.639384128959	-0.6266	-0.880036755335	-0.8133	-2.19911485751	-2.2314	0	
20200424_210756.940901	-0.639384128959	-0.6265	-0.880036755335	-0.8134	-2.19911485751	-2.2314	0	
20200424_210756.948912	-0.639384128959	-0.6265	-0.880036755335	-0.8134	-2.19911485751	-2.2314	0	
20200424_210756.956967	-0.639384128959	-0.6265	-0.880036755335	-0.8133	-2.19911485751	-2.2314	0	
20200424_210756.965455	-0.639384128959	-0.6266	-0.880036755335	-0.8133	-2.19911485751	-2.2313	0	
20200424_210756.973826	-0.639384128959	-0.6266	-0.880036755335	-0.8133	-2.19911485751	-2.2313	0	
20200424_210756.982228	-0.639384128959	-0.6266	-0.880036755335	-0.8132	-2.19911485751	-2.2314	0	
20200424_210756.990263	-0.639384128959	-0.6266	-0.880036755335	-0.8132	-2.19911485751	-2.2314	0	
20200424_210756.998770	-0.639384128959	-0.6266	-0.880036755335	-0.8133	-2.19911485751	-2.2314	0	
20200424_210757.007151	-0.639384128959	-0.6266	-0.880036755335	-0.8133	-2.19911485751	-2.2314	0	
20200424_210757.015432	-0.639384128959	-0.6266	-0.880036755335	-0.8133	-2.19911485751	-2.2314	0	
20200424_210757.024265	-0.639384128959	-0.6266	-0.880036755335	-0.8134	-2.19911485751	-2.2314	0	
20200424_210757.032458	-0.639384128959	-0.6265	-0.880036755335	-0.8134	-2.19911485751	-2.2313	0	
20200424_210757.041193	-0.639384128959	-0.6266	-0.880036755335	-0.8133	-2.19911485751	-2.2313	0	
20200424_210757.048680	-0.639384128959	-0.6265	-0.880036755335	-0.8133	-2.19911485751	-2.2313	0	
20200424_210757.057187	-0.639384128959	-0.6266	-0.880036755335	-0.8133	-2.19911485751	-2.2312	0	
20200424_210757.065388	-0.639384128959	-0.6266	-0.880036755335	-0.8132	-2.19911485751	-2.2313	0	
20200424_210757.074118	-0.639384128959	-0.6266	-0.880036755335	-0.8132	-2.19911485751	-2.2313	0	
20200424_210757.082275	-0.639384128959	-0.6266	-0.880036755335	-0.8133	-2.19911485751	-2.2315	0	
20200424_210757.090665	-0.639384128959	-0.6265	-0.880036755335	-0.8134	-2.19911485751	-2.2322	0	
20200424_210757.098868	-0.639384128959	-0.6265	-0.880036755335	-0.8134	-2.19911485751	-2.2321	0	
20200424_210757.107411	-0.639384128959	-0.6265	-0.880036755335	-0.8135	-2.19911485751	-2.2321	0	
20200424_210757.115838	-0.639384128959	-0.6265	-0.880036755335	-0.8134	-2.19911485751	-2.232	0	
20200424_210757.123822	-0.639384128959	-0.6265	-0.880036755335	-0.8134	-2.19911485751	-2.2321	0	
20200424_210757.132708	-0.639384128959	-0.6265	-0.880036755335	-0.8134	-2.19911485751	-2.232	0	
20200424_210757.141000	-0.639384128959	-0.6265	-0.880036755335	-0.8133	-2.19911485751	-2.232	0	
20200424_210757.149197	-0.639384128959	-0.6265	-0.880036755335	-0.8133	-2.19911485751	-2.232	0	
20200424_210757.157498	-0.639384128959	-0.6265	-0.880036755335	-0.8134	-2.19911485751	-2.2319	0	
20200424_210757.165503	-0.639384128959	-0.6265	-0.880036755335	-0.8134	-2.19911485751	-2.232	0	
20200424_210757.174307	-0.639384128959	-0.6265	-0.880036755335	-0.8134	-2.19911485751	-2.232	0	
20200424_210757.182315	-0.639384128959	-0.6265	-0.880036755335	-0.8135	-2.19911485751	-2.2321	0	
20200424_210757.190673	-0.639384128959	-0.6265	-0.880036755335	-0.8135	-2.19911485751	-2.2321	0	
20200424_210757.199078	-0.639384128959	-0.6265	-0.880036755335	-0.8134	-2.19911485751	-2.232	0	
20200424_210757.207533	-0.639384128959	-0.6265	-0.880036755335	-0.8134	-2.19911485751	-2.2321	0	
20200424_210757.215598	-0.639384128959	-0.6265	-0.880036755335	-0.8134	-2.19911485751	-2.2319	0	
20200424_210757.223685	-0.639384128959	-0.6265	-0.880036755335	-0.8134	-2.19911485751	-2.2319	0	
20200424_210757.232321	-0.639384128959	-0.6265	-0.880036755335	-0.8134	-2.19911485751	-2.232	0	
20200424_210757.240554	-0.639384128959	-0.6265	-0.880036755335	-0.8134	-2.19911485751	-2.232	0	
20200424_210757.248909	-0.639384128959	-0.6265	-0.880036755335	-0.8134	-2.19911485751	-2.232	0	
20200424_210757.257320	-0.639384128959	-0.6265	-0.880036755335	-0.8135	-2.19911485751	-2.2321	0	
20200424_210757.265543	-0.639384128959	-0.6265	-0.880036755335	-0.8135	-2.19911485751	-2.2322	0	
20200424_210757.275592	-0.639384128959	-0.6265	-0.880036755335	-0.8134	-2.19911485751	-2.2321	0	
20200424_210757.282523	-0.639384128959	-0.6265	-0.880036755335	-0.8134	-2.19911485751	-2.232	0	
20200424_210757.290472	-0.639384128959	-0.6265	-0.880036755335	-0.8134	-2.19911485751	-2.232	0	
20200424_210757.299964	-0.639384128959	-0.6265	-0.880036755335	-0.8133	-2.19911485751	-2.232	0	
20200424_210757.307286	-0.639384128959	-0.6265	-0.880036755335	-0.8134	-2.19911485751	-2.2321	0	
20200424_210757.315976	-0.639384128959	-0.6265	-0.880036755335	-0.8134	-2.19911485751	-2.2321	0	
20200424_210757.324069	-0.639384128959	-0.6265	-0.880036755335	-0.8134	-2.19911485751	-2.2321	0	
20200424_210757.332199	-0.639384128959	-0.6265	-0.880036755335	-0.8134	-2.19911485751	-2.232	0	
20200424_210757.340408	-0.639384128959	-0.6265	-0.880036755335	-0.8134	-2.19911485751	-2.2321	0	
20200424_210757.349443	-0.639384128959	-0.6265	-0.880036755335	-0.8134	-2.19911485751	-2.232	0	
20200424_210757.357235	-0.639384128959	-0.6265	-0.880036755335	-0.8134	-2.19911485751	-2.2321	0	
20200424_210757.365714	-0.639384128959	-0.6265	-0.880036755335	-0.8134	-2.19911485751	-2.232	0	
20200424_210757.374148	-0.639384128959	-0.6265	-0.880036755335	-0.8133	-2.19911485751	-2.2321	0	
20200424_210757.382399	-0.639384128959	-0.6265	-0.880036755335	-0.8133	-2.19911485751	-2.2321	0	
20200424_210757.391101	-0.639384128959	-0.6265	-0.880036755335	-0.8134	-2.19911485751	-2.232	0	
20200424_210757.398845	-0.639384128959	-0.6265	-0.880036755335	-0.8134	-2.19911485751	-2.2321	0	
20200424_210757.407374	-0.639384128959	-0.6265	-0.880036755335	-0.8134	-2.19911485751	-2.2322	0	
20200424_210757.416130	-0.639384128959	-0.6264	-0.880036755335	-0.8134	-2.19911485751	-2.2321	0	
20200424_210757.424568	-0.639384128959	-0.6264	-0.880036755335	-0.8134	-2.19911485751	-2.232	0	
20200424_210757.432172	-0.639384128959	-0.6264	-0.880036755335	-0.8134	-2.19911485751	-2.2321	0	
20200424_210757.440752	-0.639384128959	-0.6265	-0.880036755335	-0.8134	-2.19911485751	-2.232	0	
20200424_210757.448954	-0.639384128959	-0.6265	-0.880036755335	-0.8134	-2.19911485751	-2.232	0	
20200424_210757.457162	-0.639384128959	-0.6265	-0.880036755335	-0.8134	-2.19911485751	-2.2319	0	
20200424_210757.465436	-0.639384128959	-0.6264	-0.880036755335	-0.8134	-2.19911485751	-2.232	0	
20200424_210757.473513	-0.639384128959	-0.6264	-0.880036755335	-0.8134	-2.19911485751	-2.2321	0	
20200424_210757.481688	-0.639384128959	-0.6264	-0.880036755335	-0.8134	-2.19911485751	-2.2321	0	
20200424_210757.490728	-0.639384128959	-0.6264	-0.880036755335	-0.8134	-2.19911485751	-2.2321	0	
20200424_210757.498439	-0.639384128959	-0.6264	-0.880036755335	-0.8134	-2.19911485751	-2.232	0	
20200424_210757.507079	-0.639384128959	-0.6264	-0.880036755335	-0.8134	-2.19911485751	-2.232	0	
20200424_210757.515405	-0.639384128959	-0.6264	-0.880036755335	-0.8134	-2.19911485751	-2.2321	0	
20200424_210757.523808	-0.639384128959	-0.6265	-0.880036755335	-0.8134	-2.19911485751	-2.232	0	
20200424_210757.532060	-0.639384128959	-0.6265	-0.880036755335	-0.8134	-2.19911485751	-2.2319	0	
20200424_210757.540507	-0.639384128959	-0.6265	-0.880036755335	-0.8134	-2.19911485751	-2.2319	0	
20200424_210757.548854	-0.639384128959	-0.6265	-0.880036755335	-0.8134	-2.19911485751	-2.232	0	
20200424_210757.557926	-0.639384128959	-0.6265	-0.880036755335	-0.8134	-2.19911485751	-2.232	0	
20200424_210757.565399	-0.639384128959	-0.6265	-0.880036755335	-0.8134	-2.19911485751	-2.2319	0	
20200424_210757.573515	-0.639384128959	-0.6265	-0.880036755335	-0.8134	-2.19911485751	-2.232	0	
20200424_210757.581744	-0.639384128959	-0.6265	-0.880036755335	-0.8134	-2.19911485751	-2.232	0	
20200424_210757.590167	-0.639384128959	-0.6265	-0.880036755335	-0.8134	-2.19911485751	-2.2321	0	
20200424_210757.598353	-0.639384128959	-0.6265	-0.880036755335	-0.8134	-2.19911485751	-2.232	0	
20200424_210757.606861	-0.639384128959	-0.6265	-0.880036755335	-0.8134	-2.19911485751	-2.232	0	
20200424_210757.615196	-0.639384128959	-0.6265	-0.880036755335	-0.8133	-2.19911485751	-2.232	0	
20200424_210757.623541	-0.639384128959	-0.6265	-0.880036755335	-0.8134	-2.19911485751	-2.232	0	
20200424_210757.632019	-0.639384128959	-0.6265	-0.880036755335	-0.8134	-2.19911485751	-2.232	0	
20200424_210757.640381	-0.639384128959	-0.6265	-0.880036755335	-0.8134	-2.19911485751	-2.232	0	
20200424_210757.648593	-0.639384128959	-0.6264	-0.880036755335	-0.8134	-2.19911485751	-2.232	0	
20200424_210757.656985	-0.639384128959	-0.6264	-0.880036755335	-0.8134	-2.19911485751	-2.2321	0	
20200424_210757.665914	-0.639384128959	-0.6264	-0.880036755335	-0.8134	-2.19911485751	-2.2321	0	
20200424_210757.674377	-0.639384128959	-0.6264	-0.880036755335	-0.8134	-2.19911485751	-2.2321	0	
20200424_210757.681961	-0.639384128959	-0.6265	-0.880036755335	-0.8134	-2.19911485751	-2.2321	0	
20200424_210757.690437	-0.639384128959	-0.6265	-0.880036755335	-0.8134	-2.19911485751	-2.2321	0	
20200424_210757.698752	-0.639384128959	-0.6265	-0.880036755335	-0.8134	-2.19911485751	-2.232	0	
20200424_210757.707115	-0.639384128959	-0.6265	-0.880036755335	-0.8134	-2.19911485751	-2.232	0	
20200424_210757.716734	-0.639384128959	-0.6264	-0.880036755335	-0.8134	-2.19911485751	-2.2322	0	
20200424_210757.724544	-0.639384128959	-0.6264	-0.880036755335	-0.8135	-2.19911485751	-2.2321	0	
20200424_210757.732046	-0.639384128959	-0.6264	-0.880036755335	-0.8135	-2.19911485751	-2.2321	0	
20200424_210757.740949	-0.639384128959	-0.6264	-0.880036755335	-0.8134	-2.19911485751	-2.2319	0	
20200424_210757.748290	-0.639384128959	-0.6265	-0.880036755335	-0.8134	-2.19911485751	-2.2321	0	
20200424_210757.756933	-0.639384128959	-0.6265	-0.880036755335	-0.8134	-2.19911485751	-2.232	0	
20200424_210757.765185	-0.639384128959	-0.6265	-0.880036755335	-0.8134	-2.19911485751	-2.232	0	
20200424_210757.773908	-0.639384128959	-0.6265	-0.880036755335	-0.8134	-2.19911485751	-2.232	0	
20200424_210757.781948	-0.639384128959	-0.6265	-0.880036755335	-0.8134	-2.19911485751	-2.2321	0	
20200424_210757.790431	-0.639384128959	-0.6264	-0.880036755335	-0.8134	-2.19911485751	-2.2321	0	
20200424_210757.798612	-0.639384128959	-0.6264	-0.880036755335	-0.8134	-2.19911485751	-2.2322	0	
20200424_210757.807108	-0.639384128959	-0.6264	-0.880036755335	-0.8135	-2.19911485751	-2.2321	0	
20200424_210757.815697	-0.639384128959	-0.6264	-0.880036755335	-0.8135	-2.19911485751	-2.2321	0	
20200424_210757.824440	-0.639384128959	-0.6264	-0.880036755335	-0.8134	-2.19911485751	-2.2321	0	
20200424_210757.832304	-0.639384128959	-0.6264	-0.880036755335	-0.8134	-2.19911485751	-2.232	0	
20200424_210757.840927	-0.639384128959	-0.6264	-0.880036755335	-0.8134	-2.19911485751	-2.232	0	
20200424_210757.849034	-0.639384128959	-0.6264	-0.880036755335	-0.8134	-2.19911485751	-2.232	0	
20200424_210757.856883	-0.639384128959	-0.6264	-0.880036755335	-0.8134	-2.19911485751	-2.2321	0	
20200424_210757.866038	-0.639384128959	-0.6264	-0.880036755335	-0.8134	-2.19911485751	-2.2321	0	
20200424_210757.873752	-0.639384128959	-0.6264	-0.880036755335	-0.8134	-2.19911485751	-2.232	0	
20200424_210757.882066	-0.639384128959	-0.6264	-0.880036755335	-0.8134	-2.19911485751	-2.232	0	
20200424_210757.891423	-0.639384128959	-0.6264	-0.880036755335	-0.8134	-2.19911485751	-2.232	0	
20200424_210757.898687	-0.639384128959	-0.6264	-0.880036755335	-0.8134	-2.19911485751	-2.232	0	
20200424_210757.907110	-0.639384128959	-0.6264	-0.880036755335	-0.8134	-2.19911485751	-2.232	0	
20200424_210757.915558	-0.639384128959	-0.6265	-0.880036755335	-0.8134	-2.19911485751	-2.232	0	
20200424_210757.923867	-0.639384128959	-0.6265	-0.880036755335	-0.8134	-2.19911485751	-2.2319	0	
20200424_210757.932222	-0.639384128959	-0.6264	-0.880036755335	-0.8134	-2.19911485751	-2.2319	0	
20200424_210757.940980	-0.639384128959	-0.6264	-0.880036755335	-0.8134	-2.19911485751	-2.232	0	
20200424_210757.949084	-0.639384128959	-0.6264	-0.880036755335	-0.8134	-2.19911485751	-2.232	0	
20200424_210757.957476	-0.639384128959	-0.6264	-0.880036755335	-0.8134	-2.19911485751	-2.2321	0	
20200424_210757.965857	-0.639384128959	-0.6264	-0.880036755335	-0.8134	-2.19911485751	-2.232	0	
20200424_210757.974406	-0.639384128959	-0.6264	-0.880036755335	-0.8134	-2.19911485751	-2.232	0	
20200424_210757.983090	-0.639384128959	-0.6264	-0.880036755335	-0.8134	-2.19911485751	-2.232	0	
20200424_210757.990406	-0.639384128959	-0.6264	-0.880036755335	-0.8134	-2.19911485751	-2.232	0	
20200424_210757.998754	-0.639384128959	-0.6264	-0.880036755335	-0.8134	-2.19911485751	-2.232	0	
20200424_210758.007079	-0.639384128959	-0.6264	-0.880036755335	-0.8134	-2.19911485751	-2.232	0	
20200424_210758.016036	-0.639384128959	-0.6264	-0.880036755335	-0.8134	-2.19911485751	-2.2319	0	
20200424_210758.024342	-0.639384128959	-0.6264	-0.880036755335	-0.8134	-2.19911485751	-2.232	0	
20200424_210758.032119	-0.639384128959	-0.6264	-0.880036755335	-0.8134	-2.19911485751	-2.232	0	
20200424_210758.040635	-0.639384128959	-0.6264	-0.880036755335	-0.8134	-2.19911485751	-2.2321	0	
20200424_210758.048885	-0.639384128959	-0.6264	-0.880036755335	-0.8134	-2.19911485751	-2.2321	0	
20200424_210758.057543	-0.639384128959	-0.6264	-0.880036755335	-0.8134	-2.19911485751	-2.2321	0	
20200424_210758.066008	-0.639384128959	-0.6264	-0.880036755335	-0.8134	-2.19911485751	-2.2321	0	
20200424_210758.074033	-0.639384128959	-0.6265	-0.880036755335	-0.8134	-2.19911485751	-2.2322	0	
20200424_210758.081972	-0.639384128959	-0.6265	-0.880036755335	-0.8133	-2.19911485751	-2.2321	0	
20200424_210758.090720	-0.639384128959	-0.6265	-0.880036755335	-0.8133	-2.19911485751	-2.2321	0	
20200424_210758.098689	-0.639384128959	-0.6265	-0.880036755335	-0.8133	-2.19911485751	-2.2321	0	
20200424_210758.106966	-0.639384128959	-0.6264	-0.880036755335	-0.8134	-2.19911485751	-2.2321	0	
20200424_210758.115471	-0.639384128959	-0.6264	-0.880036755335	-0.8134	-2.19911485751	-2.232	0	
20200424_210758.123840	-0.639384128959	-0.6264	-0.880036755335	-0.8134	-2.19911485751	-2.2322	0	
20200424_210758.132272	-0.639384128959	-0.6264	-0.880036755335	-0.8134	-2.19911485751	-2.2321	0	
20200424_210758.140883	-0.639384128959	-0.6264	-0.880036755335	-0.8134	-2.19911485751	-2.2321	0	
20200424_210758.148982	-0.639384128959	-0.6265	-0.880036755335	-0.8134	-2.19911485751	-2.232	0	
20200424_210758.157810	-0.639384128959	-0.6265	-0.880036755335	-0.8134	-2.19911485751	-2.232	0	
20200424_210758.165739	-0.639384128959	-0.6265	-0.880036755335	-0.8134	-2.19911485751	-2.232	0	
20200424_210758.173850	-0.639384128959	-0.6265	-0.880036755335	-0.8134	-2.19911485751	-2.232	0	
20200424_210758.181940	-0.639384128959	-0.6264	-0.880036755335	-0.8134	-2.19911485751	-2.2322	0	
20200424_210758.190689	-0.639384128959	-0.6265	-0.880036755335	-0.8134	-2.19911485751	-2.232	0	
20200424_210758.198678	-0.639384128959	-0.6265	-0.880036755335	-0.8134	-2.19911485751	-2.2321	0	
20200424_210758.207150	-0.639384128959	-0.6265	-0.880036755335	-0.8134	-2.19911485751	-2.232	0	
20200424_210758.215589	-0.639384128959	-0.6265	-0.880036755335	-0.8134	-2.19911485751	-2.232	0	
20200424_210758.223757	-0.639384128959	-0.6265	-0.880036755335	-0.8134	-2.19911485751	-2.2319	0	
20200424_210758.232608	-0.639384128959	-0.6265	-0.880036755335	-0.8134	-2.19911485751	-2.232	0	
20200424_210758.240607	-0.639384128959	-0.6265	-0.880036755335	-0.8134	-2.19911485751	-2.2318	0	
20200424_210758.248754	-0.639384128959	-0.6265	-0.880036755335	-0.8134	-2.19911485751	-2.232	0	
20200424_210758.258269	-0.639384128959	-0.6265	-0.880036755335	-0.8134	-2.19911485751	-2.2318	0	
20200424_210758.265398	-0.639384128959	-0.6265	-0.880036755335	-0.8134	-2.19911485751	-2.2319	0	
20200424_210758.274031	-0.639384128959	-0.6265	-0.880036755335	-0.8134	-2.19911485751	-2.2319	0	
20200424_210758.282063	-0.639384128959	-0.6264	-0.880036755335	-0.8135	-2.19911485751	-2.232	0	
20200424_210758.291287	-0.639384128959	-0.6264	-0.880036755335	-0.8135	-2.19911485751	-2.2319	0	
20200424_210758.299131	-0.639384128959	-0.6264	-0.880036755335	-0.8135	-2.19911485751	-2.232	0	
20200424_210758.307039	-0.639384128959	-0.6264	-0.880036755335	-0.8134	-2.19911485751	-2.2321	0	
20200424_210758.316068	-0.639384128959	-0.6264	-0.880036755335	-0.8134	-2.19911485751	-2.232	0	
20200424_210758.323864	-0.639384128959	-0.6265	-0.880036755335	-0.8134	-2.19911485751	-2.2319	0	
20200424_210758.332709	-0.639384128959	-0.6265	-0.880036755335	-0.8134	-2.19911485751	-2.232	0	
20200424_210758.340803	-0.639384128959	-0.6265	-0.880036755335	-0.8134	-2.19911485751	-2.232	0	
20200424_210758.348812	-0.639384128959	-0.6265	-0.880036755335	-0.8134	-2.19911485751	-2.2321	0	
20200424_210758.357330	-0.639384128959	-0.6265	-0.880036755335	-0.8134	-2.19911485751	-2.2321	0	
20200424_210758.365405	-0.639384128959	-0.6265	-0.880036755335	-0.8134	-2.19911485751	-2.232	0	
20200424_210758.373906	-0.639384128959	-0.6264	-0.880036755335	-0.8134	-2.19911485751	-2.232	0	
20200424_210758.382032	-0.639384128959	-0.6264	-0.880036755335	-0.8134	-2.19911485751	-2.232	0	
20200424_210758.390135	-0.639384128959	-0.6264	-0.880036755335	-0.8134	-2.19911485751	-2.2319	0	
20200424_210758.398622	-0.639384128959	-0.6265	-0.880036755335	-0.8134	-2.19911485751	-2.2319	0	
20200424_210758.407603	-0.639384128959	-0.6265	-0.880036755335	-0.8134	-2.19911485751	-2.232	0	
20200424_210758.415545	-0.639384128959	-0.6265	-0.880036755335	-0.8133	-2.19911485751	-2.232	0	
20200424_210758.424189	-0.639384128959	-0.6264	-0.880036755335	-0.8134	-2.19911485751	-2.2319	0	
20200424_210758.432879	-0.639384128959	-0.6264	-0.880036755335	-0.8134	-2.19911485751	-2.232	0	
20200424_210758.440623	-0.639384128959	-0.6264	-0.880036755335	-0.8134	-2.19911485751	-2.232	0	
20200424_210758.449564	-0.639384128959	-0.6264	-0.880036755335	-0.8134	-2.19911485751	-2.2321	0	
20200424_210758.457283	-0.639384128959	-0.6264	-0.880036755335	-0.8134	-2.19911485751	-2.2321	0	
20200424_210758.465747	-0.639384128959	-0.6264	-0.880036755335	-0.8134	-2.19911485751	-2.232	0	
20200424_210758.473788	-0.639384128959	-0.6264	-0.880036755335	-0.8134	-2.19911485751	-2.232	0	
20200424_210758.482791	-0.639384128959	-0.6264	-0.880036755335	-0.8133	-2.19911485751	-2.2321	0	
20200424_210758.490533	-0.639384128959	-0.6264	-0.880036755335	-0.8133	-2.19911485751	-2.2321	0	
20200424_210758.498617	-0.639384128959	-0.6264	-0.880036755335	-0.8133	-2.19911485751	-2.232	0	
20200424_210758.507217	-0.639384128959	-0.6264	-0.880036755335	-0.8134	-2.19911485751	-2.232	0	
20200424_210758.515455	-0.639384128959	-0.6265	-0.880036755335	-0.8134	-2.19911485751	-2.2322	0	
20200424_210758.523763	-0.639384128959	-0.6264	-0.880036755335	-0.8134	-2.19911485751	-2.2322	0	
20200424_210758.532614	-0.639384128959	-0.6264	-0.880036755335	-0.8134	-2.19911485751	-2.2321	0	
20200424_210758.540470	-0.639384128959	-0.6264	-0.880036755335	-0.8134	-2.19911485751	-2.2322	0	
20200424_210758.548916	-0.639384128959	-0.6264	-0.880036755335	-0.8134	-2.19911485751	-2.2322	0	
20200424_210758.557916	-0.639384128959	-0.6264	-0.880036755335	-0.8134	-2.19911485751	-2.232	0	
20200424_210758.566254	-0.639384128959	-0.6264	-0.880036755335	-0.8133	-2.19911485751	-2.232	0	
20200424_210758.573862	-0.639384128959	-0.6264	-0.880036755335	-0.8133	-2.19911485751	-2.2321	0	
20200424_210758.582156	-0.639384128959	-0.6265	-0.880036755335	-0.8134	-2.19911485751	-2.232	0	
20200424_210758.590169	-0.639384128959	-0.6264	-0.880036755335	-0.8134	-2.19911485751	-2.232	0	
20200424_210758.598342	-0.639384128959	-0.6265	-0.880036755335	-0.8134	-2.19911485751	-2.2321	0	
20200424_210758.607094	-0.639384128959	-0.6264	-0.880036755335	-0.8134	-2.19911485751	-2.2321	0	
20200424_210758.615288	-0.639384128959	-0.6264	-0.880036755335	-0.8134	-2.19911485751	-2.2321	0	
20200424_210758.624513	-0.639384128959	-0.6264	-0.880036755335	-0.8134	-2.19911485751	-2.2321	0	
20200424_210758.631760	-0.639384128959	-0.6264	-0.880036755335	-0.8134	-2.19911485751	-2.2321	0	
20200424_210758.640266	-0.639384128959	-0.6264	-0.880036755335	-0.8134	-2.19911485751	-2.232	0	
20200424_210758.648769	-0.639384128959	-0.6265	-0.880036755335	-0.8134	-2.19911485751	-2.2321	0	
20200424_210758.657266	-0.639384128959	-0.6265	-0.880036755335	-0.8134	-2.19911485751	-2.2319	0	
20200424_210758.665727	-0.639384128959	-0.6264	-0.880036755335	-0.8134	-2.19911485751	-2.2321	0	
20200424_210758.674064	-0.639384128959	-0.6264	-0.880036755335	-0.8134	-2.19911485751	-2.232	0	
20200424_210758.682101	-0.639384128959	-0.6264	-0.880036755335	-0.8134	-2.19911485751	-2.2321	0	
20200424_210758.690437	-0.639384128959	-0.6264	-0.880036755335	-0.8134	-2.19911485751	-2.2322	0	
20200424_210758.698614	-0.639384128959	-0.6264	-0.880036755335	-0.8134	-2.19911485751	-2.232	0	
20200424_210758.707004	-0.639384128959	-0.6264	-0.880036755335	-0.8134	-2.19911485751	-2.232	0	
20200424_210758.715620	-0.639384128959	-0.6264	-0.880036755335	-0.8134	-2.19911485751	-2.2321	0	
20200424_210758.724041	-0.639384128959	-0.6264	-0.880036755335	-0.8134	-2.19911485751	-2.2321	0	
20200424_210758.732222	-0.639384128959	-0.6264	-0.880036755335	-0.8134	-2.19911485751	-2.232	0	
20200424_210758.741151	-0.639384128959	-0.6264	-0.880036755335	-0.8134	-2.19911485751	-2.2321	0	
20200424_210758.748761	-0.639384128959	-0.6264	-0.880036755335	-0.8134	-2.19911485751	-2.232	0	
20200424_210758.757272	-0.639384128959	-0.6264	-0.880036755335	-0.8134	-2.19911485751	-2.232	0	
20200424_210758.765503	-0.639384128959	-0.6264	-0.880036755335	-0.8134	-2.19911485751	-2.232	0	
20200424_210758.774036	-0.639384128959	-0.6264	-0.880036755335	-0.8134	-2.19911485751	-2.2321	0	
20200424_210758.783331	-0.639384128959	-0.6264	-0.880036755335	-0.8134	-2.19911485751	-2.2319	0	
20200424_210758.791343	-0.639384128959	-0.6264	-0.880036755335	-0.8134	-2.19911485751	-2.232	0	
20200424_210758.798771	-0.639384128959	-0.6264	-0.880036755335	-0.8134	-2.19911485751	-2.232	0	
20200424_210758.807050	-0.639384128959	-0.6264	-0.880036755335	-0.8134	-2.19911485751	-2.2321	0	
20200424_210758.816332	-0.639384128959	-0.6264	-0.880036755335	-0.8134	-2.19911485751	-2.232	0	
20200424_210758.824018	-0.639384128959	-0.6264	-0.880036755335	-0.8134	-2.19911485751	-2.232	0	
20200424_210758.831937	-0.639384128959	-0.6264	-0.880036755335	-0.8134	-2.19911485751	-2.2321	0	
20200424_210758.840443	-0.639384128959	-0.6264	-0.880036755335	-0.8134	-2.19911485751	-2.2319	0	
20200424_210758.849039	-0.639384128959	-0.6264	-0.880036755335	-0.8134	-2.19911485751	-2.2321	0	
20200424_210758.857102	-0.639384128959	-0.6264	-0.880036755335	-0.8134	-2.19911485751	-2.2321	0	
20200424_210758.865836	-0.639384128959	-0.6264	-0.880036755335	-0.8134	-2.19911485751	-2.2321	0	
20200424_210758.873810	-0.639384128959	-0.6264	-0.880036755335	-0.8134	-2.19911485751	-2.2321	0	
20200424_210758.881874	-0.639384128959	-0.6264	-0.880036755335	-0.8134	-2.19911485751	-2.232	0	
20200424_210758.890365	-0.639384128959	-0.6264	-0.880036755335	-0.8134	-2.19911485751	-2.2321	0	
20200424_210758.899098	-0.639384128959	-0.6264	-0.880036755335	-0.8133	-2.19911485751	-2.2322	0	
20200424_210758.907124	-0.639384128959	-0.6264	-0.880036755335	-0.8134	-2.19911485751	-2.232	0	
20200424_210758.915379	-0.639384128959	-0.6264	-0.880036755335	-0.8134	-2.19911485751	-2.232	0	
20200424_210758.924350	-0.639384128959	-0.6264	-0.880036755335	-0.8134	-2.19911485751	-2.2322	0	
20200424_210758.932022	-0.639384128959	-0.6264	-0.880036755335	-0.8134	-2.19911485751	-2.2321	0	
20200424_210758.941491	-0.639384128959	-0.6264	-0.880036755335	-0.8134	-2.19911485751	-2.2321	0	
20200424_210758.948725	-0.639384128959	-0.6264	-0.880036755335	-0.8134	-2.19911485751	-2.2321	0	
20200424_210758.957279	-0.639384128959	-0.6264	-0.880036755335	-0.8134	-2.19911485751	-2.2321	0	
20200424_210758.965637	-0.639384128959	-0.6264	-0.880036755335	-0.8133	-2.19911485751	-2.2321	0	
20200424_210758.973658	-0.639384128959	-0.6264	-0.880036755335	-0.8134	-2.19911485751	-2.2321	0	
20200424_210758.982417	-0.639384128959	-0.6264	-0.880036755335	-0.8134	-2.19911485751	-2.2321	0	
20200424_210758.990451	-0.639384128959	-0.6264	-0.880036755335	-0.8134	-2.19911485751	-2.2321	0	
20200424_210758.998910	-0.639384128959	-0.6264	-0.880036755335	-0.8134	-2.19911485751	-2.2321	0	
20200424_210759.007082	-0.639384128959	-0.6264	-0.880036755335	-0.8134	-2.19911485751	-2.2321	0	
20200424_210759.016374	-0.639384128959	-0.6264	-0.880036755335	-0.8134	-2.19911485751	-2.2321	0	
20200424_210759.024112	-0.639384128959	-0.6264	-0.880036755335	-0.8134	-2.19911485751	-2.2321	0	
20200424_210759.032330	-0.639384128959	-0.6264	-0.880036755335	-0.8134	-2.19911485751	-2.2321	0	
20200424_210759.040857	-0.639384128959	-0.6264	-0.880036755335	-0.8134	-2.19911485751	-2.2321	0	
20200424_210759.049098	-0.639384128959	-0.6264	-0.880036755335	-0.8134	-2.19911485751	-2.2321	0	
20200424_210759.058010	-0.639384128959	-0.6264	-0.880036755335	-0.8134	-2.19911485751	-2.232	0	
20200424_210759.065480	-0.639384128959	-0.6264	-0.880036755335	-0.8134	-2.19911485751	-2.2322	0	
20200424_210759.073871	-0.639384128959	-0.6264	-0.880036755335	-0.8134	-2.19911485751	-2.2321	0	
20200424_210759.082310	-0.639384128959	-0.6264	-0.880036755335	-0.8134	-2.19911485751	-2.2321	0	
20200424_210759.090579	-0.639384128959	-0.6264	-0.880036755335	-0.8134	-2.19911485751	-2.2321	0	
20200424_210759.098862	-0.639384128959	-0.6264	-0.880036755335	-0.8134	-2.19911485751	-2.2322	0	
20200424_210759.107379	-0.639384128959	-0.6264	-0.880036755335	-0.8134	-2.19911485751	-2.2322	0	
20200424_210759.115840	-0.639384128959	-0.6264	-0.880036755335	-0.8134	-2.19911485751	-2.2321	0	
20200424_210759.123851	-0.639384128959	-0.6264	-0.880036755335	-0.8134	-2.19911485751	-2.2321	0	
20200424_210759.132229	-0.639384128959	-0.6264	-0.880036755335	-0.8134	-2.19911485751	-2.2322	0	
20200424_210759.141269	-0.639384128959	-0.6264	-0.880036755335	-0.8134	-2.19911485751	-2.2321	0	
20200424_210759.148931	-0.639384128959	-0.6264	-0.880036755335	-0.8134	-2.19911485751	-2.2321	0	
20200424_210759.157300	-0.639384128959	-0.6264	-0.880036755335	-0.8134	-2.19911485751	-2.2322	0	
20200424_210759.165442	-0.639384128959	-0.6264	-0.880036755335	-0.8134	-2.19911485751	-2.2322	0	
20200424_210759.173639	-0.639384128959	-0.6264	-0.880036755335	-0.8134	-2.19911485751	-2.2321	0	
20200424_210759.182202	-0.639384128959	-0.6264	-0.880036755335	-0.8134	-2.19911485751	-2.232	0	
20200424_210759.190350	-0.639384128959	-0.6264	-0.880036755335	-0.8134	-2.19911485751	-2.232	0	
20200424_210759.198680	-0.639384128959	-0.6264	-0.880036755335	-0.8134	-2.19911485751	-2.232	0	
20200424_210759.207014	-0.639384128959	-0.6264	-0.880036755335	-0.8134	-2.19911485751	-2.232	0	
20200424_210759.215412	-0.639384128959	-0.6264	-0.880036755335	-0.8134	-2.19911485751	-2.2323	0	
20200424_210759.223810	-0.639384128959	-0.6264	-0.880036755335	-0.8134	-2.19911485751	-2.232	0	
20200424_210759.232023	-0.639384128959	-0.6264	-0.880036755335	-0.8134	-2.19911485751	-2.232	0	
20200424_210759.240486	-0.639384128959	-0.6264	-0.880036755335	-0.8134	-2.19911485751	-2.2321	0	
20200424_210759.248671	-0.639384128959	-0.6264	-0.880036755335	-0.8134	-2.19911485751	-2.2321	0	
20200424_210759.257146	-0.639384128959	-0.6264	-0.880036755335	-0.8134	-2.19911485751	-2.2321	0	
20200424_210759.265356	-0.639384128959	-0.6264	-0.880036755335	-0.8134	-2.19911485751	-2.232	0	
20200424_210759.273694	-0.639384128959	-0.6264	-0.880036755335	-0.8134	-2.19911485751	-2.232	0	
20200424_210759.282302	-0.639384128959	-0.6264	-0.880036755335	-0.8134	-2.19911485751	-2.232	0	
20200424_210759.290461	-0.639384128959	-0.6264	-0.880036755335	-0.8133	-2.19911485751	-2.232	0	
20200424_210759.298971	-0.639384128959	-0.6264	-0.880036755335	-0.8134	-2.19911485751	-2.2321	0	
20200424_210759.307028	-0.639384128959	-0.6264	-0.880036755335	-0.8134	-2.19911485751	-2.232	0	
20200424_210759.315378	-0.639384128959	-0.6264	-0.880036755335	-0.8134	-2.19911485751	-2.2321	0	
20200424_210759.323840	-0.639384128959	-0.6264	-0.880036755335	-0.8134	-2.19911485751	-2.2321	0	
20200424_210759.332422	-0.639384128959	-0.6264	-0.880036755335	-0.8134	-2.19911485751	-2.2321	0	
20200424_210759.340560	-0.639384128959	-0.6264	-0.880036755335	-0.8134	-2.19911485751	-2.2322	0	
20200424_210759.349475	-0.639384128959	-0.6264	-0.880036755335	-0.8134	-2.19911485751	-2.2321	0	
20200424_210759.357141	-0.639384128959	-0.6264	-0.880036755335	-0.8134	-2.19911485751	-2.2321	0	
20200424_210759.365539	-0.639384128959	-0.6264	-0.880036755335	-0.8134	-2.19911485751	-2.232	0	
20200424_210759.373839	-0.639384128959	-0.6264	-0.880036755335	-0.8133	-2.19911485751	-2.232	0	
20200424_210759.381935	-0.639384128959	-0.6264	-0.880036755335	-0.8133	-2.19911485751	-2.2321	0	
20200424_210759.390314	-0.639384128959	-0.6264	-0.880036755335	-0.8134	-2.19911485751	-2.2319	0	
20200424_210759.398761	-0.639384128959	-0.6264	-0.880036755335	-0.8134	-2.19911485751	-2.232	0	
20200424_210759.407700	-0.639384128959	-0.6264	-0.880036755335	-0.8134	-2.19911485751	-2.2322	0	
20200424_210759.415564	-0.639384128959	-0.6264	-0.880036755335	-0.8134	-2.19911485751	-2.232	0	
20200424_210759.423925	-0.639384128959	-0.6264	-0.880036755335	-0.8134	-2.19911485751	-2.232	0	
20200424_210759.432057	-0.639384128959	-0.6264	-0.880036755335	-0.8134	-2.19911485751	-2.232	0	
20200424_210759.440443	-0.639384128959	-0.6264	-0.880036755335	-0.8134	-2.19911485751	-2.232	0	
20200424_210759.449423	-0.639384128959	-0.6264	-0.880036755335	-0.8133	-2.19911485751	-2.232	0	
20200424_210759.457496	-0.639384128959	-0.6264	-0.880036755335	-0.8133	-2.19911485751	-2.2322	0	
20200424_210759.466155	-0.639384128959	-0.6264	-0.880036755335	-0.8133	-2.19911485751	-2.2321	0	
20200424_210759.473799	-0.639384128959	-0.6264	-0.880036755335	-0.8134	-2.19911485751	-2.2321	0	
20200424_210759.482254	-0.639384128959	-0.6264	-0.880036755335	-0.8134	-2.19911485751	-2.232	0	
20200424_210759.490530	-0.639384128959	-0.6264	-0.880036755335	-0.8134	-2.19911485751	-2.232	0	
20200424_210759.498902	-0.639384128959	-0.6264	-0.880036755335	-0.8134	-2.19911485751	-2.232	0	
20200424_210759.507334	-0.639384128959	-0.6264	-0.880036755335	-0.8134	-2.19911485751	-2.2321	0	
20200424_210759.515759	-0.639384128959	-0.6264	-0.880036755335	-0.8134	-2.19911485751	-2.232	0	
20200424_210759.523749	-0.639384128959	-0.6264	-0.880036755335	-0.8134	-2.19911485751	-2.2321	0	
20200424_210759.532375	-0.639384128959	-0.6264	-0.880036755335	-0.8134	-2.19911485751	-2.232	0	
20200424_210759.540484	-0.639384128959	-0.6264	-0.880036755335	-0.8133	-2.19911485751	-2.2321	0	
20200424_210759.549059	-0.639384128959	-0.6264	-0.880036755335	-0.8133	-2.19911485751	-2.2321	0	
20200424_210759.558404	-0.639384128959	-0.6264	-0.880036755335	-0.8134	-2.19911485751	-2.232	0	
20200424_210759.565496	-0.639384128959	-0.6264	-0.880036755335	-0.8134	-2.19911485751	-2.2321	0	
20200424_210759.573434	-0.639384128959	-0.6264	-0.880036755335	-0.8134	-2.19911485751	-2.2321	0	
20200424_210759.582021	-0.639384128959	-0.6264	-0.880036755335	-0.8134	-2.19911485751	-2.2321	0	
20200424_210759.590284	-0.639384128959	-0.6264	-0.880036755335	-0.8134	-2.19911485751	-2.2321	0	
20200424_210759.598552	-0.639384128959	-0.6264	-0.880036755335	-0.8134	-2.19911485751	-2.2321	0	
20200424_210759.607116	-0.639384128959	-0.6264	-0.880036755335	-0.8134	-2.19911485751	-2.2321	0	
20200424_210759.617187	-0.639384128959	-0.6264	-0.880036755335	-0.8134	-2.19911485751	-2.232	0	
20200424_210759.623697	-0.639384128959	-0.6264	-0.880036755335	-0.8134	-2.19911485751	-2.2321	0	
20200424_210759.631750	-0.639384128959	-0.6264	-0.880036755335	-0.8134	-2.19911485751	-2.232	0	
20200424_210759.640266	-0.639384128959	-0.6264	-0.880036755335	-0.8134	-2.19911485751	-2.2321	0	
20200424_210759.648714	-0.639384128959	-0.6264	-0.880036755335	-0.8134	-2.19911485751	-2.2321	0	
20200424_210759.657542	-0.639384128959	-0.6264	-0.880036755335	-0.8134	-2.19911485751	-2.232	0	
20200424_210759.665577	-0.639384128959	-0.6264	-0.880036755335	-0.8134	-2.19911485751	-2.2321	0	
20200424_210759.674514	-0.639384128959	-0.6264	-0.880036755335	-0.8134	-2.19911485751	-2.2321	0	
20200424_210759.682166	-0.639384128959	-0.6264	-0.880036755335	-0.8134	-2.19911485751	-2.232	0	
20200424_210759.690588	-0.639384128959	-0.6264	-0.880036755335	-0.8134	-2.19911485751	-2.232	0	
20200424_210759.698871	-0.639384128959	-0.6264	-0.880036755335	-0.8134	-2.19911485751	-2.232	0	
20200424_210759.707366	-0.639384128959	-0.6264	-0.880036755335	-0.8134	-2.19911485751	-2.232	0	
20200424_210759.716493	-0.639384128959	-0.6264	-0.880036755335	-0.8134	-2.19911485751	-2.232	0	
20200424_210759.724413	-0.639384128959	-0.6264	-0.880036755335	-0.8134	-2.19911485751	-2.2321	0	
20200424_210759.732478	-0.639384128959	-0.6264	-0.880036755335	-0.8134	-2.19911485751	-2.232	0	
20200424_210759.740836	-0.639384128959	-0.6264	-0.880036755335	-0.8134	-2.19911485751	-2.232	0	
20200424_210759.748830	-0.639384128959	-0.6264	-0.880036755335	-0.8134	-2.19911485751	-2.2319	0	
20200424_210759.757652	-0.639384128959	-0.6264	-0.880036755335	-0.8134	-2.19911485751	-2.232	0	
20200424_210759.765050	-0.639384128959	-0.6264	-0.880036755335	-0.8133	-2.19911485751	-2.232	0	
20200424_210759.773747	-0.639384128959	-0.6264	-0.880036755335	-0.8133	-2.19911485751	-2.2321	0	
20200424_210759.781828	-0.639384128959	-0.6264	-0.880036755335	-0.8134	-2.19911485751	-2.2321	0	
20200424_210759.790275	-0.639384128959	-0.6264	-0.880036755335	-0.8134	-2.19911485751	-2.2322	0	
20200424_210759.798999	-0.639384128959	-0.6264	-0.880036755335	-0.8134	-2.19911485751	-2.2321	0	
20200424_210759.807390	-0.639384128959	-0.6264	-0.880036755335	-0.8134	-2.19911485751	-2.2321	0	
20200424_210759.815634	-0.639384128959	-0.6264	-0.880036755335	-0.8134	-2.19911485751	-2.2321	0	
20200424_210759.823647	-0.639384128959	-0.6264	-0.880036755335	-0.8134	-2.19911485751	-2.2321	0	
20200424_210759.831977	-0.639384128959	-0.6264	-0.880036755335	-0.8133	-2.19911485751	-2.2321	0	
20200424_210759.840471	-0.639384128959	-0.6264	-0.880036755335	-0.8133	-2.19911485751	-2.232	0	
20200424_210759.849681	-0.639384128959	-0.6264	-0.880036755335	-0.8133	-2.19911485751	-2.2319	0	
20200424_210759.857015	-0.639384128959	-0.6264	-0.880036755335	-0.8133	-2.19911485751	-2.2319	0	
20200424_210759.865748	-0.639384128959	-0.6264	-0.880036755335	-0.8133	-2.19911485751	-2.2319	0	
20200424_210759.874005	-0.639384128959	-0.6264	-0.880036755335	-0.8134	-2.19911485751	-2.232	0	
20200424_210759.882225	-0.639384128959	-0.6264	-0.880036755335	-0.8134	-2.19911485751	-2.2321	0	
20200424_210759.890539	-0.639384128959	-0.6264	-0.880036755335	-0.8134	-2.19911485751	-2.232	0	
20200424_210759.898791	-0.639384128959	-0.6264	-0.880036755335	-0.8134	-2.19911485751	-2.2321	0	
20200424_210759.907425	-0.639384128959	-0.6264	-0.880036755335	-0.8134	-2.19911485751	-2.2321	0	
20200424_210759.915356	-0.639384128959	-0.6264	-0.880036755335	-0.8133	-2.19911485751	-2.232	0	
20200424_210759.924152	-0.639384128959	-0.6264	-0.880036755335	-0.8133	-2.19911485751	-2.232	0	
20200424_210759.932044	-0.639384128959	-0.6264	-0.880036755335	-0.8133	-2.19911485751	-2.232	0	
20200424_210759.940431	-0.639384128959	-0.6264	-0.880036755335	-0.8133	-2.19911485751	-2.232	0	
20200424_210759.948927	-0.639384128959	-0.6264	-0.880036755335	-0.8134	-2.19911485751	-2.2321	0	
20200424_210759.957037	-0.639384128959	-0.6264	-0.880036755335	-0.8134	-2.19911485751	-2.2321	0	
20200424_210759.965338	-0.639384128959	-0.6264	-0.880036755335	-0.8134	-2.19911485751	-2.2322	0	
20200424_210759.973652	-0.639384128959	-0.6264	-0.880036755335	-0.8134	-2.19911485751	-2.2321	0	
20200424_210759.982251	-0.639384128959	-0.6264	-0.880036755335	-0.8134	-2.19911485751	-2.232	0	
20200424_210759.990428	-0.639384128959	-0.6264	-0.880036755335	-0.8134	-2.19911485751	-2.232	0	
20200424_210759.998725	-0.639384128959	-0.6264	-0.880036755335	-0.8133	-2.19911485751	-2.232	0	
20200424_210800.007225	-0.639384128959	-0.6264	-0.880036755335	-0.8133	-2.19911485751	-2.232	0	
20200424_210800.015313	-0.639384128959	-0.6264	-0.880036755335	-0.8133	-2.19911485751	-2.232	0	
20200424_210800.024034	-0.639384128959	-0.6264	-0.880036755335	-0.8134	-2.19911485751	-2.232	0	
20200424_210800.032177	-0.639384128959	-0.6264	-0.880036755335	-0.8134	-2.19911485751	-2.2319	0	
20200424_210800.040661	-0.639384128959	-0.6264	-0.880036755335	-0.8134	-2.19911485751	-2.232	0	
20200424_210800.048725	-0.639384128959	-0.6264	-0.880036755335	-0.8134	-2.19911485751	-2.2321	0	
20200424_210800.057233	-0.639384128959	-0.6264	-0.880036755335	-0.8134	-2.19911485751	-2.2321	0	
20200424_210800.065491	-0.639384128959	-0.6264	-0.880036755335	-0.8134	-2.19911485751	-2.2319	0	
20200424_210800.074255	-0.639384128959	-0.6264	-0.880036755335	-0.8134	-2.19911485751	-2.2321	0	
20200424_210800.082769	-0.639384128959	-0.6264	-0.880036755335	-0.8133	-2.19911485751	-2.232	0	
20200424_210800.090790	-0.639384128959	-0.6264	-0.880036755335	-0.8133	-2.19911485751	-2.2319	0	
20200424_210800.098450	-0.639384128959	-0.6265	-0.880036755335	-0.8134	-2.19911485751	-2.2318	0	
20200424_210800.107178	-0.639384128959	-0.6264	-0.880036755335	-0.8134	-2.19911485751	-2.232	0	
20200424_210800.115898	-0.639384128959	-0.6264	-0.880036755335	-0.8134	-2.19911485751	-2.232	0	
20200424_210800.123882	-0.639384128959	-0.6264	-0.880036755335	-0.8134	-2.19911485751	-2.232	0	
20200424_210800.133192	-0.639384128959	-0.6265	-0.880036755335	-0.8134	-2.19911485751	-2.232	0	
20200424_210800.140457	-0.639384128959	-0.6265	-0.880036755335	-0.8134	-2.19911485751	-2.2321	0	
20200424_210800.149904	-0.639384128959	-0.6265	-0.880036755335	-0.8134	-2.19911485751	-2.232	0	
20200424_210800.157884	-0.639384128959	-0.6265	-0.880036755335	-0.8133	-2.19911485751	-2.2319	0	
20200424_210800.165186	-0.639384128959	-0.6265	-0.880036755335	-0.8133	-2.19911485751	-2.232	0	
20200424_210800.173588	-0.639384128959	-0.6264	-0.880036755335	-0.8133	-2.19911485751	-2.232	0	
20200424_210800.182945	-0.639384128959	-0.6264	-0.880036755335	-0.8134	-2.19911485751	-2.232	0	
20200424_210800.191646	-0.639384128959	-0.6264	-0.880036755335	-0.8134	-2.19911485751	-2.2321	0	
20200424_210800.198709	-0.639384128959	-0.6264	-0.880036755335	-0.8134	-2.19911485751	-2.232	0	
