Time	X_Setpt	X_FB	Y_Setpt	Y_FB	Theta_Setpt	Theta_FB	Motion Status	
20200424_210720.128849	3.06161699787e-17	0.8067	0.5	1.0692	1.57079632679	0.9603	1	
20200424_210720.229534	3.06161699787e-17	0.8067	0.5	1.0692	1.57079632679	0.9603	1	
20200424_210720.329770	3.06161699787e-17	0.8067	0.5	1.0692	1.57079632679	0.9603	1	
20200424_210720.429980	3.06161699787e-17	0.8067	0.5	1.0692	1.57079632679	0.9603	1	
20200424_210720.528473	3.06161699787e-17	0.825	0.5	1.0905	1.57079632679	1.2699	1	
20200424_210720.628504	3.06161699787e-17	0.8298	0.5	1.1021	1.57079632679	1.4159	1	
20200424_210720.729469	3.06161699787e-17	0.8324	0.5	1.1107	1.57079632679	1.5284	1	
20200424_210720.829736	3.06161699787e-17	0.8332	0.5	1.1149	1.57079632679	1.5852	1	
20200424_210720.929947	3.06161699787e-17	0.8332	0.5	1.1149	1.57079632679	1.5852	1	
20200424_210721.030245	3.06161699787e-17	0.8363	0.5	1.1424	1.57079632679	1.8686	1	
20200424_210721.129597	3.06161699787e-17	0.8358	0.5	1.1502	1.57079632679	1.9456	1	
20200424_210721.229454	3.06161699787e-17	0.8329	0.5	1.1613	1.57079632679	2.1	1	
20200424_210721.329707	3.06161699787e-17	0.8329	0.5	1.1613	1.57079632679	2.1	1	
20200424_210721.429780	3.06161699787e-17	0.826	0.5	1.1783	1.57079632679	2.3173	1	
20200424_210721.529844	3.06161699787e-17	0.826	0.5	1.1783	1.57079632679	2.3173	1	
20200424_210721.628527	3.06161699787e-17	0.826	0.5	1.1783	1.57079632679	2.3173	1	
20200424_210721.728456	3.06161699787e-17	0.826	0.5	1.1783	1.57079632679	2.3173	1	
20200424_210721.828976	3.06161699787e-17	0.826	0.5	1.1783	1.57079632679	2.3173	1	
20200424_210721.929749	3.06161699787e-17	0.826	0.5	1.1783	1.57079632679	2.3173	1	
20200424_210722.030034	3.06161699787e-17	0.826	0.5	1.1783	1.57079632679	2.3173	1	
20200424_210722.129989	3.06161699787e-17	0.826	0.5	1.1783	1.57079632679	2.3173	1	
20200424_210722.228475	3.06161699787e-17	0.766	0.5	1.2206	1.57079632679	-3.0528	1	
20200424_210722.330273	3.06161699787e-17	0.766	0.5	1.2206	1.57079632679	-3.0528	1	
20200424_210722.428392	3.06161699787e-17	0.766	0.5	1.2206	1.57079632679	-3.0528	1	
20200424_210722.529474	3.06161699787e-17	0.766	0.5	1.2206	1.57079632679	-3.0528	1	
20200424_210722.628513	3.06161699787e-17	0.7227	0.5	1.2138	1.57079632679	-2.5083	1	
20200424_210722.728857	3.06161699787e-17	0.7143	0.5	1.2089	1.57079632679	-2.4122	1	
20200424_210722.829650	3.06161699787e-17	0.7054	0.5	1.2028	1.57079632679	-2.3497	1	
20200424_210722.930284	3.06161699787e-17	0.6888	0.5	1.1858	1.57079632679	-2.3187	1	
20200424_210723.028572	3.06161699787e-17	0.6757	0.5	1.1716	1.57079632679	-2.3114	1	
20200424_210723.129266	-0.639384128959	0.6633	0.880036755335	1.1553	2.19911485751	-2.2821	1	
20200424_210723.230223	-0.639384128959	0.6519	0.880036755335	1.1432	2.19911485751	-2.2859	1	
20200424_210723.330408	-0.639384128959	0.6415	0.880036755335	1.1303	2.19911485751	-2.2721	1	
20200424_210723.430675	-0.639384128959	0.6286	0.880036755335	1.1147	2.19911485751	-2.3043	1	
20200424_210723.528719	-0.639384128959	0.6238	0.880036755335	1.1044	2.19911485751	-2.4015	1	
20200424_210723.628549	-0.639384128959	0.6175	0.880036755335	1.0972	2.19911485751	-2.5398	1	
20200424_210723.729533	-0.639384128959	0.617	0.880036755335	1.0967	2.19911485751	-2.5477	1	
20200424_210723.829610	-0.639384128959	0.617	0.880036755335	1.0967	2.19911485751	-2.5477	1	
20200424_210723.929989	-0.639384128959	0.617	0.880036755335	1.0967	2.19911485751	-2.5477	1	
20200424_210724.029715	-0.639384128959	0.617	0.880036755335	1.0967	2.19911485751	-2.5477	1	
20200424_210724.130023	-0.639384128959	0.5726	0.880036755335	1.0688	2.19911485751	-3.0086	1	
20200424_210724.228541	-0.639384128959	0.5704	0.880036755335	1.068	2.19911485751	-3.0302	1	
20200424_210724.329389	-0.639384128959	0.5462	0.880036755335	1.0627	2.19911485751	-3.113	1	
20200424_210724.429342	-0.639384128959	0.5238	0.880036755335	1.0626	2.19911485751	-3.1414	1	
20200424_210724.528495	-0.639384128959	0.5072	0.880036755335	1.0619	2.19911485751	-3.1336	1	
20200424_210724.628552	-0.639384128959	0.4888	0.880036755335	1.061	2.19911485751	-3.1243	1	
20200424_210724.731706	-0.639384128959	0.47	0.880036755335	1.0617	2.19911485751	-3.1282	1	
20200424_210724.830300	-0.639384128959	0.4514	0.880036755335	1.0597	2.19911485751	-3.0833	1	
20200424_210724.929465	-0.639384128959	0.4452	0.880036755335	1.059	2.19911485751	-3.0918	1	
20200424_210725.030358	-0.639384128959	0.4153	0.880036755335	1.0572	2.19911485751	-3.065	1	
20200424_210725.128515	-0.639384128959	0.3995	0.880036755335	1.0552	2.19911485751	-3.0479	1	
20200424_210725.229719	-0.639384128959	0.3781	0.880036755335	1.0529	2.19911485751	-3.0082	1	
20200424_210725.329644	-0.639384128959	0.3649	0.880036755335	1.0502	2.19911485751	-3.0169	1	
20200424_210725.429979	-0.639384128959	0.3408	0.880036755335	1.0461	2.19911485751	-3.0037	1	
20200424_210725.530387	-0.639384128959	0.323	0.880036755335	1.0442	2.19911485751	-3.0024	1	
20200424_210725.628310	-0.639384128959	0.3148	0.880036755335	1.0413	2.19911485751	-2.9925	1	
20200424_210725.730172	-0.639384128959	0.2799	0.880036755335	1.0354	2.19911485751	-3.0108	1	
20200424_210725.830049	-0.639384128959	0.2615	0.880036755335	1.0325	2.19911485751	-2.9976	1	
20200424_210725.929717	-0.639384128959	0.2431	0.880036755335	1.0285	2.19911485751	-2.9951	1	
20200424_210726.028662	-0.639384128959	0.2211	0.880036755335	1.0258	2.19911485751	-2.9951	1	
20200424_210726.129286	-1.38003675534	0.2007	0.448401123334	1.0214	2.82743338823	-2.9855	1	
20200424_210726.229768	-1.38003675534	0.1866	0.448401123334	1.0176	2.82743338823	-2.9783	1	
20200424_210726.329778	-1.38003675534	0.1675	0.448401123334	1.0155	2.82743338823	-2.9314	1	
20200424_210726.429918	-1.38003675534	0.1524	0.448401123334	1.0118	2.82743338823	-2.9144	1	
20200424_210726.530301	-1.38003675534	0.1333	0.448401123334	1.01	2.82743338823	-2.9001	1	
20200424_210726.628492	-1.38003675534	0.114	0.448401123334	1.0038	2.82743338823	-2.8778	1	
20200424_210726.730160	-1.38003675534	0.0966	0.448401123334	0.9988	2.82743338823	-2.8295	1	
20200424_210726.829669	-1.38003675534	0.0787	0.448401123334	0.9939	2.82743338823	-2.7678	1	
20200424_210726.930092	-1.38003675534	0.0598	0.448401123334	0.9871	2.82743338823	-2.7677	1	
20200424_210727.029747	-1.38003675534	0.0404	0.448401123334	0.9792	2.82743338823	-2.8029	1	
20200424_210727.130480	-1.38003675534	0.0339	0.448401123334	0.9755	2.82743338823	-2.8738	1	
20200424_210727.229519	-1.38003675534	0.0048	0.448401123334	0.9644	2.82743338823	-2.787	1	
20200424_210727.329967	-1.38003675534	-0.0108	0.448401123334	0.9572	2.82743338823	-2.8259	1	
20200424_210727.429547	-1.38003675534	-0.0305	0.448401123334	0.952	2.82743338823	-2.8076	1	
20200424_210727.528334	-1.38003675534	-0.0493	0.448401123334	0.9432	2.82743338823	-2.7865	1	
20200424_210727.628517	-1.38003675534	-0.0694	0.448401123334	0.9361	2.82743338823	-2.7723	1	
20200424_210727.729983	-1.38003675534	-0.085	0.448401123334	0.9305	2.82743338823	-2.7719	1	
20200424_210727.830334	-1.38003675534	-0.1063	0.448401123334	0.9235	2.82743338823	-2.7367	1	
20200424_210727.930252	-1.38003675534	-0.1223	0.448401123334	0.9141	2.82743338823	-2.7632	1	
20200424_210728.029512	-1.38003675534	-0.1401	0.448401123334	0.9069	2.82743338823	-2.78	1	
20200424_210728.130329	-1.38003675534	-0.1585	0.448401123334	0.8987	2.82743338823	-2.7793	1	
20200424_210728.229768	-1.38003675534	-0.1744	0.448401123334	0.8917	2.82743338823	-2.7819	1	
20200424_210728.329979	-1.38003675534	-0.1957	0.448401123334	0.8853	2.82743338823	-2.7547	1	
20200424_210728.429582	-1.38003675534	-0.2129	0.448401123334	0.8768	2.82743338823	-2.7655	1	
20200424_210728.528822	-1.38003675534	-0.2291	0.448401123334	0.8693	2.82743338823	-2.785	1	
20200424_210728.628456	-1.38003675534	-0.2491	0.448401123334	0.8607	2.82743338823	-2.785	1	
20200424_210728.729800	-1.38003675534	-0.2659	0.448401123334	0.8533	2.82743338823	-2.7871	1	
20200424_210728.830021	-1.38003675534	-0.2833	0.448401123334	0.8471	2.82743338823	-2.7862	1	
20200424_210728.930049	-1.38003675534	-0.3019	0.448401123334	0.8383	2.82743338823	-2.7883	1	
20200424_210729.029746	-1.38003675534	-0.3195	0.448401123334	0.8314	2.82743338823	-2.7815	1	
20200424_210729.128803	-1.38003675534	-0.3389	-0.448401123334	0.8241	-2.82743338823	-2.7822	1	
20200424_210729.229559	-1.38003675534	-0.3545	-0.448401123334	0.8189	-2.82743338823	-2.712	1	
20200424_210729.329762	-1.38003675534	-0.364	-0.448401123334	0.8166	-2.82743338823	-2.6194	1	
20200424_210729.429778	-1.38003675534	-0.3759	-0.448401123334	0.811	-2.82743338823	-2.5151	1	
20200424_210729.530113	-1.38003675534	-0.3856	-0.448401123334	0.8042	-2.82743338823	-2.4403	1	
20200424_210729.629164	-1.38003675534	-0.399	-0.448401123334	0.7944	-2.82743338823	-2.3578	1	
20200424_210729.729707	-1.38003675534	-0.4085	-0.448401123334	0.7839	-2.82743338823	-2.3264	1	
20200424_210729.829622	-1.38003675534	-0.4216	-0.448401123334	0.7716	-2.82743338823	-2.279	1	
20200424_210729.930144	-1.38003675534	-0.4342	-0.448401123334	0.7557	-2.82743338823	-2.2653	1	
20200424_210730.030097	-1.38003675534	-0.4458	-0.448401123334	0.7416	-2.82743338823	-2.2595	1	
20200424_210730.130117	-1.38003675534	-0.4575	-0.448401123334	0.7261	-2.82743338823	-2.2527	1	
20200424_210730.229842	-1.38003675534	-0.471	-0.448401123334	0.7104	-2.82743338823	-2.2432	1	
20200424_210730.330016	-1.38003675534	-0.4818	-0.448401123334	0.6948	-2.82743338823	-2.244	1	
20200424_210730.428374	-1.38003675534	-0.4943	-0.448401123334	0.6781	-2.82743338823	-2.2365	1	
20200424_210730.529421	-1.38003675534	-0.5069	-0.448401123334	0.663	-2.82743338823	-2.2256	1	
20200424_210730.628632	-1.38003675534	-0.5205	-0.448401123334	0.6437	-2.82743338823	-2.2295	1	
20200424_210730.730366	-1.38003675534	-0.5313	-0.448401123334	0.6287	-2.82743338823	-2.2341	1	
20200424_210730.829500	-1.38003675534	-0.5423	-0.448401123334	0.6139	-2.82743338823	-2.233	1	
20200424_210730.930340	-1.38003675534	-0.5542	-0.448401123334	0.5982	-2.82743338823	-2.2333	1	
20200424_210731.029591	-1.38003675534	-0.566	-0.448401123334	0.5832	-2.82743338823	-2.2265	1	
20200424_210731.128484	-1.38003675534	-0.5786	-0.448401123334	0.5668	-2.82743338823	-2.226	1	
20200424_210731.230053	-1.38003675534	-0.5881	-0.448401123334	0.5524	-2.82743338823	-2.2242	1	
20200424_210731.328448	-1.38003675534	-0.6005	-0.448401123334	0.5366	-2.82743338823	-2.2237	1	
20200424_210731.429549	-1.38003675534	-0.6132	-0.448401123334	0.5189	-2.82743338823	-2.221	1	
20200424_210731.529758	-1.38003675534	-0.6247	-0.448401123334	0.503	-2.82743338823	-2.2229	1	
20200424_210731.628735	-1.38003675534	-0.6351	-0.448401123334	0.4873	-2.82743338823	-2.221	1	
20200424_210731.730093	-1.38003675534	-0.6464	-0.448401123334	0.4718	-2.82743338823	-2.2252	1	
20200424_210731.829842	-1.38003675534	-0.6573	-0.448401123334	0.4576	-2.82743338823	-2.2283	1	
20200424_210731.929189	-1.38003675534	-0.6697	-0.448401123334	0.44	-2.82743338823	-2.229	1	
20200424_210732.029766	-1.38003675534	-0.6827	-0.448401123334	0.4241	-2.82743338823	-2.2099	1	
20200424_210732.130027	-0.639384128959	-0.6932	-0.880036755335	0.4098	-2.19911485751	-2.2064	1	
20200424_210732.230008	-0.639384128959	-0.703	-0.880036755335	0.398	-2.19911485751	-2.1417	1	
20200424_210732.328522	-0.639384128959	-0.7094	-0.880036755335	0.3897	-2.19911485751	-2.0366	1	
20200424_210732.429955	-0.639384128959	-0.7156	-0.880036755335	0.381	-2.19911485751	-1.9217	1	
20200424_210732.528385	-0.639384128959	-0.721	-0.880036755335	0.3731	-2.19911485751	-1.7951	1	
20200424_210732.628487	-0.639384128959	-0.726	-0.880036755335	0.3601	-2.19911485751	-1.6923	1	
20200424_210732.730018	-0.639384128959	-0.7282	-0.880036755335	0.3471	-2.19911485751	-1.6299	1	
20200424_210732.829683	-0.639384128959	-0.729	-0.880036755335	0.3305	-2.19911485751	-1.595	1	
20200424_210732.928592	-0.639384128959	-0.7287	-0.880036755335	0.3148	-2.19911485751	-1.5778	1	
20200424_210733.029574	-0.639384128959	-0.7293	-0.880036755335	0.2952	-2.19911485751	-1.5516	1	
20200424_210733.129776	-0.639384128959	-0.7285	-0.880036755335	0.2744	-2.19911485751	-1.5532	1	
20200424_210733.230111	-0.639384128959	-0.7269	-0.880036755335	0.2555	-2.19911485751	-1.5509	1	
20200424_210733.329972	-0.639384128959	-0.7257	-0.880036755335	0.2351	-2.19911485751	-1.5533	1	
20200424_210733.430087	-0.639384128959	-0.7255	-0.880036755335	0.2152	-2.19911485751	-1.5447	1	
20200424_210733.529587	-0.639384128959	-0.7243	-0.880036755335	0.1963	-2.19911485751	-1.5545	1	
20200424_210733.628516	-0.639384128959	-0.7235	-0.880036755335	0.178	-2.19911485751	-1.5438	1	
20200424_210733.729800	-0.639384128959	-0.7225	-0.880036755335	0.1593	-2.19911485751	-1.5469	1	
20200424_210733.829842	-0.639384128959	-0.7209	-0.880036755335	0.1393	-2.19911485751	-1.5385	1	
20200424_210733.929833	-0.639384128959	-0.7207	-0.880036755335	0.1206	-2.19911485751	-1.5347	1	
20200424_210734.030157	-0.639384128959	-0.7187	-0.880036755335	0.1008	-2.19911485751	-1.5305	1	
20200424_210734.128941	-0.639384128959	-0.7163	-0.880036755335	0.081	-2.19911485751	-1.5287	1	
20200424_210734.229483	-0.639384128959	-0.7156	-0.880036755335	0.0608	-2.19911485751	-1.5283	1	
20200424_210734.329668	-0.639384128959	-0.7139	-0.880036755335	0.041	-2.19911485751	-1.5176	1	
20200424_210734.430296	-0.639384128959	-0.712	-0.880036755335	0.0204	-2.19911485751	-1.5191	1	
20200424_210734.530284	-0.639384128959	-0.7107	-0.880036755335	0.0011	-2.19911485751	-1.5114	1	
20200424_210734.628484	-0.639384128959	-0.7094	-0.880036755335	-0.0188	-2.19911485751	-1.4963	1	
20200424_210734.730395	-0.639384128959	-0.7078	-0.880036755335	-0.036	-2.19911485751	-1.4922	1	
20200424_210734.830055	-0.639384128959	-0.7061	-0.880036755335	-0.0541	-2.19911485751	-1.4712	1	
20200424_210734.928521	-0.639384128959	-0.7045	-0.880036755335	-0.0714	-2.19911485751	-1.4674	1	
20200424_210735.029920	-0.639384128959	-0.7015	-0.880036755335	-0.0911	-2.19911485751	-1.4605	1	
20200424_210735.130043	-9.18485099361e-17	-0.6986	-0.5	-0.1109	-1.57079632679	-1.4566	1	
20200424_210735.230119	-9.18485099361e-17	-0.6976	-0.5	-0.1276	-1.57079632679	-1.3878	1	
20200424_210735.330181	-9.18485099361e-17	-0.6978	-0.5	-0.1383	-1.57079632679	-1.2725	1	
20200424_210735.428991	-9.18485099361e-17	-0.6966	-0.5	-0.1495	-1.57079632679	-1.1531	1	
20200424_210735.530527	-9.18485099361e-17	-0.6936	-0.5	-0.1591	-1.57079632679	-1.0403	1	
20200424_210735.628458	-9.18485099361e-17	-0.6904	-0.5	-0.1691	-1.57079632679	-0.9103	1	
20200424_210735.728428	-9.18485099361e-17	-0.6847	-0.5	-0.1789	-1.57079632679	-0.7938	1	
20200424_210735.829668	-9.18485099361e-17	-0.6806	-0.5	-0.1857	-1.57079632679	-0.7044	1	
20200424_210735.929734	-9.18485099361e-17	-0.6719	-0.5	-0.1952	-1.57079632679	-0.6125	1	
20200424_210736.030119	-9.18485099361e-17	-0.6625	-0.5	-0.2038	-1.57079632679	-0.5468	1	
20200424_210736.130298	-9.18485099361e-17	-0.6482	-0.5	-0.2116	-1.57079632679	-0.5014	1	
20200424_210736.228561	-9.18485099361e-17	-0.6326	-0.5	-0.2206	-1.57079632679	-0.4674	1	
20200424_210736.328381	-9.18485099361e-17	-0.6158	-0.5	-0.2286	-1.57079632679	-0.4609	1	
20200424_210736.430341	-9.18485099361e-17	-0.5983	-0.5	-0.2369	-1.57079632679	-0.4573	1	
20200424_210736.530627	-9.18485099361e-17	-0.5822	-0.5	-0.2442	-1.57079632679	-0.4589	1	
20200424_210736.628883	-9.18485099361e-17	-0.5624	-0.5	-0.2529	-1.57079632679	-0.4576	1	
20200424_210736.728510	-9.18485099361e-17	-0.5441	-0.5	-0.2613	-1.57079632679	-0.4565	1	
20200424_210736.828987	-9.18485099361e-17	-0.5258	-0.5	-0.2691	-1.57079632679	-0.455	1	
20200424_210736.930577	-9.18485099361e-17	-0.507	-0.5	-0.2769	-1.57079632679	-0.4553	1	
20200424_210737.029416	-9.18485099361e-17	-0.4887	-0.5	-0.2854	-1.57079632679	-0.4502	1	
20200424_210737.129197	-9.18485099361e-17	-0.472	-0.5	-0.2931	-1.57079632679	-0.4371	1	
20200424_210737.230134	-9.18485099361e-17	-0.4549	-0.5	-0.3006	-1.57079632679	-0.4365	1	
20200424_210737.330801	-9.18485099361e-17	-0.4362	-0.5	-0.3076	-1.57079632679	-0.4343	1	
20200424_210737.429853	-9.18485099361e-17	-0.4157	-0.5	-0.3164	-1.57079632679	-0.4258	1	
20200424_210737.530393	-9.18485099361e-17	-0.3997	-0.5	-0.3233	-1.57079632679	-0.4186	1	
20200424_210737.628867	-9.18485099361e-17	-0.3795	-0.5	-0.3321	-1.57079632679	-0.4163	1	
20200424_210737.730006	-9.18485099361e-17	-0.3636	-0.5	-0.3383	-1.57079632679	-0.4202	1	
20200424_210737.830132	-9.18485099361e-17	-0.3455	-0.5	-0.3459	-1.57079632679	-0.4183	1	
20200424_210737.928706	-9.18485099361e-17	-0.3282	-0.5	-0.354	-1.57079632679	-0.4169	1	
20200424_210738.028526	-9.18485099361e-17	-0.31	-0.5	-0.3604	-1.57079632679	-0.4176	1	
20200424_210738.129797	0.639384128959	-0.2924	-0.880036755335	-0.3669	-0.942477796077	-0.4263	1	
20200424_210738.230068	0.639384128959	-0.2748	-0.880036755335	-0.374	-0.942477796077	-0.4296	1	
20200424_210738.330090	0.639384128959	-0.2554	-0.880036755335	-0.3826	-0.942477796077	-0.4317	1	
20200424_210738.430151	0.639384128959	-0.2368	-0.880036755335	-0.3908	-0.942477796077	-0.4271	1	
20200424_210738.529882	0.639384128959	-0.2208	-0.880036755335	-0.3977	-0.942477796077	-0.4268	1	
20200424_210738.628894	0.639384128959	-0.2019	-0.880036755335	-0.4059	-0.942477796077	-0.4305	1	
20200424_210738.728896	0.639384128959	-0.1838	-0.880036755335	-0.4133	-0.942477796077	-0.4248	1	
20200424_210738.829976	0.639384128959	-0.164	-0.880036755335	-0.4214	-0.942477796077	-0.4307	1	
20200424_210738.930669	0.639384128959	-0.1478	-0.880036755335	-0.4288	-0.942477796077	-0.4306	1	
20200424_210739.028443	0.639384128959	-0.1288	-0.880036755335	-0.4364	-0.942477796077	-0.4374	1	
20200424_210739.130311	0.639384128959	-0.1123	-0.880036755335	-0.4424	-0.942477796077	-0.447	1	
20200424_210739.229423	0.639384128959	-0.0957	-0.880036755335	-0.451	-0.942477796077	-0.4388	1	
20200424_210739.329666	0.639384128959	-0.0766	-0.880036755335	-0.4578	-0.942477796077	-0.4372	1	
20200424_210739.429513	0.639384128959	-0.0583	-0.880036755335	-0.466	-0.942477796077	-0.4335	1	
20200424_210739.529846	0.639384128959	-0.0422	-0.880036755335	-0.4721	-0.942477796077	-0.4448	1	
20200424_210739.628699	0.639384128959	-0.024	-0.880036755335	-0.4815	-0.942477796077	-0.4442	1	
20200424_210739.729634	0.639384128959	-0.0083	-0.880036755335	-0.4884	-0.942477796077	-0.4581	1	
20200424_210739.829585	0.639384128959	0.0085	-0.880036755335	-0.4957	-0.942477796077	-0.4605	1	
20200424_210739.929935	0.639384128959	0.0278	-0.880036755335	-0.5048	-0.942477796077	-0.4784	1	
20200424_210740.030035	0.639384128959	0.0441	-0.880036755335	-0.512	-0.942477796077	-0.4727	1	
20200424_210740.129623	0.639384128959	0.0591	-0.880036755335	-0.5199	-0.942477796077	-0.4778	1	
20200424_210740.229066	0.639384128959	0.0791	-0.880036755335	-0.5291	-0.942477796077	-0.4652	1	
20200424_210740.330162	0.639384128959	0.096	-0.880036755335	-0.536	-0.942477796077	-0.4581	1	
20200424_210740.430072	0.639384128959	0.1133	-0.880036755335	-0.5439	-0.942477796077	-0.4637	1	
20200424_210740.528476	0.639384128959	0.1293	-0.880036755335	-0.552	-0.942477796077	-0.4848	1	
20200424_210740.628548	0.639384128959	0.1468	-0.880036755335	-0.5604	-0.942477796077	-0.4975	1	
20200424_210740.730327	0.639384128959	0.1628	-0.880036755335	-0.5684	-0.942477796077	-0.4946	1	
20200424_210740.829355	0.639384128959	0.1782	-0.880036755335	-0.5758	-0.942477796077	-0.4902	1	
20200424_210740.929904	0.639384128959	0.1958	-0.880036755335	-0.5845	-0.942477796077	-0.4931	1	
20200424_210741.029972	0.639384128959	0.2134	-0.880036755335	-0.5936	-0.942477796077	-0.5077	1	
20200424_210741.130156	1.38003675534	0.2271	-0.448401123334	-0.601	-0.314159265359	-0.5041	1	
20200424_210741.230035	1.38003675534	0.2414	-0.448401123334	-0.6088	-0.314159265359	-0.4323	1	
20200424_210741.330236	1.38003675534	0.2497	-0.448401123334	-0.6148	-0.314159265359	-0.3153	1	
20200424_210741.430219	1.38003675534	0.2598	-0.448401123334	-0.6207	-0.314159265359	-0.2129	1	
20200424_210741.529895	1.38003675534	0.2701	-0.448401123334	-0.6237	-0.314159265359	-0.1041	1	
20200424_210741.628473	1.38003675534	0.2812	-0.448401123334	-0.6262	-0.314159265359	-0.0326	1	
20200424_210741.729474	1.38003675534	0.2973	-0.448401123334	-0.627	-0.314159265359	0.0381	1	
20200424_210741.830065	1.38003675534	0.3127	-0.448401123334	-0.6259	-0.314159265359	0.0659	1	
20200424_210741.929593	1.38003675534	0.33	-0.448401123334	-0.6252	-0.314159265359	0.1029	1	
20200424_210742.030246	1.38003675534	0.3501	-0.448401123334	-0.6227	-0.314159265359	0.1078	1	
20200424_210742.128668	1.38003675534	0.3695	-0.448401123334	-0.6196	-0.314159265359	0.1142	1	
20200424_210742.228248	1.38003675534	0.3902	-0.448401123334	-0.6158	-0.314159265359	0.1156	1	
20200424_210742.329768	1.38003675534	0.4075	-0.448401123334	-0.6133	-0.314159265359	0.1141	1	
20200424_210742.429890	1.38003675534	0.4271	-0.448401123334	-0.61	-0.314159265359	0.1134	1	
20200424_210742.530119	1.38003675534	0.4473	-0.448401123334	-0.6064	-0.314159265359	0.107	1	
20200424_210742.628732	1.38003675534	0.4687	-0.448401123334	-0.6025	-0.314159265359	0.1112	1	
20200424_210742.729204	1.38003675534	0.4891	-0.448401123334	-0.5992	-0.314159265359	0.1123	1	
20200424_210742.830077	1.38003675534	0.5072	-0.448401123334	-0.5961	-0.314159265359	0.1265	1	
20200424_210742.928360	1.38003675534	0.5267	-0.448401123334	-0.5922	-0.314159265359	0.1077	1	
20200424_210743.030068	1.38003675534	0.5455	-0.448401123334	-0.5896	-0.314159265359	0.1242	1	
20200424_210743.130100	1.38003675534	0.5671	-0.448401123334	-0.5856	-0.314159265359	0.1138	1	
20200424_210743.228403	1.38003675534	0.5849	-0.448401123334	-0.5823	-0.314159265359	0.1262	1	
20200424_210743.329552	1.38003675534	0.6052	-0.448401123334	-0.5798	-0.314159265359	0.1174	1	
20200424_210743.429371	1.38003675534	0.6211	-0.448401123334	-0.5775	-0.314159265359	0.1309	1	
20200424_210743.530335	1.38003675534	0.6399	-0.448401123334	-0.5736	-0.314159265359	0.1195	1	
20200424_210743.628497	1.38003675534	0.6604	-0.448401123334	-0.5696	-0.314159265359	0.1234	1	
20200424_210743.729609	1.38003675534	0.6799	-0.448401123334	-0.5668	-0.314159265359	0.1237	1	
20200424_210743.830124	1.38003675534	0.6986	-0.448401123334	-0.5627	-0.314159265359	0.1203	1	
20200424_210743.929969	1.38003675534	0.7172	-0.448401123334	-0.5577	-0.314159265359	0.126	1	
20200424_210744.030091	1.38003675534	0.7407	-0.448401123334	-0.555	-0.314159265359	0.1189	1	
20200424_210744.129374	1.38003675534	0.7562	0.448401123334	-0.552	0.314159265359	0.1542	1	
20200424_210744.230002	1.38003675534	0.7696	0.448401123334	-0.5509	0.314159265359	0.239	1	
20200424_210744.328490	1.38003675534	0.7809	0.448401123334	-0.5497	0.314159265359	0.358	1	
20200424_210744.429980	1.38003675534	0.7887	0.448401123334	-0.5469	0.314159265359	0.4273	1	
20200424_210744.529990	1.38003675534	0.7982	0.448401123334	-0.5445	0.314159265359	0.5792	1	
20200424_210744.628554	1.38003675534	0.808	0.448401123334	-0.54	0.314159265359	0.6916	1	
20200424_210744.730018	1.38003675534	0.8154	0.448401123334	-0.5355	0.314159265359	0.7814	1	
20200424_210744.830292	1.38003675534	0.8249	0.448401123334	-0.5284	0.314159265359	0.8597	1	
20200424_210744.930353	1.38003675534	0.8356	0.448401123334	-0.5177	0.314159265359	0.9265	1	
20200424_210745.028531	1.38003675534	0.8454	0.448401123334	-0.5033	0.314159265359	0.9647	1	
20200424_210745.129830	1.38003675534	0.8534	0.448401123334	-0.4926	0.314159265359	0.9974	1	
20200424_210745.229843	1.38003675534	0.8628	0.448401123334	-0.4781	0.314159265359	1.0098	1	
20200424_210745.329902	1.38003675534	0.8738	0.448401123334	-0.4596	0.314159265359	1.0093	1	
20200424_210745.430028	1.38003675534	0.8826	0.448401123334	-0.4442	0.314159265359	1.0373	1	
20200424_210745.529933	1.38003675534	0.8931	0.448401123334	-0.4286	0.314159265359	1.0176	1	
20200424_210745.628606	1.38003675534	0.9024	0.448401123334	-0.4123	0.314159265359	1.0146	1	
20200424_210745.730383	1.38003675534	0.9125	0.448401123334	-0.3941	0.314159265359	1.0258	1	
20200424_210745.829967	1.38003675534	0.9224	0.448401123334	-0.3771	0.314159265359	1.0247	1	
20200424_210745.930220	1.38003675534	0.9323	0.448401123334	-0.3609	0.314159265359	1.0144	1	
20200424_210746.029476	1.38003675534	0.9422	0.448401123334	-0.345	0.314159265359	1.0279	1	
20200424_210746.129132	1.38003675534	0.9515	0.448401123334	-0.3285	0.314159265359	1.0312	1	
20200424_210746.229444	1.38003675534	0.9604	0.448401123334	-0.3115	0.314159265359	1.0422	1	
20200424_210746.329705	1.38003675534	0.9705	0.448401123334	-0.2944	0.314159265359	1.0389	1	
20200424_210746.429789	1.38003675534	0.9794	0.448401123334	-0.2772	0.314159265359	1.0352	1	
20200424_210746.530110	1.38003675534	0.9892	0.448401123334	-0.2594	0.314159265359	1.043	1	
20200424_210746.628918	1.38003675534	0.9987	0.448401123334	-0.2415	0.314159265359	1.0478	1	
20200424_210746.728740	1.38003675534	1.008	0.448401123334	-0.225	0.314159265359	1.046	1	
20200424_210746.829859	1.38003675534	1.0156	0.448401123334	-0.2096	0.314159265359	1.0596	1	
20200424_210746.929593	1.38003675534	1.0253	0.448401123334	-0.1921	0.314159265359	1.0375	1	
20200424_210747.029730	1.38003675534	1.0339	0.448401123334	-0.176	0.314159265359	1.0584	1	
20200424_210747.129106	0.639384128959	1.0441	0.880036755335	-0.1593	0.942477796077	1.0717	1	
20200424_210747.229988	0.639384128959	1.0516	0.880036755335	-0.1464	0.942477796077	1.1443	1	
20200424_210747.329434	0.639384128959	1.0568	0.880036755335	-0.137	0.942477796077	1.2771	1	
20200424_210747.429290	0.639384128959	1.0608	0.880036755335	-0.1293	0.942477796077	1.37	1	
20200424_210747.529711	0.639384128959	1.0652	0.880036755335	-0.1189	0.942477796077	1.4887	1	
20200424_210747.628606	0.639384128959	1.0675	0.880036755335	-0.1097	0.942477796077	1.6104	1	
20200424_210747.730143	0.639384128959	1.0683	0.880036755335	-0.0998	0.942477796077	1.7226	1	
20200424_210747.828941	0.639384128959	1.0673	0.880036755335	-0.0868	0.942477796077	1.8077	1	
20200424_210747.929530	0.639384128959	1.0654	0.880036755335	-0.0737	0.942477796077	1.8712	1	
20200424_210748.029222	0.639384128959	1.0602	0.880036755335	-0.0562	0.942477796077	1.9269	1	
20200424_210748.129454	0.639384128959	1.0552	0.880036755335	-0.042	0.942477796077	1.944	1	
20200424_210748.228980	0.639384128959	1.0465	0.880036755335	-0.0244	0.942477796077	1.9518	1	
20200424_210748.330007	0.639384128959	1.0383	0.880036755335	-0.0081	0.942477796077	1.9514	1	
20200424_210748.429599	0.639384128959	1.031	0.880036755335	0.0089	0.942477796077	1.9513	1	
20200424_210748.529896	0.639384128959	1.0236	0.880036755335	0.025	0.942477796077	1.9563	1	
20200424_210748.628600	0.639384128959	1.0149	0.880036755335	0.0457	0.942477796077	1.9621	1	
20200424_210748.730687	0.639384128959	1.0083	0.880036755335	0.0624	0.942477796077	1.9601	1	
20200424_210748.829380	0.639384128959	1.0	0.880036755335	0.0796	0.942477796077	1.9698	1	
20200424_210748.929217	0.639384128959	0.9919	0.880036755335	0.0966	0.942477796077	1.9714	1	
20200424_210749.030102	0.639384128959	0.9838	0.880036755335	0.1156	0.942477796077	1.9657	1	
20200424_210749.129753	0.639384128959	0.9755	0.880036755335	0.1341	0.942477796077	1.9631	1	
20200424_210749.230311	0.639384128959	0.9683	0.880036755335	0.1494	0.942477796077	1.9607	1	
20200424_210749.330095	0.639384128959	0.9598	0.880036755335	0.1686	0.942477796077	1.9687	1	
20200424_210749.429544	0.639384128959	0.9517	0.880036755335	0.1852	0.942477796077	1.9663	1	
20200424_210749.529547	0.639384128959	0.9436	0.880036755335	0.2029	0.942477796077	1.9726	1	
20200424_210749.628535	0.639384128959	0.9352	0.880036755335	0.2214	0.942477796077	1.968	1	
20200424_210749.728686	0.639384128959	0.9275	0.880036755335	0.2385	0.942477796077	1.9701	1	
20200424_210749.829716	0.639384128959	0.9193	0.880036755335	0.2559	0.942477796077	1.9676	1	
20200424_210749.930230	0.639384128959	0.9116	0.880036755335	0.2733	0.942477796077	1.9609	1	
20200424_210750.029649	0.639384128959	0.9026	0.880036755335	0.2911	0.942477796077	1.9503	1	
20200424_210750.129361	0.639384128959	0.8964	0.880036755335	0.3062	0.942477796077	1.9594	1	
20200424_210750.229437	0.639384128959	0.8879	0.880036755335	0.3263	0.942477796077	1.9537	1	
20200424_210750.329832	0.639384128959	0.8805	0.880036755335	0.3431	0.942477796077	1.9525	1	
20200424_210750.429122	0.639384128959	0.872	0.880036755335	0.3616	0.942477796077	1.9546	1	
20200424_210750.529819	0.639384128959	0.8642	0.880036755335	0.3775	0.942477796077	1.9651	1	
20200424_210750.628435	0.639384128959	0.8561	0.880036755335	0.3954	0.942477796077	1.951	1	
20200424_210750.729765	0.639384128959	0.8474	0.880036755335	0.4141	0.942477796077	1.9593	1	
20200424_210750.829387	0.639384128959	0.8404	0.880036755335	0.4323	0.942477796077	1.9484	1	
20200424_210750.928650	0.639384128959	0.8321	0.880036755335	0.45	0.942477796077	1.9471	1	
20200424_210751.029486	0.639384128959	0.8246	0.880036755335	0.4666	0.942477796077	1.9503	1	
20200424_210751.130002	0.639384128959	0.8171	0.880036755335	0.4838	0.942477796077	1.9409	1	
20200424_210751.230069	0.639384128959	0.8086	0.880036755335	0.5021	0.942477796077	1.9406	1	
20200424_210751.329488	0.639384128959	0.802	0.880036755335	0.5212	0.942477796077	1.9234	1	
20200424_210751.429900	0.639384128959	0.7942	0.880036755335	0.5381	0.942477796077	1.948	1	
20200424_210751.529751	0.639384128959	0.7863	0.880036755335	0.557	0.942477796077	1.9321	1	
20200424_210751.628532	0.639384128959	0.7793	0.880036755335	0.5739	0.942477796077	1.9507	1	
20200424_210751.729019	0.639384128959	0.7719	0.880036755335	0.5919	0.942477796077	1.9345	1	
20200424_210751.829969	0.639384128959	0.7651	0.880036755335	0.6107	0.942477796077	1.9366	1	
20200424_210751.930329	0.639384128959	0.7576	0.880036755335	0.6278	0.942477796077	1.9361	1	
20200424_210752.028485	0.639384128959	0.7505	0.880036755335	0.645	0.942477796077	1.9307	1	
20200424_210752.130088	0.639384128959	0.743	0.880036755335	0.663	0.942477796077	1.9298	1	
20200424_210752.229150	0.639384128959	0.7354	0.880036755335	0.6821	0.942477796077	1.938	1	
20200424_210752.329908	0.639384128959	0.7283	0.880036755335	0.6996	0.942477796077	1.9325	1	
20200424_210752.430254	0.639384128959	0.7196	0.880036755335	0.7179	0.942477796077	1.9608	1	
20200424_210752.529358	0.639384128959	0.7126	0.880036755335	0.736	0.942477796077	1.9505	1	
20200424_210752.628572	0.639384128959	0.7047	0.880036755335	0.7518	0.942477796077	1.9798	1	
20200424_210752.730323	0.639384128959	0.699	0.880036755335	0.7657	0.942477796077	1.9881	1	
20200424_210752.828935	0.639384128959	0.6962	0.880036755335	0.7711	0.942477796077	2.0083	1	
20200424_210752.929719	0.639384128959	0.6859	0.880036755335	0.7913	0.942477796077	2.0166	1	
20200424_210753.029206	0.639384128959	0.681	0.880036755335	0.8034	0.942477796077	2.0082	1	
20200424_210753.130056	0.639384128959	0.6752	0.880036755335	0.8109	0.942477796077	2.0153	1	
20200424_210753.229562	0.639384128959	0.6718	0.880036755335	0.8207	0.942477796077	2.0091	1	
20200424_210753.330096	0.639384128959	0.6694	0.880036755335	0.8235	0.942477796077	1.9611	1	
20200424_210753.429898	0.639384128959	0.6671	0.880036755335	0.8244	0.942477796077	1.8889	1	
20200424_210753.529428	0.639384128959	0.6664	0.880036755335	0.8245	0.942477796077	1.829	1	
20200424_210753.628506	0.639384128959	0.6642	0.880036755335	0.8235	0.942477796077	1.7638	1	
20200424_210753.728852	0.639384128959	0.6634	0.880036755335	0.8217	0.942477796077	1.68	1	
20200424_210753.830083	0.639384128959	0.6613	0.880036755335	0.8214	0.942477796077	1.5836	1	
20200424_210753.930299	0.639384128959	0.6601	0.880036755335	0.8219	0.942477796077	1.5365	1	
20200424_210754.029612	0.639384128959	0.6581	0.880036755335	0.822	0.942477796077	1.5033	1	
20200424_210754.129766	0.639384128959	0.6576	0.880036755335	0.8214	0.942477796077	1.3806	1	
20200424_210754.229877	0.639384128959	0.656	0.880036755335	0.8218	0.942477796077	1.3525	1	
20200424_210754.329898	0.639384128959	0.6546	0.880036755335	0.8196	0.942477796077	1.2953	1	
20200424_210754.429748	0.639384128959	0.6541	0.880036755335	0.8212	0.942477796077	1.2239	1	
20200424_210754.529987	0.639384128959	0.6528	0.880036755335	0.8219	0.942477796077	1.1758	1	
20200424_210754.628449	0.639384128959	0.6527	0.880036755335	0.8241	0.942477796077	1.0903	1	
20200424_210754.730074	0.639384128959	0.6498	0.880036755335	0.8224	0.942477796077	1.0786	1	
20200424_210754.829428	0.639384128959	0.6489	0.880036755335	0.823	0.942477796077	1.0174	1	
20200424_210754.929888	0.639384128959	0.6476	0.880036755335	0.823	0.942477796077	0.962	0	
20200424_210754.930084	0.639384128959	0.6486	0.880036755335	0.8238	0.942477796077	0.9324	0	
20200424_210754.931939	0.639384128959	0.6487	0.880036755335	0.8236	0.942477796077	0.9292	0	
20200424_210754.940601	0.639384128959	0.649	0.880036755335	0.8246	0.942477796077	0.9071	0	
20200424_210754.949043	0.639384128959	0.6487	0.880036755335	0.8237	0.942477796077	0.9236	0	
20200424_210754.957222	0.639384128959	0.648	0.880036755335	0.824	0.942477796077	0.9336	0	
20200424_210754.965352	0.639384128959	0.648	0.880036755335	0.824	0.942477796077	0.9333	0	
20200424_210754.974029	0.639384128959	0.648	0.880036755335	0.8241	0.942477796077	0.9313	0	
20200424_210754.982300	0.639384128959	0.6479	0.880036755335	0.8241	0.942477796077	0.9301	0	
20200424_210754.990798	0.639384128959	0.6479	0.880036755335	0.8241	0.942477796077	0.9285	0	
20200424_210754.998715	0.639384128959	0.6479	0.880036755335	0.8241	0.942477796077	0.9277	0	
20200424_210755.007208	0.639384128959	0.6479	0.880036755335	0.8241	0.942477796077	0.927	0	
20200424_210755.015502	0.639384128959	0.6478	0.880036755335	0.8241	0.942477796077	0.9266	0	
20200424_210755.023953	0.639384128959	0.6481	0.880036755335	0.8239	0.942477796077	0.92	0	
20200424_210755.032051	0.639384128959	0.648	0.880036755335	0.8238	0.942477796077	0.919	0	
20200424_210755.040493	0.639384128959	0.6477	0.880036755335	0.8241	0.942477796077	0.9238	0	
20200424_210755.048769	0.639384128959	0.6478	0.880036755335	0.8242	0.942477796077	0.9236	0	
20200424_210755.056992	0.639384128959	0.6479	0.880036755335	0.8242	0.942477796077	0.9226	0	
20200424_210755.065466	0.639384128959	0.6478	0.880036755335	0.8242	0.942477796077	0.9225	0	
20200424_210755.073643	0.639384128959	0.6477	0.880036755335	0.8242	0.942477796077	0.9213	0	
20200424_210755.082572	0.639384128959	0.6478	0.880036755335	0.8242	0.942477796077	0.9202	0	
20200424_210755.090614	0.639384128959	0.648	0.880036755335	0.824	0.942477796077	0.9167	0	
20200424_210755.098558	0.639384128959	0.6477	0.880036755335	0.8242	0.942477796077	0.9211	0	
20200424_210755.106990	0.639384128959	0.6477	0.880036755335	0.8242	0.942477796077	0.9217	0	
20200424_210755.115441	0.639384128959	0.6478	0.880036755335	0.8242	0.942477796077	0.9214	0	
20200424_210755.123812	0.639384128959	0.6478	0.880036755335	0.8242	0.942477796077	0.9214	0	
20200424_210755.132222	0.639384128959	0.6478	0.880036755335	0.8241	0.942477796077	0.9216	0	
20200424_210755.140318	0.639384128959	0.6478	0.880036755335	0.8241	0.942477796077	0.9208	0	
20200424_210755.148929	0.639384128959	0.6478	0.880036755335	0.8242	0.942477796077	0.9206	0	
20200424_210755.157046	0.639384128959	0.6477	0.880036755335	0.8241	0.942477796077	0.9193	0	
20200424_210755.165877	0.639384128959	0.6477	0.880036755335	0.8242	0.942477796077	0.9198	0	
20200424_210755.174187	0.639384128959	0.6476	0.880036755335	0.8242	0.942477796077	0.9194	0	
20200424_210755.182249	0.639384128959	0.6479	0.880036755335	0.8239	0.942477796077	0.9138	0	
20200424_210755.190404	0.639384128959	0.6477	0.880036755335	0.8242	0.942477796077	0.9196	0	
20200424_210755.199023	0.639384128959	0.6477	0.880036755335	0.8242	0.942477796077	0.9198	0	
20200424_210755.207355	0.639384128959	0.6478	0.880036755335	0.8241	0.942477796077	0.9203	0	
20200424_210755.215328	0.639384128959	0.6478	0.880036755335	0.8241	0.942477796077	0.9201	0	
20200424_210755.224011	0.639384128959	0.6478	0.880036755335	0.8241	0.942477796077	0.9197	0	
20200424_210755.232128	0.639384128959	0.6477	0.880036755335	0.8241	0.942477796077	0.9199	0	
20200424_210755.240426	0.639384128959	0.6478	0.880036755335	0.8242	0.942477796077	0.921	0	
20200424_210755.249484	0.639384128959	0.6479	0.880036755335	0.824	0.942477796077	0.9173	0	
20200424_210755.257105	0.639384128959	0.648	0.880036755335	0.824	0.942477796077	0.9168	0	
20200424_210755.265343	0.639384128959	0.6477	0.880036755335	0.8243	0.942477796077	0.9228	0	
20200424_210755.273950	0.639384128959	0.6477	0.880036755335	0.8242	0.942477796077	0.9208	0	
20200424_210755.282138	0.639384128959	0.6477	0.880036755335	0.8242	0.942477796077	0.9206	0	
20200424_210755.290532	0.639384128959	0.6478	0.880036755335	0.8242	0.942477796077	0.92	0	
20200424_210755.298796	0.639384128959	0.6478	0.880036755335	0.8241	0.942477796077	0.9207	0	
20200424_210755.307244	0.639384128959	0.6478	0.880036755335	0.8241	0.942477796077	0.9207	0	
20200424_210755.315752	0.639384128959	0.6477	0.880036755335	0.8241	0.942477796077	0.9189	0	
20200424_210755.323763	0.639384128959	0.6476	0.880036755335	0.8241	0.942477796077	0.9195	0	
20200424_210755.331835	0.639384128959	0.6476	0.880036755335	0.8241	0.942477796077	0.9191	0	
20200424_210755.340685	0.639384128959	0.6476	0.880036755335	0.8241	0.942477796077	0.9194	0	
20200424_210755.349590	0.639384128959	0.6476	0.880036755335	0.824	0.942477796077	0.9195	0	
20200424_210755.356970	0.639384128959	0.6476	0.880036755335	0.8241	0.942477796077	0.9199	0	
20200424_210755.365153	0.639384128959	0.6477	0.880036755335	0.824	0.942477796077	0.9194	0	
20200424_210755.373797	0.639384128959	0.6477	0.880036755335	0.824	0.942477796077	0.9191	0	
20200424_210755.381955	0.639384128959	0.6477	0.880036755335	0.8241	0.942477796077	0.9195	0	
20200424_210755.391101	0.639384128959	0.6477	0.880036755335	0.8241	0.942477796077	0.9197	0	
20200424_210755.398981	0.639384128959	0.6476	0.880036755335	0.8241	0.942477796077	0.92	0	
20200424_210755.407553	0.639384128959	0.6478	0.880036755335	0.8239	0.942477796077	0.915	0	
20200424_210755.415374	0.639384128959	0.6476	0.880036755335	0.8241	0.942477796077	0.9195	0	
20200424_210755.423601	0.639384128959	0.6477	0.880036755335	0.8241	0.942477796077	0.9201	0	
20200424_210755.432582	0.639384128959	0.6477	0.880036755335	0.8241	0.942477796077	0.9205	0	
20200424_210755.440415	0.639384128959	0.6477	0.880036755335	0.8241	0.942477796077	0.919	0	
20200424_210755.448919	0.639384128959	0.6477	0.880036755335	0.8241	0.942477796077	0.919	0	
20200424_210755.457224	0.639384128959	0.6477	0.880036755335	0.8241	0.942477796077	0.9198	0	
20200424_210755.465561	0.639384128959	0.6477	0.880036755335	0.8242	0.942477796077	0.9213	0	
20200424_210755.473802	0.639384128959	0.6477	0.880036755335	0.8242	0.942477796077	0.9211	0	
20200424_210755.482101	0.639384128959	0.6479	0.880036755335	0.8239	0.942477796077	0.9159	0	
20200424_210755.490957	0.639384128959	0.6477	0.880036755335	0.8242	0.942477796077	0.9217	0	
20200424_210755.499921	0.639384128959	0.6477	0.880036755335	0.8242	0.942477796077	0.9222	0	
20200424_210755.507366	0.639384128959	0.6477	0.880036755335	0.8242	0.942477796077	0.9221	0	
20200424_210755.515608	0.639384128959	0.6478	0.880036755335	0.8241	0.942477796077	0.9214	0	
20200424_210755.524427	0.639384128959	0.6478	0.880036755335	0.8241	0.942477796077	0.9214	0	
20200424_210755.532046	0.639384128959	0.6478	0.880036755335	0.8241	0.942477796077	0.922	0	
20200424_210755.540677	0.639384128959	0.6478	0.880036755335	0.8242	0.942477796077	0.9214	0	
20200424_210755.549111	0.639384128959	0.6477	0.880036755335	0.8241	0.942477796077	0.9206	0	
20200424_210755.557484	0.639384128959	0.6477	0.880036755335	0.8242	0.942477796077	0.922	0	
20200424_210755.565118	0.639384128959	0.6479	0.880036755335	0.8239	0.942477796077	0.9168	0	
20200424_210755.573512	0.639384128959	0.6477	0.880036755335	0.8242	0.942477796077	0.9218	0	
20200424_210755.581725	0.639384128959	0.6477	0.880036755335	0.8242	0.942477796077	0.9215	0	
20200424_210755.590282	0.639384128959	0.6477	0.880036755335	0.8241	0.942477796077	0.9207	0	
20200424_210755.598459	0.639384128959	0.6477	0.880036755335	0.8241	0.942477796077	0.92	0	
20200424_210755.606888	0.639384128959	0.6478	0.880036755335	0.8241	0.942477796077	0.9209	0	
20200424_210755.615297	0.639384128959	0.6478	0.880036755335	0.8241	0.942477796077	0.9203	0	
20200424_210755.623562	0.639384128959	0.6477	0.880036755335	0.8241	0.942477796077	0.9205	0	
20200424_210755.631886	0.639384128959	0.6477	0.880036755335	0.8242	0.942477796077	0.9207	0	
20200424_210755.640486	0.639384128959	0.6479	0.880036755335	0.8239	0.942477796077	0.9154	0	
20200424_210755.648655	0.639384128959	0.6479	0.880036755335	0.8239	0.942477796077	0.915	0	
20200424_210755.657199	0.639384128959	0.6477	0.880036755335	0.8241	0.942477796077	0.919	0	
20200424_210755.665518	0.639384128959	0.6477	0.880036755335	0.8241	0.942477796077	0.9197	0	
20200424_210755.673867	0.639384128959	0.6477	0.880036755335	0.8241	0.942477796077	0.9202	0	
20200424_210755.682396	0.639384128959	0.6477	0.880036755335	0.8241	0.942477796077	0.9201	0	
20200424_210755.690813	0.639384128959	0.6477	0.880036755335	0.8241	0.942477796077	0.9201	0	
20200424_210755.699086	0.639384128959	0.6477	0.880036755335	0.8241	0.942477796077	0.9202	0	
20200424_210755.707009	0.639384128959	0.6476	0.880036755335	0.8241	0.942477796077	0.9195	0	
20200424_210755.716315	0.639384128959	0.6478	0.880036755335	0.8239	0.942477796077	0.9161	0	
20200424_210755.723865	0.639384128959	0.6478	0.880036755335	0.8239	0.942477796077	0.9157	0	
20200424_210755.732590	0.639384128959	0.6478	0.880036755335	0.8239	0.942477796077	0.9159	0	
20200424_210755.740014	0.639384128959	0.6476	0.880036755335	0.8241	0.942477796077	0.9203	0	
20200424_210755.748583	0.639384128959	0.6476	0.880036755335	0.8241	0.942477796077	0.9198	0	
20200424_210755.757020	0.639384128959	0.6477	0.880036755335	0.8241	0.942477796077	0.9199	0	
20200424_210755.765491	0.639384128959	0.6478	0.880036755335	0.8241	0.942477796077	0.9214	0	
20200424_210755.773711	0.639384128959	0.6478	0.880036755335	0.8242	0.942477796077	0.9217	0	
20200424_210755.782247	0.639384128959	0.6477	0.880036755335	0.8242	0.942477796077	0.9214	0	
20200424_210755.790809	0.639384128959	0.6477	0.880036755335	0.8242	0.942477796077	0.9218	0	
20200424_210755.799207	0.639384128959	0.6479	0.880036755335	0.824	0.942477796077	0.9167	0	
20200424_210755.807633	0.639384128959	0.6479	0.880036755335	0.824	0.942477796077	0.9163	0	
20200424_210755.815325	0.639384128959	0.648	0.880036755335	0.824	0.942477796077	0.9162	0	
20200424_210755.823654	0.639384128959	0.6477	0.880036755335	0.8242	0.942477796077	0.9219	0	
20200424_210755.832105	0.639384128959	0.6478	0.880036755335	0.8241	0.942477796077	0.9209	0	
20200424_210755.840921	0.639384128959	0.6477	0.880036755335	0.8241	0.942477796077	0.9213	0	
20200424_210755.848871	0.639384128959	0.6478	0.880036755335	0.8241	0.942477796077	0.9207	0	
20200424_210755.857441	0.639384128959	0.6477	0.880036755335	0.8242	0.942477796077	0.9213	0	
20200424_210755.865403	0.639384128959	0.6477	0.880036755335	0.8241	0.942477796077	0.921	0	
20200424_210755.874023	0.639384128959	0.6477	0.880036755335	0.8242	0.942477796077	0.9213	0	
20200424_210755.882520	0.639384128959	0.6479	0.880036755335	0.8239	0.942477796077	0.9155	0	
20200424_210755.890598	0.639384128959	0.6477	0.880036755335	0.8242	0.942477796077	0.9207	0	
20200424_210755.898778	0.639384128959	0.6477	0.880036755335	0.8242	0.942477796077	0.9208	0	
20200424_210755.907176	0.639384128959	0.6477	0.880036755335	0.8241	0.942477796077	0.9205	0	
20200424_210755.915543	0.639384128959	0.6478	0.880036755335	0.8241	0.942477796077	0.9205	0	
20200424_210755.924489	0.639384128959	0.6478	0.880036755335	0.8241	0.942477796077	0.9207	0	
20200424_210755.932241	0.639384128959	0.6477	0.880036755335	0.8242	0.942477796077	0.9216	0	
20200424_210755.940597	0.639384128959	0.6476	0.880036755335	0.8241	0.942477796077	0.9208	0	
20200424_210755.949226	0.639384128959	0.6476	0.880036755335	0.8241	0.942477796077	0.9206	0	
20200424_210755.957221	0.639384128959	0.6478	0.880036755335	0.8239	0.942477796077	0.9159	0	
20200424_210755.965529	0.639384128959	0.6476	0.880036755335	0.8241	0.942477796077	0.9199	0	
20200424_210755.973845	0.639384128959	0.6476	0.880036755335	0.8241	0.942477796077	0.9205	0	
20200424_210755.982236	0.639384128959	0.6477	0.880036755335	0.824	0.942477796077	0.9197	0	
20200424_210755.990627	0.639384128959	0.6477	0.880036755335	0.824	0.942477796077	0.9189	0	
20200424_210755.998792	0.639384128959	0.6478	0.880036755335	0.824	0.942477796077	0.9189	0	
20200424_210756.007414	0.639384128959	0.6478	0.880036755335	0.824	0.942477796077	0.9182	0	
20200424_210756.015871	0.639384128959	0.6477	0.880036755335	0.824	0.942477796077	0.9191	0	
20200424_210756.023822	0.639384128959	0.6477	0.880036755335	0.8241	0.942477796077	0.9194	0	
20200424_210756.031863	0.639384128959	0.6476	0.880036755335	0.8241	0.942477796077	0.9195	0	
20200424_210756.040765	0.639384128959	0.6476	0.880036755335	0.8241	0.942477796077	0.92	0	
20200424_210756.048839	0.639384128959	0.6476	0.880036755335	0.8241	0.942477796077	0.919	0	
20200424_210756.056874	0.639384128959	0.6476	0.880036755335	0.8241	0.942477796077	0.9192	0	
20200424_210756.065312	0.639384128959	0.6477	0.880036755335	0.8241	0.942477796077	0.92	0	
20200424_210756.073836	0.639384128959	0.6478	0.880036755335	0.8241	0.942477796077	0.9206	0	
20200424_210756.082245	0.639384128959	0.6478	0.880036755335	0.8241	0.942477796077	0.9206	0	
20200424_210756.090370	0.639384128959	0.6477	0.880036755335	0.824	0.942477796077	0.9212	0	
20200424_210756.098826	0.639384128959	0.6477	0.880036755335	0.8241	0.942477796077	0.9214	0	
20200424_210756.107500	0.639384128959	0.6476	0.880036755335	0.8241	0.942477796077	0.9211	0	
20200424_210756.115602	0.639384128959	0.6479	0.880036755335	0.8239	0.942477796077	0.9161	0	
20200424_210756.124093	0.639384128959	0.6479	0.880036755335	0.8239	0.942477796077	0.9159	0	
20200424_210756.132426	0.639384128959	0.6477	0.880036755335	0.8241	0.942477796077	0.9211	0	
20200424_210756.140332	0.639384128959	0.6477	0.880036755335	0.8241	0.942477796077	0.9204	0	
20200424_210756.148657	0.639384128959	0.6478	0.880036755335	0.824	0.942477796077	0.9198	0	
20200424_210756.157267	0.639384128959	0.6478	0.880036755335	0.824	0.942477796077	0.9203	0	
20200424_210756.165652	0.639384128959	0.6478	0.880036755335	0.824	0.942477796077	0.9199	0	
20200424_210756.174452	0.639384128959	0.6478	0.880036755335	0.8241	0.942477796077	0.9202	0	
20200424_210756.182048	0.639384128959	0.6477	0.880036755335	0.8241	0.942477796077	0.9214	0	
20200424_210756.190802	0.639384128959	0.6478	0.880036755335	0.8239	0.942477796077	0.9164	0	
20200424_210756.199193	0.639384128959	0.6479	0.880036755335	0.8239	0.942477796077	0.9161	0	
20200424_210756.207602	0.639384128959	0.6479	0.880036755335	0.8239	0.942477796077	0.9167	0	
20200424_210756.215364	0.639384128959	0.6477	0.880036755335	0.8241	0.942477796077	0.9217	0	
20200424_210756.224122	0.639384128959	0.6477	0.880036755335	0.8241	0.942477796077	0.921	0	
20200424_210756.232300	0.639384128959	0.6478	0.880036755335	0.824	0.942477796077	0.9205	0	
20200424_210756.240312	0.639384128959	0.6478	0.880036755335	0.824	0.942477796077	0.9197	0	
20200424_210756.249046	0.639384128959	0.6478	0.880036755335	0.824	0.942477796077	0.9195	0	
20200424_210756.257101	0.639384128959	0.6477	0.880036755335	0.8241	0.942477796077	0.9204	0	
20200424_210756.265899	0.639384128959	0.6477	0.880036755335	0.8241	0.942477796077	0.9207	0	
20200424_210756.273877	0.639384128959	0.6479	0.880036755335	0.8239	0.942477796077	0.9156	0	
20200424_210756.282297	0.639384128959	0.6478	0.880036755335	0.8239	0.942477796077	0.9163	0	
20200424_210756.290436	0.639384128959	0.6479	0.880036755335	0.8239	0.942477796077	0.9163	0	
20200424_210756.298733	0.639384128959	0.6477	0.880036755335	0.824	0.942477796077	0.9208	0	
20200424_210756.306880	0.639384128959	0.6478	0.880036755335	0.824	0.942477796077	0.9202	0	
20200424_210756.315627	0.639384128959	0.6478	0.880036755335	0.824	0.942477796077	0.9193	0	
20200424_210756.323883	0.639384128959	0.6478	0.880036755335	0.8239	0.942477796077	0.9189	0	
20200424_210756.332286	0.639384128959	0.6478	0.880036755335	0.824	0.942477796077	0.9199	0	
20200424_210756.340825	0.639384128959	0.6477	0.880036755335	0.8241	0.942477796077	0.9208	0	
20200424_210756.349135	0.639384128959	0.6479	0.880036755335	0.8239	0.942477796077	0.9156	0	
20200424_210756.357155	0.639384128959	0.6479	0.880036755335	0.8239	0.942477796077	0.9159	0	
20200424_210756.365394	0.639384128959	0.6479	0.880036755335	0.8239	0.942477796077	0.9161	0	
20200424_210756.374080	0.639384128959	0.6476	0.880036755335	0.8241	0.942477796077	0.9216	0	
20200424_210756.382119	0.639384128959	0.6477	0.880036755335	0.824	0.942477796077	0.9197	0	
20200424_210756.390461	0.639384128959	0.6478	0.880036755335	0.824	0.942477796077	0.9192	0	
20200424_210756.399363	0.639384128959	0.6478	0.880036755335	0.824	0.942477796077	0.9197	0	
20200424_210756.407107	0.639384128959	0.6478	0.880036755335	0.824	0.942477796077	0.9195	0	
20200424_210756.415915	0.639384128959	0.6478	0.880036755335	0.8241	0.942477796077	0.9206	0	
20200424_210756.423828	0.639384128959	0.6477	0.880036755335	0.8241	0.942477796077	0.922	0	
20200424_210756.432350	0.639384128959	0.6479	0.880036755335	0.8239	0.942477796077	0.9165	0	
20200424_210756.440362	0.639384128959	0.6479	0.880036755335	0.8239	0.942477796077	0.917	0	
20200424_210756.448888	0.639384128959	0.6479	0.880036755335	0.8239	0.942477796077	0.9173	0	
20200424_210756.457074	0.639384128959	0.6477	0.880036755335	0.8241	0.942477796077	0.9212	0	
20200424_210756.465438	0.639384128959	0.6477	0.880036755335	0.824	0.942477796077	0.9197	0	
20200424_210756.474220	0.639384128959	0.6478	0.880036755335	0.824	0.942477796077	0.9202	0	
20200424_210756.482612	0.639384128959	0.6478	0.880036755335	0.824	0.942477796077	0.9195	0	
20200424_210756.490745	0.639384128959	0.6478	0.880036755335	0.824	0.942477796077	0.9194	0	
20200424_210756.498850	0.639384128959	0.6477	0.880036755335	0.8241	0.942477796077	0.9203	0	
20200424_210756.507351	0.639384128959	0.6479	0.880036755335	0.8238	0.942477796077	0.9147	0	
20200424_210756.515477	0.639384128959	0.6478	0.880036755335	0.8239	0.942477796077	0.9158	0	
20200424_210756.523758	0.639384128959	0.6478	0.880036755335	0.8239	0.942477796077	0.916	0	
20200424_210756.532234	0.639384128959	0.6477	0.880036755335	0.8241	0.942477796077	0.9211	0	
20200424_210756.540212	0.639384128959	0.6477	0.880036755335	0.8241	0.942477796077	0.9207	0	
20200424_210756.548748	0.639384128959	0.6478	0.880036755335	0.824	0.942477796077	0.9197	0	
20200424_210756.557186	0.639384128959	0.6478	0.880036755335	0.824	0.942477796077	0.92	0	
20200424_210756.565141	0.639384128959	0.6478	0.880036755335	0.824	0.942477796077	0.92	0	
20200424_210756.573526	0.639384128959	0.6478	0.880036755335	0.8241	0.942477796077	0.9205	0	
20200424_210756.581777	0.639384128959	0.6477	0.880036755335	0.8241	0.942477796077	0.9217	0	
20200424_210756.590044	0.639384128959	0.6478	0.880036755335	0.8239	0.942477796077	0.9159	0	
20200424_210756.598531	0.639384128959	0.6479	0.880036755335	0.8239	0.942477796077	0.9162	0	
20200424_210756.606805	0.639384128959	0.6479	0.880036755335	0.8239	0.942477796077	0.9157	0	
20200424_210756.615171	0.639384128959	0.6477	0.880036755335	0.8241	0.942477796077	0.9205	0	
20200424_210756.623613	0.639384128959	0.6478	0.880036755335	0.824	0.942477796077	0.9196	0	
20200424_210756.632180	0.639384128959	0.6478	0.880036755335	0.824	0.942477796077	0.92	0	
20200424_210756.640439	0.639384128959	0.6478	0.880036755335	0.824	0.942477796077	0.9196	0	
20200424_210756.648771	0.639384128959	0.6478	0.880036755335	0.824	0.942477796077	0.92	0	
20200424_210756.657401	0.639384128959	0.6477	0.880036755335	0.8241	0.942477796077	0.9211	0	
20200424_210756.665432	0.639384128959	0.6478	0.880036755335	0.8239	0.942477796077	0.916	0	
20200424_210756.673944	0.639384128959	0.6481	0.880036755335	0.8241	0.942477796077	0.9188	0	
20200424_210756.682027	0.639384128959	0.6478	0.880036755335	0.8238	0.942477796077	0.9149	0	
20200424_210756.690495	0.639384128959	0.6476	0.880036755335	0.824	0.942477796077	0.92	0	
20200424_210756.698911	0.639384128959	0.6477	0.880036755335	0.824	0.942477796077	0.9194	0	
20200424_210756.707712	0.639384128959	0.6478	0.880036755335	0.824	0.942477796077	0.9196	0	
20200424_210756.715567	0.639384128959	0.6478	0.880036755335	0.824	0.942477796077	0.9198	0	
20200424_210756.724358	0.639384128959	0.6478	0.880036755335	0.824	0.942477796077	0.9198	0	
20200424_210756.731994	0.639384128959	0.6477	0.880036755335	0.8241	0.942477796077	0.9208	0	
20200424_210756.740777	0.639384128959	0.6479	0.880036755335	0.8239	0.942477796077	0.9161	0	
20200424_210756.748949	0.639384128959	0.648	0.880036755335	0.8239	0.942477796077	0.9175	0	
20200424_210756.757296	0.639384128959	0.6478	0.880036755335	0.8238	0.942477796077	0.9149	0	
20200424_210756.766007	0.639384128959	0.6478	0.880036755335	0.8238	0.942477796077	0.9158	0	
20200424_210756.773937	0.639384128959	0.6477	0.880036755335	0.824	0.942477796077	0.9198	0	
20200424_210756.781924	0.639384128959	0.6478	0.880036755335	0.824	0.942477796077	0.9189	0	
20200424_210756.790719	0.639384128959	0.6478	0.880036755335	0.824	0.942477796077	0.9182	0	
20200424_210756.799152	0.639384128959	0.6478	0.880036755335	0.824	0.942477796077	0.9189	0	
20200424_210756.807579	0.639384128959	0.6478	0.880036755335	0.824	0.942477796077	0.9198	0	
20200424_210756.815541	0.639384128959	0.6476	0.880036755335	0.8241	0.942477796077	0.9213	0	
20200424_210756.823820	0.639384128959	0.6478	0.880036755335	0.8239	0.942477796077	0.9158	0	
20200424_210756.832181	0.639384128959	0.648	0.880036755335	0.8239	0.942477796077	0.9173	0	
20200424_210756.840575	0.639384128959	0.6478	0.880036755335	0.8239	0.942477796077	0.9169	0	
20200424_210756.848788	0.639384128959	0.6477	0.880036755335	0.8241	0.942477796077	0.9217	0	
20200424_210756.857121	0.639384128959	0.6477	0.880036755335	0.8241	0.942477796077	0.9213	0	
20200424_210756.865846	0.639384128959	0.6478	0.880036755335	0.824	0.942477796077	0.9202	0	
20200424_210756.873874	0.639384128959	0.6478	0.880036755335	0.8243	0.942477796077	0.9243	0	
20200424_210756.882499	0.639384128959	0.6478	0.880036755335	0.824	0.942477796077	0.9201	0	
20200424_210756.890563	0.639384128959	0.6477	0.880036755335	0.8241	0.942477796077	0.9208	0	
20200424_210756.899099	0.639384128959	0.6478	0.880036755335	0.8239	0.942477796077	0.9171	0	
20200424_210756.907104	0.639384128959	0.6478	0.880036755335	0.8239	0.942477796077	0.9162	0	
20200424_210756.916056	0.639384128959	0.6478	0.880036755335	0.8239	0.942477796077	0.9166	0	
20200424_210756.924185	0.639384128959	0.6479	0.880036755335	0.8239	0.942477796077	0.9159	0	
20200424_210756.932004	0.639384128959	0.6477	0.880036755335	0.824	0.942477796077	0.9209	0	
20200424_210756.940508	0.639384128959	0.6478	0.880036755335	0.824	0.942477796077	0.9202	0	
20200424_210756.948813	0.639384128959	0.6478	0.880036755335	0.824	0.942477796077	0.9198	0	
20200424_210756.957110	0.639384128959	0.6478	0.880036755335	0.824	0.942477796077	0.9204	0	
20200424_210756.965680	0.639384128959	0.6477	0.880036755335	0.8241	0.942477796077	0.9225	0	
20200424_210756.974012	0.639384128959	0.6476	0.880036755335	0.8242	0.942477796077	0.9229	0	
20200424_210756.982718	0.639384128959	0.6478	0.880036755335	0.8239	0.942477796077	0.9174	0	
20200424_210756.990383	0.639384128959	0.6479	0.880036755335	0.8239	0.942477796077	0.9175	0	
20200424_210756.999360	0.639384128959	0.6486	0.880036755335	0.8246	0.942477796077	0.892	0	
20200424_210757.007319	0.639384128959	0.6476	0.880036755335	0.824	0.942477796077	0.921	0	
20200424_210757.015608	0.639384128959	0.6477	0.880036755335	0.824	0.942477796077	0.9198	0	
20200424_210757.023845	0.639384128959	0.6478	0.880036755335	0.8239	0.942477796077	0.9193	0	
20200424_210757.032144	0.639384128959	0.6478	0.880036755335	0.8239	0.942477796077	0.9187	0	
20200424_210757.040763	0.639384128959	0.6477	0.880036755335	0.8239	0.942477796077	0.9189	0	
20200424_210757.048839	0.639384128959	0.6477	0.880036755335	0.824	0.942477796077	0.9194	0	
20200424_210757.057659	0.639384128959	0.6478	0.880036755335	0.8238	0.942477796077	0.9137	0	
20200424_210757.065643	0.639384128959	0.6478	0.880036755335	0.8238	0.942477796077	0.9155	0	
20200424_210757.073938	0.639384128959	0.648	0.880036755335	0.8242	0.942477796077	0.9202	0	
20200424_210757.082777	0.639384128959	0.6476	0.880036755335	0.8241	0.942477796077	0.9207	0	
20200424_210757.091129	0.639384128959	0.6477	0.880036755335	0.824	0.942477796077	0.92	0	
20200424_210757.098699	0.639384128959	0.6478	0.880036755335	0.824	0.942477796077	0.9204	0	
20200424_210757.107961	0.639384128959	0.6478	0.880036755335	0.824	0.942477796077	0.9205	0	
20200424_210757.115535	0.639384128959	0.6478	0.880036755335	0.8241	0.942477796077	0.9205	0	
20200424_210757.123961	0.639384128959	0.6477	0.880036755335	0.8241	0.942477796077	0.9204	0	
20200424_210757.132490	0.639384128959	0.6479	0.880036755335	0.8239	0.942477796077	0.9154	0	
20200424_210757.141402	0.639384128959	0.6479	0.880036755335	0.8239	0.942477796077	0.9153	0	
20200424_210757.148863	0.639384128959	0.6479	0.880036755335	0.8239	0.942477796077	0.9154	0	
20200424_210757.157104	0.639384128959	0.6478	0.880036755335	0.8239	0.942477796077	0.9162	0	
20200424_210757.165717	0.639384128959	0.6477	0.880036755335	0.8241	0.942477796077	0.9209	0	
20200424_210757.174052	0.639384128959	0.6477	0.880036755335	0.824	0.942477796077	0.9204	0	
20200424_210757.182141	0.639384128959	0.6478	0.880036755335	0.824	0.942477796077	0.9201	0	
20200424_210757.190990	0.639384128959	0.6479	0.880036755335	0.824	0.942477796077	0.9197	0	
20200424_210757.198872	0.639384128959	0.6478	0.880036755335	0.8241	0.942477796077	0.9202	0	
20200424_210757.207277	0.639384128959	0.6476	0.880036755335	0.8241	0.942477796077	0.9216	0	
20200424_210757.215482	0.639384128959	0.6478	0.880036755335	0.8239	0.942477796077	0.9161	0	
20200424_210757.223813	0.639384128959	0.6478	0.880036755335	0.8239	0.942477796077	0.9168	0	
20200424_210757.232932	0.639384128959	0.6479	0.880036755335	0.8239	0.942477796077	0.9164	0	
20200424_210757.240712	0.639384128959	0.6477	0.880036755335	0.8241	0.942477796077	0.9209	0	
20200424_210757.249110	0.639384128959	0.6478	0.880036755335	0.824	0.942477796077	0.9203	0	
20200424_210757.257490	0.639384128959	0.6478	0.880036755335	0.824	0.942477796077	0.92	0	
20200424_210757.265358	0.639384128959	0.6479	0.880036755335	0.824	0.942477796077	0.9203	0	
20200424_210757.275300	0.639384128959	0.6477	0.880036755335	0.8245	0.942477796077	0.9268	0	
20200424_210757.282358	0.639384128959	0.6477	0.880036755335	0.8241	0.942477796077	0.9221	0	
20200424_210757.290631	0.639384128959	0.6469	0.880036755335	0.8236	0.942477796077	0.9335	0	
20200424_210757.299294	0.639384128959	0.6479	0.880036755335	0.8239	0.942477796077	0.9165	0	
20200424_210757.307552	0.639384128959	0.6478	0.880036755335	0.8239	0.942477796077	0.917	0	
20200424_210757.315742	0.639384128959	0.6477	0.880036755335	0.8241	0.942477796077	0.9218	0	
20200424_210757.324246	0.639384128959	0.6478	0.880036755335	0.824	0.942477796077	0.921	0	
20200424_210757.332629	0.639384128959	0.6478	0.880036755335	0.824	0.942477796077	0.9199	0	
20200424_210757.340532	0.639384128959	0.6478	0.880036755335	0.824	0.942477796077	0.9192	0	
20200424_210757.349018	0.639384128959	0.6477	0.880036755335	0.824	0.942477796077	0.9204	0	
20200424_210757.357505	0.639384128959	0.6477	0.880036755335	0.8241	0.942477796077	0.9207	0	
20200424_210757.365547	0.639384128959	0.6478	0.880036755335	0.8239	0.942477796077	0.9171	0	
20200424_210757.373948	0.639384128959	0.6478	0.880036755335	0.8239	0.942477796077	0.9165	0	
20200424_210757.382095	0.639384128959	0.6478	0.880036755335	0.8239	0.942477796077	0.9167	0	
20200424_210757.390692	0.639384128959	0.6478	0.880036755335	0.8239	0.942477796077	0.9165	0	
20200424_210757.399127	0.639384128959	0.6477	0.880036755335	0.8241	0.942477796077	0.921	0	
20200424_210757.407728	0.639384128959	0.6478	0.880036755335	0.8241	0.942477796077	0.9201	0	
20200424_210757.415733	0.639384128959	0.6478	0.880036755335	0.8241	0.942477796077	0.9196	0	
20200424_210757.424076	0.639384128959	0.6478	0.880036755335	0.8241	0.942477796077	0.9202	0	
20200424_210757.432403	0.639384128959	0.6477	0.880036755335	0.8241	0.942477796077	0.9207	0	
20200424_210757.440453	0.639384128959	0.6476	0.880036755335	0.8241	0.942477796077	0.9214	0	
20200424_210757.448760	0.639384128959	0.6478	0.880036755335	0.824	0.942477796077	0.9164	0	
20200424_210757.457014	0.639384128959	0.6478	0.880036755335	0.8239	0.942477796077	0.9162	0	
20200424_210757.465696	0.639384128959	0.6478	0.880036755335	0.8239	0.942477796077	0.9164	0	
20200424_210757.473401	0.639384128959	0.6477	0.880036755335	0.8244	0.942477796077	0.9243	0	
20200424_210757.481742	0.639384128959	0.6477	0.880036755335	0.8241	0.942477796077	0.9201	0	
20200424_210757.490444	0.639384128959	0.6478	0.880036755335	0.824	0.942477796077	0.9204	0	
20200424_210757.498627	0.639384128959	0.6478	0.880036755335	0.824	0.942477796077	0.9203	0	
20200424_210757.507442	0.639384128959	0.6477	0.880036755335	0.8241	0.942477796077	0.9208	0	
20200424_210757.515580	0.639384128959	0.6477	0.880036755335	0.8241	0.942477796077	0.9214	0	
20200424_210757.524058	0.639384128959	0.6476	0.880036755335	0.8241	0.942477796077	0.9219	0	
20200424_210757.532209	0.639384128959	0.6478	0.880036755335	0.8239	0.942477796077	0.9172	0	
20200424_210757.540802	0.639384128959	0.6478	0.880036755335	0.8239	0.942477796077	0.917	0	
20200424_210757.548615	0.639384128959	0.6476	0.880036755335	0.8241	0.942477796077	0.9213	0	
20200424_210757.557220	0.639384128959	0.6477	0.880036755335	0.8241	0.942477796077	0.9203	0	
20200424_210757.565285	0.639384128959	0.6478	0.880036755335	0.824	0.942477796077	0.9202	0	
20200424_210757.573590	0.639384128959	0.6478	0.880036755335	0.824	0.942477796077	0.92	0	
20200424_210757.581804	0.639384128959	0.6478	0.880036755335	0.824	0.942477796077	0.9202	0	
20200424_210757.590211	0.639384128959	0.6477	0.880036755335	0.824	0.942477796077	0.9203	0	
20200424_210757.598293	0.639384128959	0.6477	0.880036755335	0.8241	0.942477796077	0.9209	0	
20200424_210757.606740	0.639384128959	0.6478	0.880036755335	0.8239	0.942477796077	0.9167	0	
20200424_210757.615087	0.639384128959	0.6478	0.880036755335	0.8239	0.942477796077	0.9157	0	
20200424_210757.623481	0.639384128959	0.6478	0.880036755335	0.8238	0.942477796077	0.9158	0	
20200424_210757.631894	0.639384128959	0.6477	0.880036755335	0.8241	0.942477796077	0.9208	0	
20200424_210757.640435	0.639384128959	0.6477	0.880036755335	0.824	0.942477796077	0.9201	0	
20200424_210757.649219	0.639384128959	0.6478	0.880036755335	0.824	0.942477796077	0.9196	0	
20200424_210757.657538	0.639384128959	0.6478	0.880036755335	0.824	0.942477796077	0.9199	0	
20200424_210757.665452	0.639384128959	0.6478	0.880036755335	0.824	0.942477796077	0.92	0	
20200424_210757.673813	0.639384128959	0.6477	0.880036755335	0.824	0.942477796077	0.9208	0	
20200424_210757.682105	0.639384128959	0.6476	0.880036755335	0.8241	0.942477796077	0.9211	0	
20200424_210757.690301	0.639384128959	0.6479	0.880036755335	0.8239	0.942477796077	0.9161	0	
20200424_210757.698614	0.639384128959	0.6478	0.880036755335	0.8239	0.942477796077	0.9164	0	
20200424_210757.707866	0.639384128959	0.6477	0.880036755335	0.8241	0.942477796077	0.921	0	
20200424_210757.716117	0.639384128959	0.6477	0.880036755335	0.824	0.942477796077	0.9202	0	
20200424_210757.724069	0.639384128959	0.6478	0.880036755335	0.824	0.942477796077	0.9202	0	
20200424_210757.732194	0.639384128959	0.6478	0.880036755335	0.824	0.942477796077	0.9197	0	
20200424_210757.740462	0.639384128959	0.6478	0.880036755335	0.824	0.942477796077	0.9204	0	
20200424_210757.748458	0.639384128959	0.6477	0.880036755335	0.8241	0.942477796077	0.9209	0	
20200424_210757.757133	0.639384128959	0.6477	0.880036755335	0.8241	0.942477796077	0.9211	0	
20200424_210757.765527	0.639384128959	0.6479	0.880036755335	0.8239	0.942477796077	0.9166	0	
20200424_210757.773662	0.639384128959	0.6479	0.880036755335	0.8239	0.942477796077	0.9165	0	
20200424_210757.782087	0.639384128959	0.6478	0.880036755335	0.8239	0.942477796077	0.9165	0	
20200424_210757.790890	0.639384128959	0.6477	0.880036755335	0.8241	0.942477796077	0.9209	0	
20200424_210757.799021	0.639384128959	0.6478	0.880036755335	0.824	0.942477796077	0.9204	0	
20200424_210757.807588	0.639384128959	0.6478	0.880036755335	0.824	0.942477796077	0.92	0	
20200424_210757.815923	0.639384128959	0.6478	0.880036755335	0.824	0.942477796077	0.9202	0	
20200424_210757.823883	0.639384128959	0.6477	0.880036755335	0.824	0.942477796077	0.9203	0	
20200424_210757.832760	0.639384128959	0.6477	0.880036755335	0.8241	0.942477796077	0.9206	0	
20200424_210757.840541	0.639384128959	0.6476	0.880036755335	0.8241	0.942477796077	0.9214	0	
20200424_210757.848624	0.639384128959	0.6478	0.880036755335	0.8239	0.942477796077	0.9164	0	
20200424_210757.857120	0.639384128959	0.6478	0.880036755335	0.8239	0.942477796077	0.9163	0	
20200424_210757.865572	0.639384128959	0.6477	0.880036755335	0.8241	0.942477796077	0.9211	0	
20200424_210757.874275	0.639384128959	0.6477	0.880036755335	0.824	0.942477796077	0.9205	0	
20200424_210757.882419	0.639384128959	0.6477	0.880036755335	0.824	0.942477796077	0.9202	0	
20200424_210757.890512	0.639384128959	0.6478	0.880036755335	0.824	0.942477796077	0.9199	0	
20200424_210757.899041	0.639384128959	0.6478	0.880036755335	0.824	0.942477796077	0.9198	0	
20200424_210757.907551	0.639384128959	0.6477	0.880036755335	0.824	0.942477796077	0.92	0	
20200424_210757.916233	0.639384128959	0.6476	0.880036755335	0.8241	0.942477796077	0.9211	0	
20200424_210757.924174	0.639384128959	0.6476	0.880036755335	0.8241	0.942477796077	0.9214	0	
20200424_210757.932064	0.639384128959	0.6478	0.880036755335	0.8239	0.942477796077	0.916	0	
20200424_210757.940612	0.639384128959	0.6476	0.880036755335	0.8241	0.942477796077	0.922	0	
20200424_210757.948648	0.639384128959	0.6477	0.880036755335	0.8241	0.942477796077	0.9215	0	
20200424_210757.957127	0.639384128959	0.6477	0.880036755335	0.8241	0.942477796077	0.9213	0	
20200424_210757.965446	0.639384128959	0.6478	0.880036755335	0.824	0.942477796077	0.9206	0	
20200424_210757.973866	0.639384128959	0.6478	0.880036755335	0.824	0.942477796077	0.9201	0	
20200424_210757.982139	0.639384128959	0.6477	0.880036755335	0.824	0.942477796077	0.9206	0	
20200424_210757.991111	0.639384128959	0.6477	0.880036755335	0.8241	0.942477796077	0.9208	0	
20200424_210757.999541	0.639384128959	0.6477	0.880036755335	0.8241	0.942477796077	0.9208	0	
20200424_210758.007464	0.639384128959	0.6476	0.880036755335	0.8241	0.942477796077	0.9215	0	
20200424_210758.015530	0.639384128959	0.6477	0.880036755335	0.8241	0.942477796077	0.9211	0	
20200424_210758.024170	0.639384128959	0.6476	0.880036755335	0.8241	0.942477796077	0.9211	0	
20200424_210758.032329	0.639384128959	0.6477	0.880036755335	0.8241	0.942477796077	0.9207	0	
20200424_210758.040898	0.639384128959	0.6477	0.880036755335	0.8241	0.942477796077	0.9212	0	
20200424_210758.049153	0.639384128959	0.6478	0.880036755335	0.824	0.942477796077	0.9201	0	
20200424_210758.057037	0.639384128959	0.6478	0.880036755335	0.824	0.942477796077	0.92	0	
20200424_210758.066207	0.639384128959	0.6478	0.880036755335	0.824	0.942477796077	0.9203	0	
20200424_210758.073863	0.639384128959	0.6477	0.880036755335	0.824	0.942477796077	0.9204	0	
20200424_210758.082333	0.639384128959	0.6476	0.880036755335	0.8241	0.942477796077	0.9214	0	
20200424_210758.090508	0.639384128959	0.6476	0.880036755335	0.8241	0.942477796077	0.921	0	
20200424_210758.098862	0.639384128959	0.6476	0.880036755335	0.8241	0.942477796077	0.9206	0	
20200424_210758.107277	0.639384128959	0.6477	0.880036755335	0.8241	0.942477796077	0.921	0	
20200424_210758.115686	0.639384128959	0.6477	0.880036755335	0.824	0.942477796077	0.9204	0	
20200424_210758.124134	0.639384128959	0.6478	0.880036755335	0.824	0.942477796077	0.9197	0	
20200424_210758.132666	0.639384128959	0.6478	0.880036755335	0.824	0.942477796077	0.9196	0	
20200424_210758.140581	0.639384128959	0.6478	0.880036755335	0.824	0.942477796077	0.9194	0	
20200424_210758.148714	0.639384128959	0.6477	0.880036755335	0.824	0.942477796077	0.9203	0	
20200424_210758.157152	0.639384128959	0.6477	0.880036755335	0.8241	0.942477796077	0.9211	0	
20200424_210758.165427	0.639384128959	0.6477	0.880036755335	0.8241	0.942477796077	0.921	0	
20200424_210758.173721	0.639384128959	0.6478	0.880036755335	0.8238	0.942477796077	0.916	0	
20200424_210758.182092	0.639384128959	0.6476	0.880036755335	0.8241	0.942477796077	0.922	0	
20200424_210758.190523	0.639384128959	0.6476	0.880036755335	0.8241	0.942477796077	0.9217	0	
20200424_210758.198995	0.639384128959	0.6477	0.880036755335	0.824	0.942477796077	0.9209	0	
20200424_210758.207592	0.639384128959	0.6477	0.880036755335	0.824	0.942477796077	0.9202	0	
20200424_210758.215854	0.639384128959	0.6478	0.880036755335	0.824	0.942477796077	0.9203	0	
20200424_210758.223639	0.639384128959	0.6477	0.880036755335	0.824	0.942477796077	0.9204	0	
20200424_210758.232149	0.639384128959	0.6477	0.880036755335	0.824	0.942477796077	0.9209	0	
20200424_210758.240809	0.639384128959	0.6476	0.880036755335	0.8241	0.942477796077	0.9215	0	
20200424_210758.249148	0.639384128959	0.6476	0.880036755335	0.8241	0.942477796077	0.9217	0	
20200424_210758.257345	0.639384128959	0.6476	0.880036755335	0.8241	0.942477796077	0.9214	0	
20200424_210758.265943	0.639384128959	0.6476	0.880036755335	0.8241	0.942477796077	0.922	0	
20200424_210758.274343	0.639384128959	0.6477	0.880036755335	0.8241	0.942477796077	0.921	0	
20200424_210758.282478	0.639384128959	0.6477	0.880036755335	0.824	0.942477796077	0.9205	0	
20200424_210758.290647	0.639384128959	0.6477	0.880036755335	0.824	0.942477796077	0.9203	0	
20200424_210758.298745	0.639384128959	0.6477	0.880036755335	0.824	0.942477796077	0.9212	0	
20200424_210758.307454	0.639384128959	0.6477	0.880036755335	0.8241	0.942477796077	0.921	0	
20200424_210758.315386	0.639384128959	0.6476	0.880036755335	0.8241	0.942477796077	0.9219	0	
20200424_210758.324351	0.639384128959	0.6478	0.880036755335	0.8239	0.942477796077	0.9167	0	
20200424_210758.332199	0.639384128959	0.6478	0.880036755335	0.8239	0.942477796077	0.9164	0	
20200424_210758.340577	0.639384128959	0.6476	0.880036755335	0.8241	0.942477796077	0.9218	0	
20200424_210758.348672	0.639384128959	0.6476	0.880036755335	0.8241	0.942477796077	0.9208	0	
20200424_210758.357490	0.639384128959	0.6477	0.880036755335	0.824	0.942477796077	0.9204	0	
20200424_210758.365777	0.639384128959	0.6477	0.880036755335	0.824	0.942477796077	0.9208	0	
20200424_210758.374294	0.639384128959	0.6477	0.880036755335	0.824	0.942477796077	0.9206	0	
20200424_210758.382421	0.639384128959	0.6477	0.880036755335	0.824	0.942477796077	0.92	0	
20200424_210758.390316	0.639384128959	0.6477	0.880036755335	0.8241	0.942477796077	0.9212	0	
20200424_210758.398910	0.639384128959	0.6477	0.880036755335	0.824	0.942477796077	0.9201	0	
20200424_210758.407111	0.639384128959	0.6477	0.880036755335	0.8241	0.942477796077	0.9205	0	
20200424_210758.416033	0.639384128959	0.6476	0.880036755335	0.8241	0.942477796077	0.921	0	
20200424_210758.424003	0.639384128959	0.6476	0.880036755335	0.824	0.942477796077	0.9206	0	
20200424_210758.432412	0.639384128959	0.6477	0.880036755335	0.824	0.942477796077	0.9205	0	
20200424_210758.440779	0.639384128959	0.6477	0.880036755335	0.824	0.942477796077	0.92	0	
20200424_210758.448945	0.639384128959	0.6477	0.880036755335	0.824	0.942477796077	0.9199	0	
20200424_210758.457838	0.639384128959	0.6478	0.880036755335	0.824	0.942477796077	0.9201	0	
20200424_210758.466657	0.639384128959	0.6477	0.880036755335	0.824	0.942477796077	0.9193	0	
20200424_210758.474286	0.639384128959	0.6477	0.880036755335	0.8241	0.942477796077	0.9204	0	
20200424_210758.482219	0.639384128959	0.6476	0.880036755335	0.8241	0.942477796077	0.921	0	
20200424_210758.490696	0.639384128959	0.6478	0.880036755335	0.8239	0.942477796077	0.9153	0	
20200424_210758.498861	0.639384128959	0.6476	0.880036755335	0.8241	0.942477796077	0.9207	0	
20200424_210758.507457	0.639384128959	0.6476	0.880036755335	0.8241	0.942477796077	0.9211	0	
20200424_210758.515815	0.639384128959	0.6477	0.880036755335	0.824	0.942477796077	0.92	0	
20200424_210758.523912	0.639384128959	0.6477	0.880036755335	0.824	0.942477796077	0.9199	0	
20200424_210758.532213	0.639384128959	0.6478	0.880036755335	0.824	0.942477796077	0.9198	0	
20200424_210758.540907	0.639384128959	0.6477	0.880036755335	0.824	0.942477796077	0.9203	0	
20200424_210758.548769	0.639384128959	0.6476	0.880036755335	0.824	0.942477796077	0.9216	0	
20200424_210758.557266	0.639384128959	0.6476	0.880036755335	0.8241	0.942477796077	0.9211	0	
20200424_210758.565639	0.639384128959	0.6476	0.880036755335	0.8241	0.942477796077	0.9216	0	
20200424_210758.573541	0.639384128959	0.6478	0.880036755335	0.8239	0.942477796077	0.9155	0	
20200424_210758.581903	0.639384128959	0.6477	0.880036755335	0.8241	0.942477796077	0.9206	0	
20200424_210758.590204	0.639384128959	0.6477	0.880036755335	0.8241	0.942477796077	0.9208	0	
20200424_210758.598476	0.639384128959	0.6477	0.880036755335	0.8241	0.942477796077	0.9205	0	
20200424_210758.606871	0.639384128959	0.6477	0.880036755335	0.824	0.942477796077	0.9207	0	
20200424_210758.615181	0.639384128959	0.6477	0.880036755335	0.824	0.942477796077	0.9198	0	
20200424_210758.624440	0.639384128959	0.6477	0.880036755335	0.824	0.942477796077	0.9198	0	
20200424_210758.631925	0.639384128959	0.6477	0.880036755335	0.824	0.942477796077	0.9194	0	
20200424_210758.640410	0.639384128959	0.6476	0.880036755335	0.824	0.942477796077	0.9202	0	
20200424_210758.648680	0.639384128959	0.6478	0.880036755335	0.8238	0.942477796077	0.9158	0	
20200424_210758.657370	0.639384128959	0.6478	0.880036755335	0.8239	0.942477796077	0.9165	0	
20200424_210758.665916	0.639384128959	0.6476	0.880036755335	0.8241	0.942477796077	0.9208	0	
20200424_210758.674317	0.639384128959	0.6476	0.880036755335	0.824	0.942477796077	0.921	0	
20200424_210758.682333	0.639384128959	0.6477	0.880036755335	0.824	0.942477796077	0.9202	0	
20200424_210758.691086	0.639384128959	0.6477	0.880036755335	0.824	0.942477796077	0.9199	0	
20200424_210758.699049	0.639384128959	0.6477	0.880036755335	0.824	0.942477796077	0.9206	0	
20200424_210758.707373	0.639384128959	0.6476	0.880036755335	0.824	0.942477796077	0.9209	0	
20200424_210758.715990	0.639384128959	0.6477	0.880036755335	0.824	0.942477796077	0.9204	0	
20200424_210758.723776	0.639384128959	0.6476	0.880036755335	0.824	0.942477796077	0.9207	0	
20200424_210758.732339	0.639384128959	0.6476	0.880036755335	0.8241	0.942477796077	0.9212	0	
20200424_210758.740756	0.639384128959	0.6476	0.880036755335	0.824	0.942477796077	0.9206	0	
20200424_210758.749198	0.639384128959	0.6477	0.880036755335	0.8241	0.942477796077	0.9214	0	
20200424_210758.757143	0.639384128959	0.6477	0.880036755335	0.824	0.942477796077	0.9213	0	
20200424_210758.765757	0.639384128959	0.6478	0.880036755335	0.824	0.942477796077	0.9212	0	
20200424_210758.773895	0.639384128959	0.6477	0.880036755335	0.824	0.942477796077	0.9211	0	
20200424_210758.782089	0.639384128959	0.6477	0.880036755335	0.824	0.942477796077	0.9212	0	
20200424_210758.790645	0.639384128959	0.6476	0.880036755335	0.8241	0.942477796077	0.9219	0	
20200424_210758.799069	0.639384128959	0.6476	0.880036755335	0.8241	0.942477796077	0.9215	0	
20200424_210758.807390	0.639384128959	0.6476	0.880036755335	0.8241	0.942477796077	0.9218	0	
20200424_210758.815927	0.639384128959	0.6476	0.880036755335	0.8241	0.942477796077	0.9217	0	
20200424_210758.823861	0.639384128959	0.6476	0.880036755335	0.8241	0.942477796077	0.9217	0	
20200424_210758.832398	0.639384128959	0.6477	0.880036755335	0.824	0.942477796077	0.9214	0	
20200424_210758.840309	0.639384128959	0.6477	0.880036755335	0.824	0.942477796077	0.9212	0	
20200424_210758.848723	0.639384128959	0.6477	0.880036755335	0.824	0.942477796077	0.9208	0	
20200424_210758.857285	0.639384128959	0.6477	0.880036755335	0.824	0.942477796077	0.9201	0	
20200424_210758.865443	0.639384128959	0.6477	0.880036755335	0.824	0.942477796077	0.9204	0	
20200424_210758.873973	0.639384128959	0.6477	0.880036755335	0.824	0.942477796077	0.9213	0	
20200424_210758.881980	0.639384128959	0.6477	0.880036755335	0.824	0.942477796077	0.9211	0	
20200424_210758.890698	0.639384128959	0.6476	0.880036755335	0.8241	0.942477796077	0.9214	0	
20200424_210758.898802	0.639384128959	0.6476	0.880036755335	0.8241	0.942477796077	0.9209	0	
20200424_210758.907634	0.639384128959	0.6477	0.880036755335	0.824	0.942477796077	0.9209	0	
20200424_210758.916182	0.639384128959	0.6477	0.880036755335	0.824	0.942477796077	0.9202	0	
20200424_210758.924820	0.639384128959	0.6477	0.880036755335	0.824	0.942477796077	0.9205	0	
20200424_210758.932458	0.639384128959	0.6477	0.880036755335	0.824	0.942477796077	0.9201	0	
20200424_210758.940648	0.639384128959	0.6477	0.880036755335	0.824	0.942477796077	0.9206	0	
20200424_210758.949585	0.639384128959	0.6477	0.880036755335	0.8241	0.942477796077	0.92	0	
20200424_210758.957539	0.639384128959	0.6477	0.880036755335	0.8241	0.942477796077	0.9205	0	
20200424_210758.965476	0.639384128959	0.6477	0.880036755335	0.8241	0.942477796077	0.9205	0	
20200424_210758.973780	0.639384128959	0.6476	0.880036755335	0.8241	0.942477796077	0.9211	0	
20200424_210758.982248	0.639384128959	0.6476	0.880036755335	0.8241	0.942477796077	0.9213	0	
20200424_210758.990892	0.639384128959	0.6476	0.880036755335	0.8241	0.942477796077	0.9206	0	
20200424_210758.998668	0.639384128959	0.6477	0.880036755335	0.8241	0.942477796077	0.9201	0	
20200424_210759.007629	0.639384128959	0.6477	0.880036755335	0.8241	0.942477796077	0.9207	0	
20200424_210759.015694	0.639384128959	0.6477	0.880036755335	0.8241	0.942477796077	0.9202	0	
20200424_210759.023799	0.639384128959	0.6477	0.880036755335	0.8241	0.942477796077	0.9199	0	
20200424_210759.032000	0.639384128959	0.6476	0.880036755335	0.8241	0.942477796077	0.9211	0	
20200424_210759.040651	0.639384128959	0.6476	0.880036755335	0.8241	0.942477796077	0.9205	0	
20200424_210759.048741	0.639384128959	0.6476	0.880036755335	0.8241	0.942477796077	0.9194	0	
20200424_210759.057627	0.639384128959	0.6476	0.880036755335	0.824	0.942477796077	0.9198	0	
20200424_210759.065669	0.639384128959	0.6476	0.880036755335	0.8241	0.942477796077	0.9197	0	
20200424_210759.074017	0.639384128959	0.6477	0.880036755335	0.824	0.942477796077	0.9194	0	
20200424_210759.082505	0.639384128959	0.6477	0.880036755335	0.824	0.942477796077	0.9198	0	
20200424_210759.091053	0.639384128959	0.6477	0.880036755335	0.824	0.942477796077	0.9201	0	
20200424_210759.098694	0.639384128959	0.6477	0.880036755335	0.824	0.942477796077	0.9205	0	
20200424_210759.107213	0.639384128959	0.6477	0.880036755335	0.824	0.942477796077	0.9201	0	
20200424_210759.116913	0.639384128959	0.6476	0.880036755335	0.824	0.942477796077	0.9204	0	
20200424_210759.123996	0.639384128959	0.6476	0.880036755335	0.824	0.942477796077	0.9212	0	
20200424_210759.132782	0.639384128959	0.6476	0.880036755335	0.824	0.942477796077	0.9212	0	
20200424_210759.140755	0.639384128959	0.6476	0.880036755335	0.824	0.942477796077	0.9205	0	
20200424_210759.148764	0.639384128959	0.6477	0.880036755335	0.824	0.942477796077	0.9193	0	
20200424_210759.157464	0.639384128959	0.6477	0.880036755335	0.824	0.942477796077	0.9198	0	
20200424_210759.165583	0.639384128959	0.6477	0.880036755335	0.824	0.942477796077	0.9205	0	
20200424_210759.174106	0.639384128959	0.6477	0.880036755335	0.824	0.942477796077	0.9202	0	
20200424_210759.182599	0.639384128959	0.6477	0.880036755335	0.824	0.942477796077	0.9199	0	
20200424_210759.190480	0.639384128959	0.6477	0.880036755335	0.824	0.942477796077	0.9203	0	
20200424_210759.198847	0.639384128959	0.6476	0.880036755335	0.824	0.942477796077	0.9208	0	
20200424_210759.207145	0.639384128959	0.6476	0.880036755335	0.824	0.942477796077	0.9205	0	
20200424_210759.215746	0.639384128959	0.6476	0.880036755335	0.824	0.942477796077	0.9205	0	
20200424_210759.223969	0.639384128959	0.6477	0.880036755335	0.824	0.942477796077	0.9205	0	
20200424_210759.232191	0.639384128959	0.6477	0.880036755335	0.824	0.942477796077	0.9207	0	
20200424_210759.240772	0.639384128959	0.6477	0.880036755335	0.824	0.942477796077	0.9206	0	
20200424_210759.248547	0.639384128959	0.6477	0.880036755335	0.824	0.942477796077	0.9205	0	
20200424_210759.257309	0.639384128959	0.6477	0.880036755335	0.824	0.942477796077	0.921	0	
20200424_210759.265525	0.639384128959	0.6477	0.880036755335	0.824	0.942477796077	0.921	0	
20200424_210759.273825	0.639384128959	0.6477	0.880036755335	0.824	0.942477796077	0.9208	0	
20200424_210759.282469	0.639384128959	0.6476	0.880036755335	0.8241	0.942477796077	0.9219	0	
20200424_210759.290768	0.639384128959	0.6476	0.880036755335	0.8241	0.942477796077	0.9206	0	
20200424_210759.298642	0.639384128959	0.6476	0.880036755335	0.8241	0.942477796077	0.9207	0	
20200424_210759.307191	0.639384128959	0.6476	0.880036755335	0.8241	0.942477796077	0.9205	0	
20200424_210759.315521	0.639384128959	0.6477	0.880036755335	0.824	0.942477796077	0.9206	0	
20200424_210759.324010	0.639384128959	0.6477	0.880036755335	0.824	0.942477796077	0.9206	0	
20200424_210759.332246	0.639384128959	0.6477	0.880036755335	0.824	0.942477796077	0.9204	0	
20200424_210759.340992	0.639384128959	0.6477	0.880036755335	0.824	0.942477796077	0.9196	0	
20200424_210759.348898	0.639384128959	0.6477	0.880036755335	0.824	0.942477796077	0.92	0	
20200424_210759.357525	0.639384128959	0.6477	0.880036755335	0.8241	0.942477796077	0.9203	0	
20200424_210759.365766	0.639384128959	0.6476	0.880036755335	0.8241	0.942477796077	0.9205	0	
20200424_210759.374092	0.639384128959	0.6476	0.880036755335	0.8241	0.942477796077	0.9212	0	
20200424_210759.382268	0.639384128959	0.6476	0.880036755335	0.8241	0.942477796077	0.9203	0	
20200424_210759.390642	0.639384128959	0.6476	0.880036755335	0.8241	0.942477796077	0.9211	0	
20200424_210759.398934	0.639384128959	0.6477	0.880036755335	0.8241	0.942477796077	0.9204	0	
20200424_210759.407147	0.639384128959	0.6477	0.880036755335	0.824	0.942477796077	0.9208	0	
20200424_210759.415841	0.639384128959	0.6477	0.880036755335	0.824	0.942477796077	0.9206	0	
20200424_210759.424108	0.639384128959	0.6477	0.880036755335	0.824	0.942477796077	0.9199	0	
20200424_210759.432216	0.639384128959	0.6477	0.880036755335	0.824	0.942477796077	0.9203	0	
20200424_210759.440584	0.639384128959	0.6477	0.880036755335	0.824	0.942477796077	0.9203	0	
20200424_210759.448870	0.639384128959	0.6476	0.880036755335	0.8241	0.942477796077	0.9213	0	
20200424_210759.457226	0.639384128959	0.6476	0.880036755335	0.8241	0.942477796077	0.9214	0	
20200424_210759.465530	0.639384128959	0.6476	0.880036755335	0.8241	0.942477796077	0.9212	0	
20200424_210759.474166	0.639384128959	0.6476	0.880036755335	0.8241	0.942477796077	0.9218	0	
20200424_210759.482092	0.639384128959	0.6477	0.880036755335	0.8241	0.942477796077	0.9208	0	
20200424_210759.490894	0.639384128959	0.6477	0.880036755335	0.824	0.942477796077	0.9202	0	
20200424_210759.499258	0.639384128959	0.6477	0.880036755335	0.824	0.942477796077	0.9203	0	
20200424_210759.507471	0.639384128959	0.6477	0.880036755335	0.824	0.942477796077	0.9202	0	
20200424_210759.515956	0.639384128959	0.6477	0.880036755335	0.824	0.942477796077	0.9211	0	
20200424_210759.524160	0.639384128959	0.6477	0.880036755335	0.824	0.942477796077	0.9203	0	
20200424_210759.531965	0.639384128959	0.6476	0.880036755335	0.8241	0.942477796077	0.9214	0	
20200424_210759.540877	0.639384128959	0.6476	0.880036755335	0.8241	0.942477796077	0.9209	0	
20200424_210759.548770	0.639384128959	0.6476	0.880036755335	0.8241	0.942477796077	0.9212	0	
20200424_210759.557889	0.639384128959	0.6476	0.880036755335	0.824	0.942477796077	0.9205	0	
20200424_210759.565278	0.639384128959	0.6477	0.880036755335	0.824	0.942477796077	0.9211	0	
20200424_210759.573644	0.639384128959	0.6478	0.880036755335	0.824	0.942477796077	0.9209	0	
20200424_210759.581767	0.639384128959	0.6477	0.880036755335	0.824	0.942477796077	0.9208	0	
20200424_210759.590228	0.639384128959	0.6477	0.880036755335	0.824	0.942477796077	0.9205	0	
20200424_210759.598383	0.639384128959	0.6476	0.880036755335	0.824	0.942477796077	0.9212	0	
20200424_210759.606837	0.639384128959	0.6476	0.880036755335	0.8241	0.942477796077	0.9211	0	
20200424_210759.616928	0.639384128959	0.6476	0.880036755335	0.8241	0.942477796077	0.9216	0	
20200424_210759.623516	0.639384128959	0.6466	0.880036755335	0.8238	0.942477796077	0.9385	0	
20200424_210759.631967	0.639384128959	0.6466	0.880036755335	0.8238	0.942477796077	0.9374	0	
20200424_210759.640604	0.639384128959	0.6478	0.880036755335	0.824	0.942477796077	0.9199	0	
20200424_210759.648589	0.639384128959	0.6478	0.880036755335	0.824	0.942477796077	0.9197	0	
20200424_210759.657323	0.639384128959	0.6478	0.880036755335	0.824	0.942477796077	0.9199	0	
20200424_210759.665931	0.639384128959	0.6477	0.880036755335	0.8241	0.942477796077	0.9208	0	
20200424_210759.673964	0.639384128959	0.6476	0.880036755335	0.8241	0.942477796077	0.9214	0	
20200424_210759.682657	0.639384128959	0.6476	0.880036755335	0.8244	0.942477796077	0.9233	0	
20200424_210759.691244	0.639384128959	0.6476	0.880036755335	0.8241	0.942477796077	0.9212	0	
20200424_210759.698623	0.639384128959	0.6476	0.880036755335	0.8241	0.942477796077	0.9211	0	
20200424_210759.707683	0.639384128959	0.6477	0.880036755335	0.8241	0.942477796077	0.921	0	
20200424_210759.716325	0.639384128959	0.6477	0.880036755335	0.824	0.942477796077	0.9208	0	
20200424_210759.724049	0.639384128959	0.6478	0.880036755335	0.824	0.942477796077	0.9195	0	
20200424_210759.732892	0.639384128959	0.6477	0.880036755335	0.824	0.942477796077	0.9199	0	
20200424_210759.741024	0.639384128959	0.6477	0.880036755335	0.824	0.942477796077	0.9202	0	
20200424_210759.749364	0.639384128959	0.6477	0.880036755335	0.8241	0.942477796077	0.9207	0	
20200424_210759.757119	0.639384128959	0.6476	0.880036755335	0.8241	0.942477796077	0.9215	0	
20200424_210759.765218	0.639384128959	0.6478	0.880036755335	0.8239	0.942477796077	0.9171	0	
20200424_210759.773567	0.639384128959	0.6478	0.880036755335	0.8239	0.942477796077	0.9167	0	
20200424_210759.781988	0.639384128959	0.6476	0.880036755335	0.8241	0.942477796077	0.9214	0	
20200424_210759.790405	0.639384128959	0.6477	0.880036755335	0.8241	0.942477796077	0.9213	0	
20200424_210759.798839	0.639384128959	0.6477	0.880036755335	0.824	0.942477796077	0.9209	0	
20200424_210759.807234	0.639384128959	0.6478	0.880036755335	0.824	0.942477796077	0.9197	0	
20200424_210759.815462	0.639384128959	0.6478	0.880036755335	0.824	0.942477796077	0.9206	0	
20200424_210759.823974	0.639384128959	0.6477	0.880036755335	0.8241	0.942477796077	0.9205	0	
20200424_210759.832408	0.639384128959	0.6476	0.880036755335	0.8241	0.942477796077	0.9217	0	
20200424_210759.840961	0.639384128959	0.6476	0.880036755335	0.8241	0.942477796077	0.9215	0	
20200424_210759.848963	0.639384128959	0.6478	0.880036755335	0.8239	0.942477796077	0.9167	0	
20200424_210759.857334	0.639384128959	0.6476	0.880036755335	0.8241	0.942477796077	0.9216	0	
20200424_210759.865336	0.639384128959	0.6477	0.880036755335	0.8241	0.942477796077	0.921	0	
20200424_210759.873848	0.639384128959	0.6477	0.880036755335	0.824	0.942477796077	0.9201	0	
20200424_210759.882537	0.639384128959	0.6478	0.880036755335	0.8244	0.942477796077	0.9245	0	
20200424_210759.891060	0.639384128959	0.6478	0.880036755335	0.824	0.942477796077	0.9202	0	
20200424_210759.899316	0.639384128959	0.6478	0.880036755335	0.824	0.942477796077	0.9204	0	
20200424_210759.907799	0.639384128959	0.6477	0.880036755335	0.824	0.942477796077	0.9209	0	
20200424_210759.915723	0.639384128959	0.6476	0.880036755335	0.8241	0.942477796077	0.9215	0	
20200424_210759.923976	0.639384128959	0.6476	0.880036755335	0.8241	0.942477796077	0.9214	0	
20200424_210759.932352	0.639384128959	0.6476	0.880036755335	0.8241	0.942477796077	0.9215	0	
20200424_210759.940754	0.639384128959	0.6476	0.880036755335	0.8241	0.942477796077	0.9212	0	
20200424_210759.948772	0.639384128959	0.6477	0.880036755335	0.8241	0.942477796077	0.9216	0	
20200424_210759.957459	0.639384128959	0.6477	0.880036755335	0.824	0.942477796077	0.9205	0	
20200424_210759.965476	0.639384128959	0.6478	0.880036755335	0.824	0.942477796077	0.9204	0	
20200424_210759.973783	0.639384128959	0.6478	0.880036755335	0.824	0.942477796077	0.92	0	
20200424_210759.982099	0.639384128959	0.6477	0.880036755335	0.824	0.942477796077	0.9204	0	
20200424_210759.990850	0.639384128959	0.6477	0.880036755335	0.8241	0.942477796077	0.9214	0	
20200424_210759.998962	0.639384128959	0.6476	0.880036755335	0.8241	0.942477796077	0.9216	0	
20200424_210800.007603	0.639384128959	0.6478	0.880036755335	0.8239	0.942477796077	0.9165	0	
20200424_210800.015431	0.639384128959	0.6478	0.880036755335	0.8239	0.942477796077	0.9164	0	
20200424_210800.023723	0.639384128959	0.6476	0.880036755335	0.8241	0.942477796077	0.9209	0	
20200424_210800.032507	0.639384128959	0.6477	0.880036755335	0.824	0.942477796077	0.9206	0	
20200424_210800.041289	0.639384128959	0.6477	0.880036755335	0.824	0.942477796077	0.9199	0	
20200424_210800.049098	0.639384128959	0.6477	0.880036755335	0.824	0.942477796077	0.9206	0	
20200424_210800.057008	0.639384128959	0.6477	0.880036755335	0.824	0.942477796077	0.9208	0	
20200424_210800.065268	0.639384128959	0.6477	0.880036755335	0.824	0.942477796077	0.9205	0	
20200424_210800.073726	0.639384128959	0.6476	0.880036755335	0.8241	0.942477796077	0.921	0	
20200424_210800.083622	0.639384128959	0.6478	0.880036755335	0.8242	0.942477796077	0.9216	0	
20200424_210800.091324	0.639384128959	0.6478	0.880036755335	0.8239	0.942477796077	0.9162	0	
20200424_210800.098593	0.639384128959	0.6476	0.880036755335	0.8241	0.942477796077	0.921	0	
20200424_210800.107396	0.639384128959	0.6477	0.880036755335	0.8241	0.942477796077	0.9202	0	
20200424_210800.115521	0.639384128959	0.6477	0.880036755335	0.824	0.942477796077	0.9202	0	
20200424_210800.124313	0.639384128959	0.6477	0.880036755335	0.824	0.942477796077	0.92	0	
20200424_210800.132947	0.639384128959	0.6477	0.880036755335	0.824	0.942477796077	0.9207	0	
20200424_210800.140642	0.639384128959	0.6476	0.880036755335	0.8241	0.942477796077	0.9208	0	
20200424_210800.150016	0.639384128959	0.6476	0.880036755335	0.8241	0.942477796077	0.9215	0	
20200424_210800.158807	0.639384128959	0.6476	0.880036755335	0.8241	0.942477796077	0.921	0	
20200424_210800.165399	0.639384128959	0.6476	0.880036755335	0.8241	0.942477796077	0.9209	0	
20200424_210800.174502	0.639384128959	0.6476	0.880036755335	0.8241	0.942477796077	0.9206	0	
20200424_210800.182281	0.639384128959	0.6477	0.880036755335	0.824	0.942477796077	0.92	0	
20200424_210800.191166	0.639384128959	0.6477	0.880036755335	0.824	0.942477796077	0.9201	0	
20200424_210800.198959	0.639384128959	0.6478	0.880036755335	0.824	0.942477796077	0.9194	0	
