Time	X_Setpt	X_FB	Y_Setpt	Y_FB	Theta_Setpt	Theta_FB	Motion Status	
20200424_210720.033209	-0.5	-1.0939	6.12323399574e-17	0.8043	3.14159265359	2.5163	1	
20200424_210720.127836	-0.5	-1.0939	6.12323399574e-17	0.8043	3.14159265359	2.5163	1	
20200424_210720.227923	-0.5	-1.0968	6.12323399574e-17	0.8055	3.14159265359	2.5082	1	
20200424_210720.327936	-0.5	-1.0999	6.12323399574e-17	0.8097	3.14159265359	2.5477	1	
20200424_210720.427980	-0.5	-1.1028	6.12323399574e-17	0.8189	3.14159265359	2.6844	1	
20200424_210720.528010	-0.5	-1.1074	6.12323399574e-17	0.8268	3.14159265359	2.7848	1	
20200424_210720.627778	-0.5	-1.1123	6.12323399574e-17	0.8335	3.14159265359	2.8967	1	
20200424_210720.727852	-0.5	-1.1208	6.12323399574e-17	0.8431	3.14159265359	3.0689	1	
20200424_210720.827854	-0.5	-1.1254	6.12323399574e-17	0.8468	3.14159265359	3.135	1	
20200424_210720.927965	-0.5	-1.1384	6.12323399574e-17	0.8554	3.14159265359	-2.9501	1	
20200424_210721.027989	-0.5	-1.1477	6.12323399574e-17	0.8588	3.14159265359	-2.8274	1	
20200424_210721.127959	-0.5	-1.158	6.12323399574e-17	0.8623	3.14159265359	-2.6999	1	
20200424_210721.227946	-0.5	-1.1684	6.12323399574e-17	0.8642	3.14159265359	-2.5653	1	
20200424_210721.327979	-0.5	-1.1798	6.12323399574e-17	0.8645	3.14159265359	-2.4443	1	
20200424_210721.427917	-0.5	-1.1908	6.12323399574e-17	0.8628	3.14159265359	-2.2995	1	
20200424_210721.527886	-0.5	-1.1996	6.12323399574e-17	0.8612	3.14159265359	-2.1934	1	
20200424_210721.627766	-0.5	-1.2115	6.12323399574e-17	0.8569	3.14159265359	-2.0511	1	
20200424_210721.728063	-0.5	-1.2202	6.12323399574e-17	0.8513	3.14159265359	-1.9325	1	
20200424_210721.827874	-0.5	-1.2291	6.12323399574e-17	0.8453	3.14159265359	-1.7976	1	
20200424_210721.927822	-0.5	-1.238	6.12323399574e-17	0.8377	3.14159265359	-1.6539	1	
20200424_210722.027912	-0.5	-1.2433	6.12323399574e-17	0.8304	3.14159265359	-1.5478	1	
20200424_210722.128000	-0.5	-1.2497	6.12323399574e-17	0.8209	3.14159265359	-1.4044	1	
20200424_210722.227995	-0.5	-1.2531	6.12323399574e-17	0.8125	3.14159265359	-1.2779	1	
20200424_210722.327875	-0.5	-1.2567	6.12323399574e-17	0.8012	3.14159265359	-1.1542	1	
20200424_210722.428060	-0.5	-1.2572	6.12323399574e-17	0.7906	3.14159265359	-1.0389	1	
20200424_210722.527938	-0.5	-1.2555	6.12323399574e-17	0.7783	3.14159265359	-0.9535	1	
20200424_210722.627830	-0.5	-1.2484	6.12323399574e-17	0.7649	3.14159265359	-0.906	1	
20200424_210722.727880	-0.5	-1.2401	6.12323399574e-17	0.7518	3.14159265359	-0.8763	1	
20200424_210722.827926	-0.5	-1.2277	6.12323399574e-17	0.7367	3.14159265359	-0.853	1	
20200424_210722.927882	-0.5	-1.2148	6.12323399574e-17	0.7216	3.14159265359	-0.8427	1	
20200424_210723.028172	-0.5	-1.1995	6.12323399574e-17	0.7039	3.14159265359	-0.8456	1	
20200424_210723.127840	-0.880036755335	-1.1865	-0.639384128959	0.6905	-2.51327412287	-0.8586	1	
20200424_210723.227960	-0.880036755335	-1.1742	-0.639384128959	0.682	-2.51327412287	-0.9378	1	
20200424_210723.327944	-0.880036755335	-1.1612	-0.639384128959	0.6733	-2.51327412287	-1.0558	1	
20200424_210723.427994	-0.880036755335	-1.1527	-0.639384128959	0.6664	-2.51327412287	-1.1448	1	
20200424_210723.527956	-0.880036755335	-1.1428	-0.639384128959	0.6537	-2.51327412287	-1.215	1	
20200424_210723.627831	-0.880036755335	-1.1348	-0.639384128959	0.6385	-2.51327412287	-1.2714	1	
20200424_210723.727979	-0.880036755335	-1.1287	-0.639384128959	0.6225	-2.51327412287	-1.305	1	
20200424_210723.827848	-0.880036755335	-1.1225	-0.639384128959	0.604	-2.51327412287	-1.3306	1	
20200424_210723.928013	-0.880036755335	-1.1175	-0.639384128959	0.5868	-2.51327412287	-1.332	1	
20200424_210724.027965	-0.880036755335	-1.1111	-0.639384128959	0.5635	-2.51327412287	-1.3323	1	
20200424_210724.127932	-0.880036755335	-1.1066	-0.639384128959	0.5434	-2.51327412287	-1.3296	1	
20200424_210724.227912	-0.880036755335	-1.1013	-0.639384128959	0.5214	-2.51327412287	-1.3264	1	
20200424_210724.327811	-0.880036755335	-1.0969	-0.639384128959	0.5045	-2.51327412287	-1.3292	1	
20200424_210724.427897	-0.880036755335	-1.0918	-0.639384128959	0.4849	-2.51327412287	-1.3354	1	
20200424_210724.527993	-0.880036755335	-1.0863	-0.639384128959	0.4636	-2.51327412287	-1.3392	1	
20200424_210724.627820	-0.880036755335	-1.0808	-0.639384128959	0.4424	-2.51327412287	-1.343	1	
20200424_210724.727853	-0.880036755335	-1.0769	-0.639384128959	0.4241	-2.51327412287	-1.3473	1	
20200424_210724.827995	-0.880036755335	-1.0711	-0.639384128959	0.4038	-2.51327412287	-1.3486	1	
20200424_210724.927900	-0.880036755335	-1.0667	-0.639384128959	0.3841	-2.51327412287	-1.3463	1	
20200424_210725.027985	-0.880036755335	-1.0612	-0.639384128959	0.3641	-2.51327412287	-1.3471	1	
20200424_210725.128042	-0.880036755335	-1.0569	-0.639384128959	0.3425	-2.51327412287	-1.3427	1	
20200424_210725.227929	-0.880036755335	-1.0523	-0.639384128959	0.3241	-2.51327412287	-1.347	1	
20200424_210725.327891	-0.880036755335	-1.0474	-0.639384128959	0.3033	-2.51327412287	-1.3474	1	
20200424_210725.428013	-0.880036755335	-1.0426	-0.639384128959	0.2832	-2.51327412287	-1.3456	1	
20200424_210725.527999	-0.880036755335	-1.039	-0.639384128959	0.2642	-2.51327412287	-1.3449	1	
20200424_210725.628119	-0.880036755335	-1.0334	-0.639384128959	0.2411	-2.51327412287	-1.3451	1	
20200424_210725.727919	-0.880036755335	-1.0295	-0.639384128959	0.2234	-2.51327412287	-1.3523	1	
20200424_210725.827951	-0.880036755335	-1.0244	-0.639384128959	0.2031	-2.51327412287	-1.3526	1	
20200424_210725.927982	-0.880036755335	-1.0198	-0.639384128959	0.1834	-2.51327412287	-1.3501	1	
20200424_210726.027965	-0.880036755335	-1.0155	-0.639384128959	0.1633	-2.51327412287	-1.3503	1	
20200424_210726.127940	-0.448401123334	-1.0105	-1.38003675534	0.1431	-1.88495559215	-1.3481	1	
20200424_210726.227893	-0.448401123334	-1.0073	-1.38003675534	0.1253	-1.88495559215	-1.3289	1	
20200424_210726.327900	-0.448401123334	-1.0037	-1.38003675534	0.1068	-1.88495559215	-1.2998	1	
20200424_210726.427940	-0.448401123334	-1.0003	-1.38003675534	0.0886	-1.88495559215	-1.276	1	
20200424_210726.527924	-0.448401123334	-0.9948	-1.38003675534	0.0701	-1.88495559215	-1.2686	1	
20200424_210726.627785	-0.448401123334	-0.9877	-1.38003675534	0.0497	-1.88495559215	-1.2693	1	
20200424_210726.727948	-0.448401123334	-0.9811	-1.38003675534	0.0323	-1.88495559215	-1.2713	1	
20200424_210726.827966	-0.448401123334	-0.9753	-1.38003675534	0.0126	-1.88495559215	-1.2779	1	
20200424_210726.927977	-0.448401123334	-0.9685	-1.38003675534	-0.0064	-1.88495559215	-1.2831	1	
20200424_210727.027942	-0.448401123334	-0.963	-1.38003675534	-0.0254	-1.88495559215	-1.2812	1	
20200424_210727.127937	-0.448401123334	-0.9568	-1.38003675534	-0.044	-1.88495559215	-1.2795	1	
20200424_210727.227814	-0.448401123334	-0.9518	-1.38003675534	-0.0636	-1.88495559215	-1.2716	1	
20200424_210727.327938	-0.448401123334	-0.9455	-1.38003675534	-0.0846	-1.88495559215	-1.2691	1	
20200424_210727.427902	-0.448401123334	-0.9406	-1.38003675534	-0.103	-1.88495559215	-1.2702	1	
20200424_210727.527721	-0.448401123334	-0.9331	-1.38003675534	-0.1254	-1.88495559215	-1.2732	1	
20200424_210727.627815	-0.448401123334	-0.9268	-1.38003675534	-0.1452	-1.88495559215	-1.2731	1	
20200424_210727.727851	-0.448401123334	-0.9206	-1.38003675534	-0.1626	-1.88495559215	-1.277	1	
20200424_210727.827971	-0.448401123334	-0.9148	-1.38003675534	-0.1829	-1.88495559215	-1.2734	1	
20200424_210727.927984	-0.448401123334	-0.9089	-1.38003675534	-0.2029	-1.88495559215	-1.2712	1	
20200424_210728.027920	-0.448401123334	-0.9026	-1.38003675534	-0.2215	-1.88495559215	-1.2732	1	
20200424_210728.127954	-0.448401123334	-0.8964	-1.38003675534	-0.2418	-1.88495559215	-1.2735	1	
20200424_210728.227929	-0.448401123334	-0.8897	-1.38003675534	-0.2624	-1.88495559215	-1.2731	1	
20200424_210728.327991	-0.448401123334	-0.8838	-1.38003675534	-0.2818	-1.88495559215	-1.2732	1	
20200424_210728.427858	-0.448401123334	-0.8781	-1.38003675534	-0.3023	-1.88495559215	-1.27	1	
20200424_210728.527972	-0.448401123334	-0.8728	-1.38003675534	-0.3217	-1.88495559215	-1.2689	1	
20200424_210728.627765	-0.448401123334	-0.8654	-1.38003675534	-0.3435	-1.88495559215	-1.2734	1	
20200424_210728.727792	-0.448401123334	-0.8603	-1.38003675534	-0.3606	-1.88495559215	-1.2776	1	
20200424_210728.827869	-0.448401123334	-0.8537	-1.38003675534	-0.3798	-1.88495559215	-1.2725	1	
20200424_210728.927925	-0.448401123334	-0.8486	-1.38003675534	-0.3989	-1.88495559215	-1.2576	1	
20200424_210729.027835	-0.448401123334	-0.8421	-1.38003675534	-0.4181	-1.88495559215	-1.2546	1	
20200424_210729.127884	0.448401123334	-0.8359	-1.38003675534	-0.439	-1.25663706144	-1.2454	1	
20200424_210729.228188	0.448401123334	-0.8352	-1.38003675534	-0.4522	-1.25663706144	-1.1648	1	
20200424_210729.327819	0.448401123334	-0.8367	-1.38003675534	-0.4614	-1.25663706144	-1.0543	1	
20200424_210729.427910	0.448401123334	-0.8361	-1.38003675534	-0.4718	-1.25663706144	-0.9376	1	
20200424_210729.527972	0.448401123334	-0.8345	-1.38003675534	-0.4811	-1.25663706144	-0.8407	1	
20200424_210729.627877	0.448401123334	-0.8282	-1.38003675534	-0.4937	-1.25663706144	-0.7564	1	
20200424_210729.727924	0.448401123334	-0.8203	-1.38003675534	-0.5039	-1.25663706144	-0.7154	1	
20200424_210729.827886	0.448401123334	-0.8079	-1.38003675534	-0.5163	-1.25663706144	-0.6772	1	
20200424_210729.927946	0.448401123334	-0.7951	-1.38003675534	-0.527	-1.25663706144	-0.6532	1	
20200424_210730.027942	0.448401123334	-0.7777	-1.38003675534	-0.5397	-1.25663706144	-0.6504	1	
20200424_210730.127949	0.448401123334	-0.7632	-1.38003675534	-0.5508	-1.25663706144	-0.6441	1	
20200424_210730.227980	0.448401123334	-0.747	-1.38003675534	-0.563	-1.25663706144	-0.6457	1	
20200424_210730.327991	0.448401123334	-0.7289	-1.38003675534	-0.5755	-1.25663706144	-0.6514	1	
20200424_210730.427987	0.448401123334	-0.7127	-1.38003675534	-0.5874	-1.25663706144	-0.6538	1	
20200424_210730.527924	0.448401123334	-0.6969	-1.38003675534	-0.6	-1.25663706144	-0.6608	1	
20200424_210730.627836	0.448401123334	-0.6792	-1.38003675534	-0.6137	-1.25663706144	-0.66	1	
20200424_210730.727946	0.448401123334	-0.6645	-1.38003675534	-0.6246	-1.25663706144	-0.6586	1	
20200424_210730.827892	0.448401123334	-0.6458	-1.38003675534	-0.6386	-1.25663706144	-0.6587	1	
20200424_210730.927988	0.448401123334	-0.6305	-1.38003675534	-0.6491	-1.25663706144	-0.6571	1	
20200424_210731.027916	0.448401123334	-0.6136	-1.38003675534	-0.6625	-1.25663706144	-0.6575	1	
20200424_210731.128065	0.448401123334	-0.5968	-1.38003675534	-0.6745	-1.25663706144	-0.6627	1	
20200424_210731.227995	0.448401123334	-0.5806	-1.38003675534	-0.6875	-1.25663706144	-0.6609	1	
20200424_210731.327997	0.448401123334	-0.5633	-1.38003675534	-0.7012	-1.25663706144	-0.66	1	
20200424_210731.427992	0.448401123334	-0.5456	-1.38003675534	-0.7138	-1.25663706144	-0.6642	1	
20200424_210731.527875	0.448401123334	-0.5312	-1.38003675534	-0.7255	-1.25663706144	-0.6604	1	
20200424_210731.627829	0.448401123334	-0.5141	-1.38003675534	-0.739	-1.25663706144	-0.6624	1	
20200424_210731.727939	0.448401123334	-0.4989	-1.38003675534	-0.7496	-1.25663706144	-0.6636	1	
20200424_210731.827820	0.448401123334	-0.4822	-1.38003675534	-0.7622	-1.25663706144	-0.6624	1	
20200424_210731.927874	0.448401123334	-0.4653	-1.38003675534	-0.7754	-1.25663706144	-0.6618	1	
20200424_210732.027914	0.448401123334	-0.4499	-1.38003675534	-0.7879	-1.25663706144	-0.6593	1	
20200424_210732.127923	0.880036755335	-0.4331	-0.639384128959	-0.8015	-0.628318530718	-0.6443	1	
20200424_210732.227979	0.880036755335	-0.4252	-0.639384128959	-0.8122	-0.628318530718	-0.5524	1	
20200424_210732.327993	0.880036755335	-0.4208	-0.639384128959	-0.8214	-0.628318530718	-0.4319	1	
20200424_210732.427873	0.880036755335	-0.4151	-0.639384128959	-0.831	-0.628318530718	-0.303	1	
20200424_210732.527774	0.880036755335	-0.4079	-0.639384128959	-0.8396	-0.628318530718	-0.1762	1	
20200424_210732.627778	0.880036755335	-0.3993	-0.639384128959	-0.847	-0.628318530718	-0.0511	1	
20200424_210732.727933	0.880036755335	-0.3891	-0.639384128959	-0.8509	-0.628318530718	0.0231	1	
20200424_210732.827931	0.880036755335	-0.3728	-0.639384128959	-0.8533	-0.628318530718	0.0818	1	
20200424_210732.928167	0.880036755335	-0.3554	-0.639384128959	-0.853	-0.628318530718	0.1134	1	
20200424_210733.027913	0.880036755335	-0.3383	-0.639384128959	-0.8517	-0.628318530718	0.1346	1	
20200424_210733.127930	0.880036755335	-0.3159	-0.639384128959	-0.8488	-0.628318530718	0.1402	1	
20200424_210733.227934	0.880036755335	-0.2973	-0.639384128959	-0.8455	-0.628318530718	0.1382	1	
20200424_210733.327972	0.880036755335	-0.2753	-0.639384128959	-0.8428	-0.628318530718	0.1406	1	
20200424_210733.427951	0.880036755335	-0.2577	-0.639384128959	-0.8411	-0.628318530718	0.1402	1	
20200424_210733.527909	0.880036755335	-0.2366	-0.639384128959	-0.8383	-0.628318530718	0.1447	1	
20200424_210733.627809	0.880036755335	-0.2187	-0.639384128959	-0.8355	-0.628318530718	0.1501	1	
20200424_210733.727934	0.880036755335	-0.1964	-0.639384128959	-0.8323	-0.628318530718	0.1466	1	
20200424_210733.827928	0.880036755335	-0.1788	-0.639384128959	-0.8287	-0.628318530718	0.1437	1	
20200424_210733.927934	0.880036755335	-0.1575	-0.639384128959	-0.8252	-0.628318530718	0.1443	1	
20200424_210734.027951	0.880036755335	-0.1361	-0.639384128959	-0.822	-0.628318530718	0.1479	1	
20200424_210734.127920	0.880036755335	-0.1164	-0.639384128959	-0.819	-0.628318530718	0.1464	1	
20200424_210734.227919	0.880036755335	-0.0947	-0.639384128959	-0.8151	-0.628318530718	0.1471	1	
20200424_210734.327873	0.880036755335	-0.0745	-0.639384128959	-0.813	-0.628318530718	0.1503	1	
20200424_210734.427958	0.880036755335	-0.0548	-0.639384128959	-0.8097	-0.628318530718	0.1486	1	
20200424_210734.528044	0.880036755335	-0.0322	-0.639384128959	-0.8067	-0.628318530718	0.1519	1	
20200424_210734.627783	0.880036755335	-0.0128	-0.639384128959	-0.8032	-0.628318530718	0.1508	1	
20200424_210734.727907	0.880036755335	0.0039	-0.639384128959	-0.8007	-0.628318530718	0.1526	1	
20200424_210734.827896	0.880036755335	0.0248	-0.639384128959	-0.7962	-0.628318530718	0.1467	1	
20200424_210734.927995	0.880036755335	0.0459	-0.639384128959	-0.7937	-0.628318530718	0.1476	1	
20200424_210735.027915	0.880036755335	0.0668	-0.639384128959	-0.79	-0.628318530718	0.1426	1	
20200424_210735.127961	0.5	0.0863	-1.22464679915e-16	-0.787	0.0	0.1491	1	
20200424_210735.227961	0.5	0.0998	-1.22464679915e-16	-0.7892	0.0	0.2356	1	
20200424_210735.327968	0.5	0.1098	-1.22464679915e-16	-0.7911	0.0	0.3395	1	
20200424_210735.428050	0.5	0.1183	-1.22464679915e-16	-0.7943	0.0	0.4646	1	
20200424_210735.527908	0.5	0.1296	-1.22464679915e-16	-0.7957	0.0	0.5894	1	
20200424_210735.627832	0.5	0.1406	-1.22464679915e-16	-0.7952	0.0	0.7207	1	
20200424_210735.727987	0.5	0.1499	-1.22464679915e-16	-0.7952	0.0	0.8381	1	
20200424_210735.827940	0.5	0.1601	-1.22464679915e-16	-0.79	0.0	0.9423	1	
20200424_210735.927916	0.5	0.1713	-1.22464679915e-16	-0.7816	0.0	1.0343	1	
20200424_210736.027946	0.5	0.1805	-1.22464679915e-16	-0.7709	0.0	1.0937	1	
20200424_210736.127969	0.5	0.1904	-1.22464679915e-16	-0.7564	0.0	1.1428	1	
20200424_210736.228062	0.5	0.2002	-1.22464679915e-16	-0.7378	0.0	1.1643	1	
20200424_210736.327975	0.5	0.2076	-1.22464679915e-16	-0.721	0.0	1.1654	1	
20200424_210736.427954	0.5	0.216	-1.22464679915e-16	-0.7011	0.0	1.1656	1	
20200424_210736.527992	0.5	0.2231	-1.22464679915e-16	-0.6839	0.0	1.1627	1	
20200424_210736.627873	0.5	0.2316	-1.22464679915e-16	-0.6643	0.0	1.1599	1	
20200424_210736.727780	0.5	0.24	-1.22464679915e-16	-0.6426	0.0	1.1646	1	
20200424_210736.827789	0.5	0.2472	-1.22464679915e-16	-0.6245	0.0	1.1624	1	
20200424_210736.927953	0.5	0.2547	-1.22464679915e-16	-0.6067	0.0	1.1623	1	
20200424_210737.027918	0.5	0.2644	-1.22464679915e-16	-0.586	0.0	1.168	1	
20200424_210737.127977	0.5	0.2726	-1.22464679915e-16	-0.5679	0.0	1.1716	1	
20200424_210737.227959	0.5	0.2807	-1.22464679915e-16	-0.5473	0.0	1.1699	1	
20200424_210737.327932	0.5	0.2879	-1.22464679915e-16	-0.53	0.0	1.1688	1	
20200424_210737.427903	0.5	0.2957	-1.22464679915e-16	-0.5123	0.0	1.1658	1	
20200424_210737.527978	0.5	0.3041	-1.22464679915e-16	-0.4921	0.0	1.1677	1	
20200424_210737.627852	0.5	0.3129	-1.22464679915e-16	-0.4714	0.0	1.1644	1	
20200424_210737.727946	0.5	0.3199	-1.22464679915e-16	-0.4544	0.0	1.1675	1	
20200424_210737.827965	0.5	0.3281	-1.22464679915e-16	-0.4357	0.0	1.1674	1	
20200424_210737.928281	0.5	0.3363	-1.22464679915e-16	-0.4168	0.0	1.1705	1	
20200424_210738.028033	0.5	0.3444	-1.22464679915e-16	-0.3987	0.0	1.1704	1	
20200424_210738.127983	0.880036755335	0.3518	0.639384128959	-0.3805	0.628318530718	1.1703	1	
20200424_210738.227992	0.880036755335	0.3605	0.639384128959	-0.3598	0.628318530718	1.1733	1	
20200424_210738.327957	0.880036755335	0.368	0.639384128959	-0.3426	0.628318530718	1.178	1	
20200424_210738.427939	0.880036755335	0.3759	0.639384128959	-0.3238	0.628318530718	1.1755	1	
20200424_210738.527919	0.880036755335	0.383	0.639384128959	-0.3049	0.628318530718	1.1615	1	
20200424_210738.627869	0.880036755335	0.3909	0.639384128959	-0.2849	0.628318530718	1.1594	1	
20200424_210738.727907	0.880036755335	0.3988	0.639384128959	-0.2657	0.628318530718	1.1657	1	
20200424_210738.827935	0.880036755335	0.4072	0.639384128959	-0.2484	0.628318530718	1.1738	1	
20200424_210738.927993	0.880036755335	0.4145	0.639384128959	-0.2295	0.628318530718	1.1735	1	
20200424_210739.027997	0.880036755335	0.4217	0.639384128959	-0.2097	0.628318530718	1.1568	1	
20200424_210739.127936	0.880036755335	0.4272	0.639384128959	-0.1959	0.628318530718	1.1385	1	
20200424_210739.227900	0.880036755335	0.4355	0.639384128959	-0.1778	0.628318530718	1.1316	1	
20200424_210739.327882	0.880036755335	0.445	0.639384128959	-0.156	0.628318530718	1.1376	1	
20200424_210739.427924	0.880036755335	0.4544	0.639384128959	-0.1366	0.628318530718	1.133	1	
20200424_210739.527898	0.880036755335	0.4626	0.639384128959	-0.12	0.628318530718	1.1287	1	
20200424_210739.627852	0.880036755335	0.4714	0.639384128959	-0.0997	0.628318530718	1.1261	1	
20200424_210739.727869	0.880036755335	0.4782	0.639384128959	-0.0824	0.628318530718	1.1246	1	
20200424_210739.827954	0.880036755335	0.487	0.639384128959	-0.0634	0.628318530718	1.1213	1	
20200424_210739.927873	0.880036755335	0.4943	0.639384128959	-0.0436	0.628318530718	1.1318	1	
20200424_210740.027974	0.880036755335	0.5043	0.639384128959	-0.0255	0.628318530718	1.1141	1	
20200424_210740.127942	0.880036755335	0.5111	0.639384128959	-0.0078	0.628318530718	1.1292	1	
20200424_210740.227886	0.880036755335	0.5209	0.639384128959	0.0125	0.628318530718	1.1422	1	
20200424_210740.327877	0.880036755335	0.5298	0.639384128959	0.0293	0.628318530718	1.0997	1	
20200424_210740.428000	0.880036755335	0.5369	0.639384128959	0.0443	0.628318530718	1.0857	1	
20200424_210740.528050	0.880036755335	0.5445	0.639384128959	0.0634	0.628318530718	1.0561	1	
20200424_210740.627828	0.880036755335	0.552	0.639384128959	0.0773	0.628318530718	1.1007	1	
20200424_210740.727922	0.880036755335	0.5637	0.639384128959	0.0959	0.628318530718	1.0651	1	
20200424_210740.827871	0.880036755335	0.5715	0.639384128959	0.1143	0.628318530718	1.0925	1	
20200424_210740.927910	0.880036755335	0.5811	0.639384128959	0.1318	0.628318530718	1.1009	1	
20200424_210741.027927	0.880036755335	0.5912	0.639384128959	0.1508	0.628318530718	1.1087	1	
20200424_210741.127909	0.448401123334	0.6001	1.38003675534	0.1661	1.25663706144	1.1114	1	
20200424_210741.227960	0.448401123334	0.6109	1.38003675534	0.1795	1.25663706144	1.1907	1	
20200424_210741.327909	0.448401123334	0.6205	1.38003675534	0.1837	1.25663706144	1.3181	1	
20200424_210741.427981	0.448401123334	0.6261	1.38003675534	0.1908	1.25663706144	1.4154	1	
20200424_210741.527888	0.448401123334	0.6337	1.38003675534	0.1977	1.25663706144	1.48	1	
20200424_210741.627820	0.448401123334	0.6371	1.38003675534	0.2112	1.25663706144	1.5717	1	
20200424_210741.727877	0.448401123334	0.6381	1.38003675534	0.2256	1.25663706144	1.6373	1	
20200424_210741.827932	0.448401123334	0.6395	1.38003675534	0.2445	1.25663706144	1.6814	1	
20200424_210741.927907	0.448401123334	0.639	1.38003675534	0.2616	1.25663706144	1.698	1	
20200424_210742.027958	0.448401123334	0.636	1.38003675534	0.2831	1.25663706144	1.7185	1	
20200424_210742.128367	0.448401123334	0.6344	1.38003675534	0.3039	1.25663706144	1.722	1	
20200424_210742.228386	0.448401123334	0.6321	1.38003675534	0.3221	1.25663706144	1.7192	1	
20200424_210742.327809	0.448401123334	0.6281	1.38003675534	0.3438	1.25663706144	1.7129	1	
20200424_210742.427921	0.448401123334	0.6268	1.38003675534	0.365	1.25663706144	1.7042	1	
20200424_210742.527966	0.448401123334	0.6268	1.38003675534	0.3709	1.25663706144	1.7093	1	
20200424_210742.627827	0.448401123334	0.6233	1.38003675534	0.3919	1.25663706144	1.7042	1	
20200424_210742.727843	0.448401123334	0.6185	1.38003675534	0.4251	1.25663706144	1.7131	1	
20200424_210742.827939	0.448401123334	0.6157	1.38003675534	0.4426	1.25663706144	1.7068	1	
20200424_210742.927946	0.448401123334	0.6119	1.38003675534	0.4631	1.25663706144	1.6942	1	
20200424_210743.027968	0.448401123334	0.6094	1.38003675534	0.4825	1.25663706144	1.7029	1	
20200424_210743.127951	0.448401123334	0.6074	1.38003675534	0.4998	1.25663706144	1.6992	1	
20200424_210743.227971	0.448401123334	0.6057	1.38003675534	0.5084	1.25663706144	1.6998	1	
20200424_210743.328027	0.448401123334	0.6057	1.38003675534	0.5084	1.25663706144	1.6998	1	
20200424_210743.427907	0.448401123334	0.5994	1.38003675534	0.5533	1.25663706144	1.7019	1	
20200424_210743.527966	0.448401123334	0.5994	1.38003675534	0.5533	1.25663706144	1.7019	1	
20200424_210743.627844	0.448401123334	0.5926	1.38003675534	0.6033	1.25663706144	1.7101	1	
20200424_210743.727906	0.448401123334	0.5915	1.38003675534	0.6125	1.25663706144	1.7118	1	
20200424_210743.827909	0.448401123334	0.5915	1.38003675534	0.6125	1.25663706144	1.7118	1	
20200424_210743.927962	0.448401123334	0.5915	1.38003675534	0.6125	1.25663706144	1.7118	1	
20200424_210744.027944	0.448401123334	0.5915	1.38003675534	0.6125	1.25663706144	1.7118	1	
20200424_210744.127879	-0.448401123334	0.5788	1.38003675534	0.706	1.88495559215	1.7248	1	
20200424_210744.227991	-0.448401123334	0.579	1.38003675534	0.7115	1.88495559215	1.7425	1	
20200424_210744.328049	-0.448401123334	0.582	1.38003675534	0.7228	1.88495559215	1.8488	1	
20200424_210744.427946	-0.448401123334	0.582	1.38003675534	0.7228	1.88495559215	1.8488	1	
20200424_210744.527996	-0.448401123334	0.582	1.38003675534	0.7228	1.88495559215	1.8488	1	
20200424_210744.627819	-0.448401123334	0.582	1.38003675534	0.7228	1.88495559215	1.8488	1	
20200424_210744.727918	-0.448401123334	0.5869	1.38003675534	0.7613	1.88495559215	2.3331	1	
20200424_210744.827943	-0.448401123334	0.5869	1.38003675534	0.7613	1.88495559215	2.3331	1	
20200424_210744.927911	-0.448401123334	0.5869	1.38003675534	0.7613	1.88495559215	2.3331	1	
20200424_210745.028040	-0.448401123334	0.5869	1.38003675534	0.7613	1.88495559215	2.3331	1	
20200424_210745.127921	-0.448401123334	0.5869	1.38003675534	0.7613	1.88495559215	2.3331	1	
20200424_210745.227926	-0.448401123334	0.5869	1.38003675534	0.7613	1.88495559215	2.3331	1	
20200424_210745.327940	-0.448401123334	0.5286	1.38003675534	0.8211	1.88495559215	2.8728	1	
20200424_210745.427973	-0.448401123334	0.5286	1.38003675534	0.8211	1.88495559215	2.8728	1	
20200424_210745.527972	-0.448401123334	0.4982	1.38003675534	0.8304	1.88495559215	2.9118	1	
20200424_210745.627847	-0.448401123334	0.4982	1.38003675534	0.8304	1.88495559215	2.9118	1	
20200424_210745.727915	-0.448401123334	0.4664	1.38003675534	0.8337	1.88495559215	2.7961	1	
20200424_210745.827960	-0.448401123334	0.4664	1.38003675534	0.8337	1.88495559215	2.7961	1	
20200424_210745.927952	-0.448401123334	0.4664	1.38003675534	0.8337	1.88495559215	2.7961	1	
20200424_210746.027987	-0.448401123334	0.4282	1.38003675534	0.8422	1.88495559215	2.6751	1	
20200424_210746.127811	-0.448401123334	0.4282	1.38003675534	0.8422	1.88495559215	2.6751	1	
20200424_210746.227901	-0.448401123334	0.4282	1.38003675534	0.8422	1.88495559215	2.6751	1	
20200424_210746.327919	-0.448401123334	0.3618	1.38003675534	0.8745	1.88495559215	2.5987	1	
20200424_210746.427942	-0.448401123334	0.3539	1.38003675534	0.8801	1.88495559215	2.5971	1	
20200424_210746.527900	-0.448401123334	0.3539	1.38003675534	0.8801	1.88495559215	2.5971	1	
20200424_210746.627896	-0.448401123334	0.308	1.38003675534	0.908	1.88495559215	2.6003	1	
20200424_210746.727924	-0.448401123334	0.3	1.38003675534	0.9138	1.88495559215	2.6076	1	
20200424_210746.827886	-0.448401123334	0.2875	1.38003675534	0.9202	1.88495559215	2.6017	1	
20200424_210746.927927	-0.448401123334	0.2875	1.38003675534	0.9202	1.88495559215	2.6017	1	
20200424_210747.027838	-0.448401123334	0.2875	1.38003675534	0.9202	1.88495559215	2.6017	1	
20200424_210747.127958	-0.880036755335	0.2875	0.639384128959	0.9202	2.51327412287	2.6017	1	
20200424_210747.227966	-0.880036755335	0.2875	0.639384128959	0.9202	2.51327412287	2.6017	1	
20200424_210747.327907	-0.880036755335	0.2875	0.639384128959	0.9202	2.51327412287	2.6017	1	
20200424_210747.427790	-0.880036755335	0.2875	0.639384128959	0.9202	2.51327412287	2.6017	1	
20200424_210747.527879	-0.880036755335	0.2875	0.639384128959	0.9202	2.51327412287	2.6017	1	
20200424_210747.627819	-0.880036755335	0.2875	0.639384128959	0.9202	2.51327412287	2.6017	1	
20200424_210747.727927	-0.880036755335	0.2875	0.639384128959	0.9202	2.51327412287	2.6017	1	
20200424_210747.827867	-0.880036755335	0.2875	0.639384128959	0.9202	2.51327412287	2.6017	1	
20200424_210747.927833	-0.880036755335	0.2875	0.639384128959	0.9202	2.51327412287	2.6017	1	
20200424_210748.027858	-0.880036755335	0.2875	0.639384128959	0.9202	2.51327412287	2.6017	1	
20200424_210748.127959	-0.880036755335	0.2875	0.639384128959	0.9202	2.51327412287	2.6017	1	
20200424_210748.227907	-0.880036755335	0.2875	0.639384128959	0.9202	2.51327412287	2.6017	1	
20200424_210748.327965	-0.880036755335	0.2875	0.639384128959	0.9202	2.51327412287	2.6017	1	
20200424_210748.427905	-0.880036755335	0.2875	0.639384128959	0.9202	2.51327412287	2.6017	1	
20200424_210748.527854	-0.880036755335	0.2875	0.639384128959	0.9202	2.51327412287	2.6017	1	
20200424_210748.627828	-0.880036755335	0.0903	0.639384128959	1.0041	2.51327412287	-1.8885	1	
20200424_210748.727942	-0.880036755335	0.0903	0.639384128959	1.0041	2.51327412287	-1.8885	1	
20200424_210748.827944	-0.880036755335	0.0733	0.639384128959	0.9892	2.51327412287	-1.6764	1	
20200424_210748.927937	-0.880036755335	0.0795	0.639384128959	0.9787	2.51327412287	-1.7486	1	
20200424_210749.027892	-0.880036755335	0.0805	0.639384128959	0.9627	2.51327412287	-1.9077	1	
20200424_210749.127954	-0.880036755335	0.0827	0.639384128959	0.9586	2.51327412287	-1.9342	1	
20200424_210749.227993	-0.880036755335	0.0827	0.639384128959	0.9586	2.51327412287	-1.9342	1	
20200424_210749.328000	-0.880036755335	0.0827	0.639384128959	0.9586	2.51327412287	-1.9342	1	
20200424_210749.427895	-0.880036755335	0.0827	0.639384128959	0.9586	2.51327412287	-1.9342	1	
20200424_210749.527828	-0.880036755335	0.0827	0.639384128959	0.9586	2.51327412287	-1.9342	1	
20200424_210749.627818	-0.880036755335	0.0704	0.639384128959	0.8937	2.51327412287	-2.6268	1	
20200424_210749.727739	-0.880036755335	0.0704	0.639384128959	0.8937	2.51327412287	-2.6268	1	
20200424_210749.827817	-0.880036755335	0.0704	0.639384128959	0.8937	2.51327412287	-2.6268	1	
20200424_210749.927892	-0.880036755335	0.0704	0.639384128959	0.8937	2.51327412287	-2.6268	1	
20200424_210750.027945	-0.880036755335	0.0704	0.639384128959	0.8937	2.51327412287	-2.6268	1	
20200424_210750.127873	-0.880036755335	0.0704	0.639384128959	0.8937	2.51327412287	-2.6268	1	
20200424_210750.227876	-0.880036755335	-0.0101	0.639384128959	0.8533	2.51327412287	-3.1059	1	
20200424_210750.327893	-0.880036755335	-0.0235	0.639384128959	0.8499	2.51327412287	3.1169	1	
20200424_210750.427822	-0.880036755335	-0.0431	0.639384128959	0.8495	2.51327412287	3.1333	1	
20200424_210750.527915	-0.880036755335	-0.0591	0.639384128959	0.8512	2.51327412287	-3.1074	1	
20200424_210750.627741	-0.880036755335	-0.0591	0.639384128959	0.8512	2.51327412287	-3.1074	1	
20200424_210750.727898	-0.880036755335	-0.0842	0.639384128959	0.8551	2.51327412287	-3.0131	1	
20200424_210750.827871	-0.880036755335	-0.0842	0.639384128959	0.8551	2.51327412287	-3.0131	1	
20200424_210750.927861	-0.880036755335	-0.0842	0.639384128959	0.8551	2.51327412287	-3.0131	1	
20200424_210751.027840	-0.880036755335	-0.0842	0.639384128959	0.8551	2.51327412287	-3.0131	1	
20200424_210751.127970	-0.880036755335	-0.0842	0.639384128959	0.8551	2.51327412287	-3.0131	1	
20200424_210751.227997	-0.880036755335	-0.1627	0.639384128959	0.8451	2.51327412287	-2.848	1	
20200424_210751.327973	-0.880036755335	-0.1627	0.639384128959	0.8451	2.51327412287	-2.848	1	
20200424_210751.427910	-0.880036755335	-0.1627	0.639384128959	0.8451	2.51327412287	-2.848	1	
20200424_210751.527961	-0.880036755335	0.5372	0.639384128959	-0.8099	2.51327412287	-2.6726	1	
20200424_210751.627829	-0.880036755335	0.5572	0.639384128959	-0.8032	2.51327412287	-2.6745	1	
20200424_210751.727815	-0.880036755335	0.5706	0.639384128959	-0.7988	2.51327412287	-2.6701	1	
20200424_210751.827923	-0.880036755335	0.5706	0.639384128959	-0.7988	2.51327412287	-2.6701	1	
20200424_210751.927963	-0.880036755335	-0.2836	0.639384128959	0.792	2.51327412287	-3.0808	1	
20200424_210752.028004	-0.880036755335	-0.297	0.639384128959	0.7847	2.51327412287	3.0654	1	
20200424_210752.127968	-0.880036755335	-0.31	0.639384128959	0.7849	2.51327412287	3.0454	1	
20200424_210752.227972	-0.880036755335	-0.3262	0.639384128959	0.7881	2.51327412287	3.0916	1	
20200424_210752.327940	-0.880036755335	-0.3413	0.639384128959	0.7936	2.51327412287	-3.1283	1	
20200424_210752.427985	-0.880036755335	-0.3485	0.639384128959	0.796	2.51327412287	-3.0817	1	
20200424_210752.527898	-0.880036755335	-0.3611	0.639384128959	0.7974	2.51327412287	-3.0255	1	
20200424_210752.627816	-0.880036755335	-0.3611	0.639384128959	0.7974	2.51327412287	-3.0255	1	
20200424_210752.728015	-0.880036755335	-0.3611	0.639384128959	0.7974	2.51327412287	-3.0255	1	
20200424_210752.827949	-0.880036755335	-0.3611	0.639384128959	0.7974	2.51327412287	-3.0255	1	
20200424_210752.927965	-0.880036755335	-0.4312	0.639384128959	0.7885	2.51327412287	-2.819	1	
20200424_210753.027961	-0.880036755335	-0.4484	0.639384128959	0.7849	2.51327412287	-2.7789	1	
20200424_210753.127889	-0.880036755335	-0.4627	0.639384128959	0.7801	2.51327412287	-2.7633	1	
20200424_210753.227955	-0.880036755335	-0.508	0.639384128959	0.7641	2.51327412287	-1.1084	1	
20200424_210753.327966	-0.880036755335	-0.5048	0.639384128959	0.7621	2.51327412287	-2.7761	1	
20200424_210753.427994	-0.880036755335	-0.52	0.639384128959	0.7535	2.51327412287	-2.8354	1	
20200424_210753.527889	-0.880036755335	-0.52	0.639384128959	0.7535	2.51327412287	-2.8354	1	
20200424_210753.627756	-0.880036755335	-0.52	0.639384128959	0.7535	2.51327412287	-2.8354	1	
20200424_210753.727766	-0.880036755335	-0.52	0.639384128959	0.7535	2.51327412287	-2.8354	1	
20200424_210753.827901	-0.880036755335	-0.52	0.639384128959	0.7535	2.51327412287	-2.8354	1	
20200424_210753.927961	-0.880036755335	0.8499	0.639384128959	-0.6675	2.51327412287	-2.7236	1	
20200424_210754.027930	-0.880036755335	0.8498	0.639384128959	-0.6672	2.51327412287	-2.7468	1	
20200424_210754.127883	-0.880036755335	0.8498	0.639384128959	-0.6672	2.51327412287	-2.7468	1	
20200424_210754.227813	-0.880036755335	-0.6506	0.639384128959	0.7093	2.51327412287	-3.07	1	
20200424_210754.327956	-0.880036755335	-0.6656	0.639384128959	0.7001	2.51327412287	3.0405	1	
20200424_210754.427922	-0.880036755335	-0.6656	0.639384128959	0.7001	2.51327412287	3.0405	1	
20200424_210754.527964	-0.880036755335	-0.69	0.639384128959	0.7022	2.51327412287	3.0204	1	
20200424_210754.627797	-0.880036755335	-0.7046	0.639384128959	0.7075	2.51327412287	3.1068	1	
20200424_210754.727816	-0.880036755335	-0.7204	0.639384128959	0.7143	2.51327412287	-3.0412	1	
20200424_210754.827924	-0.880036755335	-0.7314	0.639384128959	0.7183	2.51327412287	-2.935	1	
20200424_210754.927971	-0.880036755335	-0.739	0.639384128959	0.7201	2.51327412287	-2.8615	1	
20200424_210755.027904	-0.880036755335	-0.739	0.639384128959	0.7201	2.51327412287	-2.8615	1	
20200424_210755.127946	-0.880036755335	-0.7696	0.639384128959	0.7191	2.51327412287	-2.6473	1	
20200424_210755.227833	-0.880036755335	-0.7814	0.639384128959	0.718	2.51327412287	-2.5565	1	
20200424_210755.327901	-0.880036755335	-0.7935	0.639384128959	0.7131	2.51327412287	-2.4861	1	
20200424_210755.427930	-0.880036755335	-0.8058	0.639384128959	0.7065	2.51327412287	-2.4328	1	
20200424_210755.527922	-0.880036755335	-0.8144	0.639384128959	0.7	2.51327412287	-2.4223	1	
20200424_210755.627798	-0.880036755335	-0.8222	0.639384128959	0.6938	2.51327412287	-2.4126	1	
20200424_210755.727851	-0.880036755335	-0.8276	0.639384128959	0.6895	2.51327412287	-2.4145	1	
20200424_210755.827967	-0.880036755335	-0.8301	0.639384128959	0.6836	2.51327412287	-2.4707	1	
20200424_210755.927953	-0.880036755335	-0.828	0.639384128959	0.68	2.51327412287	-2.546	1	
20200424_210756.027867	-0.880036755335	-0.8275	0.639384128959	0.6757	2.51327412287	-2.6428	1	
20200424_210756.127906	-0.880036755335	-0.8254	0.639384128959	0.6709	2.51327412287	-2.7282	1	
20200424_210756.227980	-0.880036755335	-0.8255	0.639384128959	0.6673	2.51327412287	-2.8098	1	
20200424_210756.327953	-0.880036755335	-0.8237	0.639384128959	0.6639	2.51327412287	-2.8744	1	
20200424_210756.427933	-0.880036755335	-0.8237	0.639384128959	0.6639	2.51327412287	-2.8744	1	
20200424_210756.527964	-0.880036755335	-0.8237	0.639384128959	0.6639	2.51327412287	-2.8744	1	
20200424_210756.627711	-0.880036755335	-0.8237	0.639384128959	0.6639	2.51327412287	-2.8744	1	
20200424_210756.727868	-0.880036755335	-0.8257	0.639384128959	0.6492	2.51327412287	3.0958	1	
20200424_210756.827923	-0.880036755335	-0.8281	0.639384128959	0.645	2.51327412287	3.0199	1	
20200424_210756.927854	-0.880036755335	-0.828	0.639384128959	0.6413	2.51327412287	2.9534	1	
20200424_210757.027878	-0.880036755335	-0.8299	0.639384128959	0.6383	2.51327412287	2.8876	1	
20200424_210757.127826	-0.880036755335	-0.8318	0.639384128959	0.6353	2.51327412287	2.8175	1	
20200424_210757.227942	-0.880036755335	-0.8335	0.639384128959	0.6333	2.51327412287	2.7649	1	
20200424_210757.327965	-0.880036755335	-0.8364	0.639384128959	0.6312	2.51327412287	2.7001	1	
20200424_210757.427913	-0.880036755335	-0.8377	0.639384128959	0.6283	2.51327412287	2.6427	1	
20200424_210757.528005	-0.880036755335	-0.8397	0.639384128959	0.6251	2.51327412287	2.5637	1	
20200424_210757.627790	-0.880036755335	-0.8415	0.639384128959	0.6253	2.51327412287	2.544	0	
20200424_210757.627876	-0.880036755335	-0.8415	0.639384128959	0.6253	2.51327412287	2.5418	0	
20200424_210757.632080	-0.880036755335	-0.8415	0.639384128959	0.6253	2.51327412287	2.5418	0	
20200424_210757.640530	-0.880036755335	-0.8417	0.639384128959	0.6251	2.51327412287	2.5382	0	
20200424_210757.648946	-0.880036755335	-0.8418	0.639384128959	0.6249	2.51327412287	2.5414	0	
20200424_210757.657425	-0.880036755335	-0.8418	0.639384128959	0.625	2.51327412287	2.5351	0	
20200424_210757.665680	-0.880036755335	-0.8419	0.639384128959	0.6248	2.51327412287	2.5387	0	
20200424_210757.674281	-0.880036755335	-0.8419	0.639384128959	0.6247	2.51327412287	2.537	0	
20200424_210757.682401	-0.880036755335	-0.8419	0.639384128959	0.6247	2.51327412287	2.5358	0	
20200424_210757.690588	-0.880036755335	-0.8419	0.639384128959	0.6246	2.51327412287	2.5349	0	
20200424_210757.698887	-0.880036755335	-0.8419	0.639384128959	0.6246	2.51327412287	2.5342	0	
20200424_210757.707282	-0.880036755335	-0.842	0.639384128959	0.6245	2.51327412287	2.5335	0	
20200424_210757.716278	-0.880036755335	-0.842	0.639384128959	0.6245	2.51327412287	2.5334	0	
20200424_210757.724194	-0.880036755335	-0.842	0.639384128959	0.6244	2.51327412287	2.533	0	
20200424_210757.731847	-0.880036755335	-0.842	0.639384128959	0.6244	2.51327412287	2.5327	0	
20200424_210757.740769	-0.880036755335	-0.842	0.639384128959	0.6244	2.51327412287	2.5322	0	
20200424_210757.748341	-0.880036755335	-0.842	0.639384128959	0.6244	2.51327412287	2.5318	0	
20200424_210757.757033	-0.880036755335	-0.8421	0.639384128959	0.6245	2.51327412287	2.5315	0	
20200424_210757.765283	-0.880036755335	-0.8421	0.639384128959	0.6245	2.51327412287	2.531	0	
20200424_210757.773794	-0.880036755335	-0.8421	0.639384128959	0.6245	2.51327412287	2.5308	0	
20200424_210757.782249	-0.880036755335	-0.8421	0.639384128959	0.6245	2.51327412287	2.5307	0	
20200424_210757.790596	-0.880036755335	-0.8422	0.639384128959	0.6245	2.51327412287	2.5306	0	
20200424_210757.799379	-0.880036755335	-0.8422	0.639384128959	0.6245	2.51327412287	2.5308	0	
20200424_210757.807491	-0.880036755335	-0.8422	0.639384128959	0.6244	2.51327412287	2.5307	0	
20200424_210757.816071	-0.880036755335	-0.8422	0.639384128959	0.6244	2.51327412287	2.5304	0	
20200424_210757.824297	-0.880036755335	-0.8422	0.639384128959	0.6244	2.51327412287	2.5303	0	
20200424_210757.832609	-0.880036755335	-0.8422	0.639384128959	0.6245	2.51327412287	2.5305	0	
20200424_210757.841410	-0.880036755335	-0.8421	0.639384128959	0.6245	2.51327412287	2.5315	0	
20200424_210757.848738	-0.880036755335	-0.8422	0.639384128959	0.6245	2.51327412287	2.5303	0	
20200424_210757.857328	-0.880036755335	-0.8421	0.639384128959	0.6244	2.51327412287	2.5303	0	
20200424_210757.865897	-0.880036755335	-0.842	0.639384128959	0.6245	2.51327412287	2.5314	0	
20200424_210757.874443	-0.880036755335	-0.8422	0.639384128959	0.6244	2.51327412287	2.5304	0	
20200424_210757.882702	-0.880036755335	-0.8421	0.639384128959	0.6244	2.51327412287	2.5304	0	
20200424_210757.891058	-0.880036755335	-0.8421	0.639384128959	0.6244	2.51327412287	2.5303	0	
20200424_210757.899440	-0.880036755335	-0.8421	0.639384128959	0.6244	2.51327412287	2.5303	0	
20200424_210757.908045	-0.880036755335	-0.8422	0.639384128959	0.6244	2.51327412287	2.5299	0	
20200424_210757.916077	-0.880036755335	-0.8422	0.639384128959	0.6244	2.51327412287	2.5302	0	
20200424_210757.924041	-0.880036755335	-0.8422	0.639384128959	0.6244	2.51327412287	2.53	0	
20200424_210757.932768	-0.880036755335	-0.8421	0.639384128959	0.6245	2.51327412287	2.53	0	
20200424_210757.941162	-0.880036755335	-0.8421	0.639384128959	0.6244	2.51327412287	2.5299	0	
20200424_210757.948950	-0.880036755335	-0.8421	0.639384128959	0.6244	2.51327412287	2.5301	0	
20200424_210757.957776	-0.880036755335	-0.8422	0.639384128959	0.6244	2.51327412287	2.53	0	
20200424_210757.966452	-0.880036755335	-0.8421	0.639384128959	0.6244	2.51327412287	2.5302	0	
20200424_210757.974139	-0.880036755335	-0.8422	0.639384128959	0.6244	2.51327412287	2.5302	0	
20200424_210757.982375	-0.880036755335	-0.8422	0.639384128959	0.6244	2.51327412287	2.5303	0	
20200424_210757.990874	-0.880036755335	-0.8421	0.639384128959	0.6246	2.51327412287	2.5253	0	
20200424_210757.999744	-0.880036755335	-0.8422	0.639384128959	0.6244	2.51327412287	2.5298	0	
20200424_210758.007851	-0.880036755335	-0.8422	0.639384128959	0.6244	2.51327412287	2.5297	0	
20200424_210758.015685	-0.880036755335	-0.8422	0.639384128959	0.6244	2.51327412287	2.5297	0	
20200424_210758.024591	-0.880036755335	-0.8422	0.639384128959	0.6244	2.51327412287	2.5297	0	
20200424_210758.033059	-0.880036755335	-0.8422	0.639384128959	0.6244	2.51327412287	2.5297	0	
20200424_210758.041059	-0.880036755335	-0.8422	0.639384128959	0.6244	2.51327412287	2.5298	0	
20200424_210758.049548	-0.880036755335	-0.8421	0.639384128959	0.6244	2.51327412287	2.5298	0	
20200424_210758.057179	-0.880036755335	-0.8421	0.639384128959	0.6244	2.51327412287	2.5299	0	
20200424_210758.066460	-0.880036755335	-0.8421	0.639384128959	0.6244	2.51327412287	2.53	0	
20200424_210758.074283	-0.880036755335	-0.8421	0.639384128959	0.6244	2.51327412287	2.5299	0	
20200424_210758.082674	-0.880036755335	-0.8421	0.639384128959	0.6244	2.51327412287	2.5297	0	
20200424_210758.091119	-0.880036755335	-0.8421	0.639384128959	0.6244	2.51327412287	2.53	0	
20200424_210758.099057	-0.880036755335	-0.8421	0.639384128959	0.6244	2.51327412287	2.53	0	
20200424_210758.107130	-0.880036755335	-0.8421	0.639384128959	0.6244	2.51327412287	2.5299	0	
20200424_210758.115949	-0.880036755335	-0.8421	0.639384128959	0.6243	2.51327412287	2.5298	0	
20200424_210758.124687	-0.880036755335	-0.8421	0.639384128959	0.6243	2.51327412287	2.53	0	
20200424_210758.132948	-0.880036755335	-0.8421	0.639384128959	0.6243	2.51327412287	2.5301	0	
20200424_210758.140725	-0.880036755335	-0.8421	0.639384128959	0.6243	2.51327412287	2.5301	0	
20200424_210758.148866	-0.880036755335	-0.8421	0.639384128959	0.6244	2.51327412287	2.5302	0	
20200424_210758.157328	-0.880036755335	-0.8422	0.639384128959	0.6244	2.51327412287	2.5299	0	
20200424_210758.165583	-0.880036755335	-0.8421	0.639384128959	0.6244	2.51327412287	2.5297	0	
20200424_210758.173968	-0.880036755335	-0.842	0.639384128959	0.6244	2.51327412287	2.5308	0	
20200424_210758.182291	-0.880036755335	-0.8421	0.639384128959	0.6244	2.51327412287	2.5299	0	
20200424_210758.190837	-0.880036755335	-0.842	0.639384128959	0.6244	2.51327412287	2.5307	0	
20200424_210758.198857	-0.880036755335	-0.8421	0.639384128959	0.6244	2.51327412287	2.5301	0	
20200424_210758.207307	-0.880036755335	-0.8421	0.639384128959	0.6243	2.51327412287	2.5301	0	
20200424_210758.216750	-0.880036755335	-0.8421	0.639384128959	0.6244	2.51327412287	2.5303	0	
20200424_210758.224009	-0.880036755335	-0.8421	0.639384128959	0.6244	2.51327412287	2.5301	0	
20200424_210758.232312	-0.880036755335	-0.8421	0.639384128959	0.6244	2.51327412287	2.5302	0	
20200424_210758.240999	-0.880036755335	-0.842	0.639384128959	0.6244	2.51327412287	2.5309	0	
20200424_210758.249423	-0.880036755335	-0.8421	0.639384128959	0.6244	2.51327412287	2.5297	0	
20200424_210758.257710	-0.880036755335	-0.8421	0.639384128959	0.6244	2.51327412287	2.5298	0	
20200424_210758.265751	-0.880036755335	-0.8422	0.639384128959	0.6244	2.51327412287	2.5298	0	
20200424_210758.275030	-0.880036755335	-0.8421	0.639384128959	0.6244	2.51327412287	2.53	0	
20200424_210758.282898	-0.880036755335	-0.8421	0.639384128959	0.6244	2.51327412287	2.5301	0	
20200424_210758.291043	-0.880036755335	-0.8421	0.639384128959	0.6243	2.51327412287	2.5304	0	
20200424_210758.298941	-0.880036755335	-0.8421	0.639384128959	0.6243	2.51327412287	2.5301	0	
20200424_210758.307739	-0.880036755335	-0.8421	0.639384128959	0.6243	2.51327412287	2.53	0	
20200424_210758.315535	-0.880036755335	-0.8421	0.639384128959	0.6243	2.51327412287	2.5301	0	
20200424_210758.324506	-0.880036755335	-0.8421	0.639384128959	0.6244	2.51327412287	2.5299	0	
20200424_210758.332511	-0.880036755335	-0.8421	0.639384128959	0.6244	2.51327412287	2.5299	0	
20200424_210758.341114	-0.880036755335	-0.8421	0.639384128959	0.6244	2.51327412287	2.5299	0	
20200424_210758.349069	-0.880036755335	-0.8421	0.639384128959	0.6243	2.51327412287	2.5298	0	
20200424_210758.357790	-0.880036755335	-0.8421	0.639384128959	0.6243	2.51327412287	2.5298	0	
20200424_210758.365517	-0.880036755335	-0.8421	0.639384128959	0.6243	2.51327412287	2.5298	0	
20200424_210758.374106	-0.880036755335	-0.8421	0.639384128959	0.6243	2.51327412287	2.5301	0	
20200424_210758.382566	-0.880036755335	-0.8421	0.639384128959	0.6243	2.51327412287	2.5298	0	
20200424_210758.390215	-0.880036755335	-0.8421	0.639384128959	0.6243	2.51327412287	2.53	0	
20200424_210758.398717	-0.880036755335	-0.8421	0.639384128959	0.6244	2.51327412287	2.5298	0	
20200424_210758.407482	-0.880036755335	-0.8421	0.639384128959	0.6244	2.51327412287	2.5296	0	
20200424_210758.415705	-0.880036755335	-0.842	0.639384128959	0.6244	2.51327412287	2.5307	0	
20200424_210758.424386	-0.880036755335	-0.8421	0.639384128959	0.6244	2.51327412287	2.5297	0	
20200424_210758.432599	-0.880036755335	-0.8421	0.639384128959	0.6244	2.51327412287	2.5298	0	
20200424_210758.441092	-0.880036755335	-0.8421	0.639384128959	0.6244	2.51327412287	2.5299	0	
20200424_210758.449285	-0.880036755335	-0.8421	0.639384128959	0.6243	2.51327412287	2.5301	0	
20200424_210758.457636	-0.880036755335	-0.8421	0.639384128959	0.6243	2.51327412287	2.5298	0	
20200424_210758.465921	-0.880036755335	-0.8421	0.639384128959	0.6243	2.51327412287	2.5298	0	
20200424_210758.474791	-0.880036755335	-0.8421	0.639384128959	0.6243	2.51327412287	2.5294	0	
20200424_210758.482685	-0.880036755335	-0.8421	0.639384128959	0.6244	2.51327412287	2.5297	0	
20200424_210758.490961	-0.880036755335	-0.8421	0.639384128959	0.6244	2.51327412287	2.5297	0	
20200424_210758.498775	-0.880036755335	-0.8421	0.639384128959	0.6244	2.51327412287	2.5298	0	
20200424_210758.507599	-0.880036755335	-0.8421	0.639384128959	0.6243	2.51327412287	2.5296	0	
20200424_210758.515984	-0.880036755335	-0.842	0.639384128959	0.6243	2.51327412287	2.5305	0	
20200424_210758.524048	-0.880036755335	-0.8421	0.639384128959	0.6243	2.51327412287	2.5299	0	
20200424_210758.532905	-0.880036755335	-0.8421	0.639384128959	0.6243	2.51327412287	2.5297	0	
20200424_210758.541398	-0.880036755335	-0.8421	0.639384128959	0.6243	2.51327412287	2.5296	0	
20200424_210758.549293	-0.880036755335	-0.8421	0.639384128959	0.6243	2.51327412287	2.5297	0	
20200424_210758.557733	-0.880036755335	-0.842	0.639384128959	0.6243	2.51327412287	2.5307	0	
20200424_210758.566075	-0.880036755335	-0.8421	0.639384128959	0.6243	2.51327412287	2.5295	0	
20200424_210758.573780	-0.880036755335	-0.8421	0.639384128959	0.6243	2.51327412287	2.5293	0	
20200424_210758.582035	-0.880036755335	-0.8421	0.639384128959	0.6244	2.51327412287	2.5298	0	
20200424_210758.590280	-0.880036755335	-0.842	0.639384128959	0.6244	2.51327412287	2.5306	0	
20200424_210758.598554	-0.880036755335	-0.842	0.639384128959	0.6243	2.51327412287	2.5307	0	
20200424_210758.607008	-0.880036755335	-0.842	0.639384128959	0.6243	2.51327412287	2.5305	0	
20200424_210758.615362	-0.880036755335	-0.842	0.639384128959	0.6243	2.51327412287	2.5305	0	
20200424_210758.624110	-0.880036755335	-0.8421	0.639384128959	0.6243	2.51327412287	2.5297	0	
20200424_210758.632047	-0.880036755335	-0.8422	0.639384128959	0.6244	2.51327412287	2.5296	0	
20200424_210758.640513	-0.880036755335	-0.8421	0.639384128959	0.6244	2.51327412287	2.5296	0	
20200424_210758.648921	-0.880036755335	-0.8421	0.639384128959	0.6244	2.51327412287	2.5305	0	
20200424_210758.657106	-0.880036755335	-0.8422	0.639384128959	0.6244	2.51327412287	2.5296	0	
20200424_210758.665460	-0.880036755335	-0.8421	0.639384128959	0.6244	2.51327412287	2.5305	0	
20200424_210758.674522	-0.880036755335	-0.8421	0.639384128959	0.6243	2.51327412287	2.5297	0	
20200424_210758.682489	-0.880036755335	-0.8421	0.639384128959	0.6243	2.51327412287	2.5296	0	
20200424_210758.691345	-0.880036755335	-0.8421	0.639384128959	0.6243	2.51327412287	2.5298	0	
20200424_210758.699539	-0.880036755335	-0.8421	0.639384128959	0.6243	2.51327412287	2.5298	0	
20200424_210758.707645	-0.880036755335	-0.8421	0.639384128959	0.6243	2.51327412287	2.5295	0	
20200424_210758.716438	-0.880036755335	-0.8421	0.639384128959	0.6244	2.51327412287	2.5297	0	
20200424_210758.724191	-0.880036755335	-0.8421	0.639384128959	0.6244	2.51327412287	2.5295	0	
20200424_210758.732833	-0.880036755335	-0.8422	0.639384128959	0.6244	2.51327412287	2.5296	0	
20200424_210758.741329	-0.880036755335	-0.8421	0.639384128959	0.6244	2.51327412287	2.5295	0	
20200424_210758.749353	-0.880036755335	-0.8421	0.639384128959	0.6243	2.51327412287	2.5296	0	
20200424_210758.757550	-0.880036755335	-0.8422	0.639384128959	0.6243	2.51327412287	2.5296	0	
20200424_210758.766438	-0.880036755335	-0.8422	0.639384128959	0.6243	2.51327412287	2.5294	0	
20200424_210758.773752	-0.880036755335	-0.8422	0.639384128959	0.6243	2.51327412287	2.5294	0	
20200424_210758.782348	-0.880036755335	-0.8421	0.639384128959	0.6243	2.51327412287	2.5293	0	
20200424_210758.791061	-0.880036755335	-0.8421	0.639384128959	0.6243	2.51327412287	2.5292	0	
20200424_210758.799342	-0.880036755335	-0.8421	0.639384128959	0.6244	2.51327412287	2.5301	0	
20200424_210758.807252	-0.880036755335	-0.8421	0.639384128959	0.6244	2.51327412287	2.53	0	
20200424_210758.816617	-0.880036755335	-0.8421	0.639384128959	0.6244	2.51327412287	2.5303	0	
20200424_210758.824427	-0.880036755335	-0.8421	0.639384128959	0.6244	2.51327412287	2.5301	0	
20200424_210758.832569	-0.880036755335	-0.8422	0.639384128959	0.6244	2.51327412287	2.5292	0	
20200424_210758.840607	-0.880036755335	-0.8421	0.639384128959	0.6243	2.51327412287	2.5299	0	
20200424_210758.848876	-0.880036755335	-0.8421	0.639384128959	0.6243	2.51327412287	2.5302	0	
20200424_210758.857683	-0.880036755335	-0.8421	0.639384128959	0.6244	2.51327412287	2.5302	0	
20200424_210758.866154	-0.880036755335	-0.8421	0.639384128959	0.6243	2.51327412287	2.5302	0	
20200424_210758.874106	-0.880036755335	-0.8422	0.639384128959	0.6243	2.51327412287	2.529	0	
20200424_210758.882249	-0.880036755335	-0.8421	0.639384128959	0.6244	2.51327412287	2.5303	0	
20200424_210758.890855	-0.880036755335	-0.8421	0.639384128959	0.6244	2.51327412287	2.53	0	
20200424_210758.899292	-0.880036755335	-0.842	0.639384128959	0.6243	2.51327412287	2.5297	0	
20200424_210758.907298	-0.880036755335	-0.842	0.639384128959	0.6243	2.51327412287	2.5299	0	
20200424_210758.915950	-0.880036755335	-0.842	0.639384128959	0.6243	2.51327412287	2.53	0	
20200424_210758.924059	-0.880036755335	-0.8421	0.639384128959	0.6243	2.51327412287	2.53	0	
20200424_210758.932847	-0.880036755335	-0.8421	0.639384128959	0.6243	2.51327412287	2.53	0	
20200424_210758.941221	-0.880036755335	-0.842	0.639384128959	0.6243	2.51327412287	2.53	0	
20200424_210758.949291	-0.880036755335	-0.842	0.639384128959	0.6243	2.51327412287	2.5299	0	
20200424_210758.957942	-0.880036755335	-0.8421	0.639384128959	0.6243	2.51327412287	2.5297	0	
20200424_210758.965777	-0.880036755335	-0.8421	0.639384128959	0.6244	2.51327412287	2.5298	0	
20200424_210758.974036	-0.880036755335	-0.8421	0.639384128959	0.6244	2.51327412287	2.5298	0	
20200424_210758.982772	-0.880036755335	-0.8421	0.639384128959	0.6244	2.51327412287	2.53	0	
20200424_210758.991285	-0.880036755335	-0.8421	0.639384128959	0.6243	2.51327412287	2.5299	0	
20200424_210758.999263	-0.880036755335	-0.8421	0.639384128959	0.6243	2.51327412287	2.53	0	
20200424_210759.007517	-0.880036755335	-0.8421	0.639384128959	0.6243	2.51327412287	2.5298	0	
20200424_210759.015872	-0.880036755335	-0.8421	0.639384128959	0.6243	2.51327412287	2.5299	0	
20200424_210759.023681	-0.880036755335	-0.8421	0.639384128959	0.6243	2.51327412287	2.5299	0	
20200424_210759.032476	-0.880036755335	-0.8422	0.639384128959	0.6243	2.51327412287	2.5287	0	
20200424_210759.041354	-0.880036755335	-0.8422	0.639384128959	0.6243	2.51327412287	2.5288	0	
20200424_210759.048962	-0.880036755335	-0.8422	0.639384128959	0.6243	2.51327412287	2.5288	0	
20200424_210759.058398	-0.880036755335	-0.8422	0.639384128959	0.6243	2.51327412287	2.529	0	
20200424_210759.065955	-0.880036755335	-0.842	0.639384128959	0.6244	2.51327412287	2.5299	0	
20200424_210759.074441	-0.880036755335	-0.842	0.639384128959	0.6243	2.51327412287	2.5298	0	
20200424_210759.082973	-0.880036755335	-0.842	0.639384128959	0.6243	2.51327412287	2.5299	0	
20200424_210759.091661	-0.880036755335	-0.842	0.639384128959	0.6243	2.51327412287	2.5299	0	
20200424_210759.099109	-0.880036755335	-0.842	0.639384128959	0.6243	2.51327412287	2.5302	0	
20200424_210759.108010	-0.880036755335	-0.842	0.639384128959	0.6243	2.51327412287	2.53	0	
20200424_210759.116166	-0.880036755335	-0.842	0.639384128959	0.6243	2.51327412287	2.5297	0	
20200424_210759.124118	-0.880036755335	-0.842	0.639384128959	0.6243	2.51327412287	2.5298	0	
20200424_210759.132471	-0.880036755335	-0.842	0.639384128959	0.6243	2.51327412287	2.5301	0	
20200424_210759.141117	-0.880036755335	-0.842	0.639384128959	0.6243	2.51327412287	2.5298	0	
20200424_210759.149445	-0.880036755335	-0.842	0.639384128959	0.6243	2.51327412287	2.5301	0	
20200424_210759.157607	-0.880036755335	-0.842	0.639384128959	0.6243	2.51327412287	2.5301	0	
20200424_210759.165914	-0.880036755335	-0.842	0.639384128959	0.6243	2.51327412287	2.5302	0	
20200424_210759.173964	-0.880036755335	-0.842	0.639384128959	0.6243	2.51327412287	2.5303	0	
20200424_210759.183237	-0.880036755335	-0.842	0.639384128959	0.6243	2.51327412287	2.5299	0	
20200424_210759.190715	-0.880036755335	-0.842	0.639384128959	0.6243	2.51327412287	2.53	0	
20200424_210759.199047	-0.880036755335	-0.842	0.639384128959	0.6243	2.51327412287	2.5299	0	
20200424_210759.207332	-0.880036755335	-0.842	0.639384128959	0.6243	2.51327412287	2.5298	0	
20200424_210759.216013	-0.880036755335	-0.8421	0.639384128959	0.6244	2.51327412287	2.5299	0	
20200424_210759.224181	-0.880036755335	-0.8421	0.639384128959	0.6243	2.51327412287	2.5291	0	
20200424_210759.232418	-0.880036755335	-0.8421	0.639384128959	0.6243	2.51327412287	2.529	0	
20200424_210759.240969	-0.880036755335	-0.842	0.639384128959	0.6243	2.51327412287	2.5298	0	
20200424_210759.249100	-0.880036755335	-0.842	0.639384128959	0.6243	2.51327412287	2.5301	0	
20200424_210759.257486	-0.880036755335	-0.842	0.639384128959	0.6243	2.51327412287	2.5298	0	
20200424_210759.265781	-0.880036755335	-0.842	0.639384128959	0.6243	2.51327412287	2.5299	0	
20200424_210759.274163	-0.880036755335	-0.842	0.639384128959	0.6243	2.51327412287	2.5298	0	
20200424_210759.282763	-0.880036755335	-0.842	0.639384128959	0.6243	2.51327412287	2.5301	0	
20200424_210759.290910	-0.880036755335	-0.842	0.639384128959	0.6243	2.51327412287	2.5299	0	
20200424_210759.298771	-0.880036755335	-0.842	0.639384128959	0.6243	2.51327412287	2.5301	0	
20200424_210759.307338	-0.880036755335	-0.842	0.639384128959	0.6243	2.51327412287	2.5304	0	
20200424_210759.315674	-0.880036755335	-0.842	0.639384128959	0.6243	2.51327412287	2.5303	0	
20200424_210759.324179	-0.880036755335	-0.842	0.639384128959	0.6243	2.51327412287	2.5303	0	
20200424_210759.332733	-0.880036755335	-0.842	0.639384128959	0.6243	2.51327412287	2.5305	0	
20200424_210759.340744	-0.880036755335	-0.842	0.639384128959	0.6245	2.51327412287	2.5256	0	
20200424_210759.349041	-0.880036755335	-0.842	0.639384128959	0.6243	2.51327412287	2.5304	0	
20200424_210759.357669	-0.880036755335	-0.842	0.639384128959	0.6243	2.51327412287	2.53	0	
20200424_210759.366036	-0.880036755335	-0.842	0.639384128959	0.6243	2.51327412287	2.5299	0	
20200424_210759.373996	-0.880036755335	-0.842	0.639384128959	0.6243	2.51327412287	2.5301	0	
20200424_210759.382539	-0.880036755335	-0.842	0.639384128959	0.6243	2.51327412287	2.5301	0	
20200424_210759.390965	-0.880036755335	-0.842	0.639384128959	0.6243	2.51327412287	2.5299	0	
20200424_210759.399850	-0.880036755335	-0.8421	0.639384128959	0.6243	2.51327412287	2.5299	0	
20200424_210759.407539	-0.880036755335	-0.8421	0.639384128959	0.6243	2.51327412287	2.5297	0	
20200424_210759.416089	-0.880036755335	-0.8421	0.639384128959	0.6243	2.51327412287	2.53	0	
20200424_210759.424461	-0.880036755335	-0.8421	0.639384128959	0.6243	2.51327412287	2.53	0	
20200424_210759.432362	-0.880036755335	-0.8421	0.639384128959	0.6243	2.51327412287	2.5301	0	
20200424_210759.440704	-0.880036755335	-0.842	0.639384128959	0.6243	2.51327412287	2.5299	0	
20200424_210759.449122	-0.880036755335	-0.8421	0.639384128959	0.6244	2.51327412287	2.5302	0	
20200424_210759.457645	-0.880036755335	-0.8422	0.639384128959	0.6243	2.51327412287	2.5292	0	
20200424_210759.465938	-0.880036755335	-0.8421	0.639384128959	0.6244	2.51327412287	2.5301	0	
20200424_210759.474276	-0.880036755335	-0.842	0.639384128959	0.6243	2.51327412287	2.5302	0	
20200424_210759.482594	-0.880036755335	-0.8421	0.639384128959	0.6243	2.51327412287	2.5299	0	
20200424_210759.491281	-0.880036755335	-0.842	0.639384128959	0.6243	2.51327412287	2.5302	0	
20200424_210759.499108	-0.880036755335	-0.842	0.639384128959	0.6243	2.51327412287	2.5303	0	
20200424_210759.507692	-0.880036755335	-0.842	0.639384128959	0.6243	2.51327412287	2.5302	0	
20200424_210759.516153	-0.880036755335	-0.842	0.639384128959	0.6243	2.51327412287	2.5302	0	
20200424_210759.524479	-0.880036755335	-0.842	0.639384128959	0.6243	2.51327412287	2.53	0	
20200424_210759.532237	-0.880036755335	-0.842	0.639384128959	0.6243	2.51327412287	2.5301	0	
20200424_210759.541120	-0.880036755335	-0.842	0.639384128959	0.6243	2.51327412287	2.53	0	
20200424_210759.549400	-0.880036755335	-0.842	0.639384128959	0.6243	2.51327412287	2.5298	0	
20200424_210759.558793	-0.880036755335	-0.842	0.639384128959	0.6243	2.51327412287	2.5299	0	
20200424_210759.565362	-0.880036755335	-0.842	0.639384128959	0.6243	2.51327412287	2.5303	0	
20200424_210759.573792	-0.880036755335	-0.842	0.639384128959	0.6243	2.51327412287	2.5301	0	
20200424_210759.581965	-0.880036755335	-0.8421	0.639384128959	0.6243	2.51327412287	2.5292	0	
20200424_210759.590399	-0.880036755335	-0.842	0.639384128959	0.6243	2.51327412287	2.5301	0	
20200424_210759.598498	-0.880036755335	-0.842	0.639384128959	0.6243	2.51327412287	2.5299	0	
20200424_210759.606949	-0.880036755335	-0.842	0.639384128959	0.6244	2.51327412287	2.5299	0	
20200424_210759.617441	-0.880036755335	-0.8421	0.639384128959	0.6243	2.51327412287	2.5298	0	
20200424_210759.623931	-0.880036755335	-0.8421	0.639384128959	0.6243	2.51327412287	2.5298	0	
20200424_210759.632102	-0.880036755335	-0.842	0.639384128959	0.6243	2.51327412287	2.5298	0	
20200424_210759.640712	-0.880036755335	-0.842	0.639384128959	0.6243	2.51327412287	2.5299	0	
20200424_210759.648828	-0.880036755335	-0.8421	0.639384128959	0.6243	2.51327412287	2.5299	0	
20200424_210759.657685	-0.880036755335	-0.8421	0.639384128959	0.6243	2.51327412287	2.5298	0	
20200424_210759.666356	-0.880036755335	-0.8421	0.639384128959	0.6243	2.51327412287	2.5298	0	
20200424_210759.674347	-0.880036755335	-0.842	0.639384128959	0.6243	2.51327412287	2.5297	0	
20200424_210759.683168	-0.880036755335	-0.842	0.639384128959	0.6243	2.51327412287	2.5298	0	
20200424_210759.691603	-0.880036755335	-0.842	0.639384128959	0.6243	2.51327412287	2.5301	0	
20200424_210759.698731	-0.880036755335	-0.842	0.639384128959	0.6243	2.51327412287	2.5299	0	
20200424_210759.707214	-0.880036755335	-0.842	0.639384128959	0.6243	2.51327412287	2.5301	0	
20200424_210759.715987	-0.880036755335	-0.842	0.639384128959	0.6243	2.51327412287	2.5301	0	
20200424_210759.724218	-0.880036755335	-0.842	0.639384128959	0.6243	2.51327412287	2.5303	0	
20200424_210759.733165	-0.880036755335	-0.842	0.639384128959	0.6243	2.51327412287	2.53	0	
20200424_210759.741449	-0.880036755335	-0.842	0.639384128959	0.6243	2.51327412287	2.5298	0	
20200424_210759.749754	-0.880036755335	-0.842	0.639384128959	0.6243	2.51327412287	2.5299	0	
20200424_210759.757384	-0.880036755335	-0.842	0.639384128959	0.6243	2.51327412287	2.5297	0	
20200424_210759.765118	-0.880036755335	-0.842	0.639384128959	0.6243	2.51327412287	2.5296	0	
20200424_210759.773841	-0.880036755335	-0.842	0.639384128959	0.6243	2.51327412287	2.5299	0	
20200424_210759.782179	-0.880036755335	-0.8421	0.639384128959	0.6243	2.51327412287	2.5285	0	
20200424_210759.790753	-0.880036755335	-0.842	0.639384128959	0.6243	2.51327412287	2.5295	0	
20200424_210759.799405	-0.880036755335	-0.842	0.639384128959	0.6243	2.51327412287	2.5298	0	
20200424_210759.807533	-0.880036755335	-0.842	0.639384128959	0.6243	2.51327412287	2.5298	0	
20200424_210759.815835	-0.880036755335	-0.8421	0.639384128959	0.6243	2.51327412287	2.5299	0	
20200424_210759.824090	-0.880036755335	-0.8421	0.639384128959	0.6243	2.51327412287	2.5297	0	
20200424_210759.832747	-0.880036755335	-0.842	0.639384128959	0.6243	2.51327412287	2.5296	0	
20200424_210759.841337	-0.880036755335	-0.842	0.639384128959	0.6244	2.51327412287	2.5295	0	
20200424_210759.849516	-0.880036755335	-0.842	0.639384128959	0.6244	2.51327412287	2.5297	0	
20200424_210759.857477	-0.880036755335	-0.842	0.639384128959	0.6243	2.51327412287	2.5295	0	
20200424_210759.865604	-0.880036755335	-0.8422	0.639384128959	0.6243	2.51327412287	2.529	0	
20200424_210759.874158	-0.880036755335	-0.8421	0.639384128959	0.6243	2.51327412287	2.5287	0	
20200424_210759.882814	-0.880036755335	-0.842	0.639384128959	0.6243	2.51327412287	2.5296	0	
20200424_210759.891230	-0.880036755335	-0.842	0.639384128959	0.6243	2.51327412287	2.5297	0	
20200424_210759.899619	-0.880036755335	-0.8421	0.639384128959	0.6243	2.51327412287	2.5287	0	
20200424_210759.908245	-0.880036755335	-0.8421	0.639384128959	0.6243	2.51327412287	2.5289	0	
20200424_210759.915862	-0.880036755335	-0.8421	0.639384128959	0.6243	2.51327412287	2.5286	0	
20200424_210759.924294	-0.880036755335	-0.842	0.639384128959	0.6243	2.51327412287	2.5293	0	
20200424_210759.932647	-0.880036755335	-0.8421	0.639384128959	0.6243	2.51327412287	2.5287	0	
20200424_210759.940604	-0.880036755335	-0.842	0.639384128959	0.6243	2.51327412287	2.5295	0	
20200424_210759.949084	-0.880036755335	-0.842	0.639384128959	0.6243	2.51327412287	2.5295	0	
20200424_210759.957238	-0.880036755335	-0.8421	0.639384128959	0.6243	2.51327412287	2.5299	0	
20200424_210759.965593	-0.880036755335	-0.842	0.639384128959	0.6242	2.51327412287	2.5299	0	
20200424_210759.973931	-0.880036755335	-0.842	0.639384128959	0.6243	2.51327412287	2.5296	0	
20200424_210759.982636	-0.880036755335	-0.8421	0.639384128959	0.6243	2.51327412287	2.5288	0	
20200424_210759.990617	-0.880036755335	-0.842	0.639384128959	0.6243	2.51327412287	2.5298	0	
20200424_210800.000033	-0.880036755335	-0.842	0.639384128959	0.6243	2.51327412287	2.5295	0	
20200424_210800.007876	-0.880036755335	-0.842	0.639384128959	0.6243	2.51327412287	2.5297	0	
20200424_210800.015600	-0.880036755335	-0.8421	0.639384128959	0.6243	2.51327412287	2.5297	0	
20200424_210800.024336	-0.880036755335	-0.842	0.639384128959	0.6243	2.51327412287	2.5296	0	
20200424_210800.032672	-0.880036755335	-0.842	0.639384128959	0.6243	2.51327412287	2.5297	0	
20200424_210800.041130	-0.880036755335	-0.8421	0.639384128959	0.6243	2.51327412287	2.5298	0	
20200424_210800.048935	-0.880036755335	-0.842	0.639384128959	0.6243	2.51327412287	2.5297	0	
20200424_210800.057569	-0.880036755335	-0.8421	0.639384128959	0.6243	2.51327412287	2.5298	0	
20200424_210800.065888	-0.880036755335	-0.842	0.639384128959	0.6243	2.51327412287	2.5299	0	
20200424_210800.074016	-0.880036755335	-0.842	0.639384128959	0.6243	2.51327412287	2.5294	0	
20200424_210800.083960	-0.880036755335	-0.842	0.639384128959	0.6243	2.51327412287	2.5298	0	
20200424_210800.091074	-0.880036755335	-0.842	0.639384128959	0.6243	2.51327412287	2.5297	0	
20200424_210800.098523	-0.880036755335	-0.842	0.639384128959	0.6243	2.51327412287	2.5297	0	
20200424_210800.107510	-0.880036755335	-0.842	0.639384128959	0.6243	2.51327412287	2.5298	0	
20200424_210800.115766	-0.880036755335	-0.842	0.639384128959	0.6243	2.51327412287	2.5298	0	
20200424_210800.124125	-0.880036755335	-0.842	0.639384128959	0.6243	2.51327412287	2.53	0	
20200424_210800.133684	-0.880036755335	-0.842	0.639384128959	0.6243	2.51327412287	2.53	0	
20200424_210800.141457	-0.880036755335	-0.842	0.639384128959	0.6243	2.51327412287	2.5298	0	
20200424_210800.149816	-0.880036755335	-0.842	0.639384128959	0.6243	2.51327412287	2.5298	0	
20200424_210800.159114	-0.880036755335	-0.842	0.639384128959	0.6243	2.51327412287	2.5299	0	
20200424_210800.165856	-0.880036755335	-0.842	0.639384128959	0.6243	2.51327412287	2.5297	0	
20200424_210800.174315	-0.880036755335	-0.842	0.639384128959	0.6243	2.51327412287	2.53	0	
20200424_210800.182677	-0.880036755335	-0.842	0.639384128959	0.6243	2.51327412287	2.5298	0	
20200424_210800.191363	-0.880036755335	-0.842	0.639384128959	0.6243	2.51327412287	2.53	0	
20200424_210800.198843	-0.880036755335	-0.8421	0.639384128959	0.6243	2.51327412287	2.5288	0	
