Time	X_Setpt	X_FB	Y_Setpt	Y_FB	Theta_Setpt	Theta_FB	Motion Status	
20200423_223611.257337	1.29903810568	0.8288	0.25	-1.0211	0.523598775598	1.4342	1	
20200423_223611.354149	1.29903810568	0.8287	0.25	-1.021	0.523598775598	1.4303	1	
20200423_223611.454736	1.29903810568	0.8281	0.25	-1.0147	0.523598775598	1.3676	1	
20200423_223611.553357	1.29903810568	0.8276	0.25	-1.0062	0.523598775598	1.298	1	
20200423_223611.653383	1.29903810568	0.8284	0.25	-0.9965	0.523598775598	1.2383	1	
20200423_223611.753360	1.29903810568	0.8306	0.25	-0.9877	0.523598775598	1.2065	1	
20200423_223611.852997	1.29903810568	0.8339	0.25	-0.977	0.523598775598	1.2174	1	
20200423_223611.953550	1.29903810568	0.8374	0.25	-0.9697	0.523598775598	1.2222	1	
20200423_223612.054072	1.29903810568	0.8412	0.25	-0.9593	0.523598775598	1.2025	1	
20200423_223612.154477	1.29903810568	0.8444	0.25	-0.9498	0.523598775598	1.1983	1	
20200423_223612.252983	1.29903810568	0.8463	0.25	-0.9442	0.523598775598	1.2171	1	
20200423_223612.353252	1.29903810568	0.8508	0.25	-0.9328	0.523598775598	1.2113	1	
20200423_223612.453142	1.29903810568	0.8541	0.25	-0.9253	0.523598775598	1.2107	1	
20200423_223612.553484	1.29903810568	0.8578	0.25	-0.9148	0.523598775598	1.2105	1	
20200423_223612.653299	1.29903810568	0.8614	0.25	-0.9052	0.523598775598	1.2105	1	
20200423_223612.753718	1.29903810568	0.8652	0.25	-0.8967	0.523598775598	1.1914	1	
20200423_223612.853608	1.29903810568	0.8683	0.25	-0.8878	0.523598775598	1.1913	1	
20200423_223612.953618	1.29903810568	0.8722	0.25	-0.8782	0.523598775598	1.2115	1	
20200423_223613.052967	1.29903810568	0.8756	0.25	-0.8696	0.523598775598	1.2109	1	
20200423_223613.153571	1.29903810568	0.8791	0.25	-0.8605	0.523598775598	1.2097	1	
20200423_223613.253204	1.29903810568	0.8836	0.25	-0.8515	0.523598775598	1.1922	1	
20200423_223613.354291	1.29903810568	0.8873	0.25	-0.8415	0.523598775598	1.2131	1	
20200423_223613.453704	1.29903810568	0.8902	0.25	-0.8326	0.523598775598	1.2134	1	
20200423_223613.554387	1.29903810568	0.8944	0.25	-0.8233	0.523598775598	1.2123	1	
20200423_223613.653075	1.29903810568	0.8976	0.25	-0.8139	0.523598775598	1.2095	1	
20200423_223613.753516	1.29903810568	0.9009	0.25	-0.8059	0.523598775598	1.2089	1	
20200423_223613.853622	1.29903810568	0.9051	0.25	-0.7949	0.523598775598	1.2066	1	
20200423_223613.953977	1.29903810568	0.9084	0.25	-0.786	0.523598775598	1.2099	1	
20200423_223614.053607	1.29903810568	0.9116	0.25	-0.7774	0.523598775598	1.2107	1	
20200423_223614.154037	1.29903810568	0.916	0.25	-0.7669	0.523598775598	1.1911	1	
20200423_223614.253380	1.29903810568	0.9191	0.25	-0.7586	0.523598775598	1.1912	1	
20200423_223614.353266	1.29903810568	0.9229	0.25	-0.7486	0.523598775598	1.2089	1	
20200423_223614.454242	1.29903810568	0.9268	0.25	-0.7389	0.523598775598	1.2061	1	
20200423_223614.552965	1.29903810568	0.9304	0.25	-0.7303	0.523598775598	1.1884	1	
20200423_223614.652994	1.29903810568	0.9338	0.25	-0.7201	0.523598775598	1.1927	1	
20200423_223614.753421	1.29903810568	0.9373	0.25	-0.7114	0.523598775598	1.208	1	
20200423_223614.854243	1.29903810568	0.9403	0.25	-0.7019	0.523598775598	1.1912	1	
20200423_223614.953684	1.29903810568	0.9438	0.25	-0.6947	0.523598775598	1.201	1	
20200423_223615.053363	1.29903810568	0.9477	0.25	-0.686	0.523598775598	1.2025	1	
20200423_223615.153877	1.29903810568	0.9513	0.25	-0.6763	0.523598775598	1.1999	1	
20200423_223615.253306	1.29903810568	0.9544	0.25	-0.6678	0.523598775598	1.1993	1	
20200423_223615.353562	1.29903810568	0.9587	0.25	-0.6569	0.523598775598	1.1899	1	
20200423_223615.453373	1.29903810568	0.9618	0.25	-0.6491	0.523598775598	1.2022	1	
20200423_223615.553473	1.29903810568	0.9649	0.25	-0.6402	0.523598775598	1.2022	1	
20200423_223615.653002	1.29903810568	0.9696	0.25	-0.6287	0.523598775598	1.2012	1	
20200423_223615.753764	1.29903810568	0.9727	0.25	-0.6211	0.523598775598	1.2004	1	
20200423_223615.853251	1.29903810568	0.9772	0.25	-0.6114	0.523598775598	1.2021	1	
20200423_223615.953862	1.29903810568	0.9811	0.25	-0.6019	0.523598775598	1.2034	1	
20200423_223616.054159	1.29903810568	0.9844	0.25	-0.5932	0.523598775598	1.2059	1	
20200423_223616.153327	1.29903810568	0.9887	0.25	-0.5835	0.523598775598	1.2063	1	
20200423_223616.252948	1.29903810568	0.9924	0.25	-0.5732	0.523598775598	1.2039	1	
20200423_223616.353122	1.29903810568	0.9957	0.25	-0.5656	0.523598775598	1.2023	1	
20200423_223616.454177	1.29903810568	1.0001	0.25	-0.5546	0.523598775598	1.2033	1	
20200423_223616.553341	1.29903810568	1.0035	0.25	-0.5457	0.523598775598	1.2038	1	
20200423_223616.653094	1.29903810568	1.0069	0.25	-0.5361	0.523598775598	1.1885	1	
20200423_223616.753353	1.29903810568	1.0105	0.25	-0.5287	0.523598775598	1.2051	1	
20200423_223616.854104	1.29903810568	1.014	0.25	-0.52	0.523598775598	1.2043	1	
20200423_223616.954156	1.29903810568	1.0169	0.25	-0.5107	0.523598775598	1.2014	1	
20200423_223617.053929	1.29903810568	1.021	0.25	-0.5011	0.523598775598	1.2	1	
20200423_223617.153360	1.29903810568	1.0252	0.25	-0.4908	0.523598775598	1.2029	1	
20200423_223617.253013	1.29903810568	1.0294	0.25	-0.4809	0.523598775598	1.2039	1	
20200423_223617.353389	1.29903810568	1.0324	0.25	-0.4732	0.523598775598	1.2044	1	
20200423_223617.453620	1.29903810568	1.0365	0.25	-0.4627	0.523598775598	1.2044	1	
20200423_223617.553656	1.29903810568	1.0401	0.25	-0.4551	0.523598775598	1.2023	1	
20200423_223617.653004	1.29903810568	1.0442	0.25	-0.4446	0.523598775598	1.203	1	
20200423_223617.753757	1.29903810568	1.0472	0.25	-0.4365	0.523598775598	1.2007	1	
20200423_223617.853518	1.29903810568	1.0497	0.25	-0.4282	0.523598775598	1.201	1	
20200423_223617.953909	1.29903810568	1.0534	0.25	-0.4187	0.523598775598	1.1769	1	
20200423_223618.053905	1.29903810568	1.0567	0.25	-0.4112	0.523598775598	1.1935	1	
20200423_223618.153357	1.29903810568	1.0608	0.25	-0.401	0.523598775598	1.1785	1	
20200423_223618.254314	1.29903810568	1.064	0.25	-0.393	0.523598775598	1.195	1	
20200423_223618.353726	1.29903810568	1.0676	0.25	-0.3828	0.523598775598	1.1803	1	
20200423_223618.453895	1.29903810568	1.0715	0.25	-0.3737	0.523598775598	1.181	1	
20200423_223618.553813	1.29903810568	1.0758	0.25	-0.3639	0.523598775598	1.1942	1	
20200423_223618.653156	1.29903810568	1.0787	0.25	-0.3562	0.523598775598	1.1884	1	
20200423_223618.753355	1.29903810568	1.0817	0.25	-0.3473	0.523598775598	1.1891	1	
20200423_223618.853482	1.29903810568	1.0849	0.25	-0.339	0.523598775598	1.1748	1	
20200423_223618.953460	1.29903810568	1.0887	0.25	-0.3292	0.523598775598	1.1724	1	
20200423_223619.053322	1.29903810568	1.0924	0.25	-0.3211	0.523598775598	1.1904	1	
20200423_223619.153984	1.29903810568	1.0966	0.25	-0.3112	0.523598775598	1.1787	1	
20200423_223619.253591	1.29903810568	1.0993	0.25	-0.3031	0.523598775598	1.1779	1	
20200423_223619.353375	1.29903810568	1.1044	0.25	-0.2937	0.523598775598	1.1927	1	
20200423_223619.453384	1.29903810568	1.1073	0.25	-0.2853	0.523598775598	1.1704	1	
20200423_223619.553806	1.29903810568	1.1105	0.25	-0.2771	0.523598775598	1.1848	1	
20200423_223619.654017	1.29903810568	1.1142	0.25	-0.2682	0.523598775598	1.1824	1	
20200423_223619.754134	1.29903810568	1.1182	0.25	-0.2582	0.523598775598	1.1878	1	
20200423_223619.852993	1.29903810568	1.1226	0.25	-0.2495	0.523598775598	1.1908	1	
20200423_223619.953629	1.29903810568	1.1265	0.25	-0.2394	0.523598775598	1.1889	1	
20200423_223620.053570	1.29903810568	1.1298	0.25	-0.2312	0.523598775598	1.1855	1	
20200423_223620.152982	1.29903810568	1.1334	0.25	-0.2235	0.523598775598	1.1683	1	
20200423_223620.253587	1.29903810568	1.1369	0.25	-0.2129	0.523598775598	1.187	1	
20200423_223620.354708	1.29903810568	1.142	0.25	-0.204	0.523598775598	1.1865	1	
20200423_223620.453185	1.29903810568	1.1436	0.25	-0.1961	0.523598775598	1.182	1	
20200423_223620.553075	1.29903810568	1.1485	0.25	-0.1853	0.523598775598	1.163	1	
20200423_223620.653006	1.29903810568	1.152	0.25	-0.1782	0.523598775598	1.1798	1	
20200423_223620.752985	1.29903810568	1.1556	0.25	-0.1688	0.523598775598	1.1562	1	
20200423_223620.853834	1.29903810568	1.1595	0.25	-0.1597	0.523598775598	1.177	1	
20200423_223620.954103	1.29903810568	1.1632	0.25	-0.1507	0.523598775598	1.1519	1	
20200423_223621.053453	1.29903810568	1.1671	0.25	-0.1405	0.523598775598	1.1797	1	
20200423_223621.153655	1.29903810568	1.1726	0.25	-0.132	0.523598775598	1.2082	1	
20200423_223621.252942	1.29903810568	1.1773	0.25	-0.1233	0.523598775598	1.2638	1	
20200423_223621.353033	1.29903810568	1.1809	0.25	-0.1134	0.523598775598	1.2742	1	
20200423_223621.454064	1.29903810568	1.1836	0.25	-0.1055	0.523598775598	1.2543	1	
20200423_223621.552971	1.29903810568	1.1868	0.25	-0.0943	0.523598775598	1.276	1	
20200423_223621.653170	1.29903810568	1.19	0.25	-0.0852	0.523598775598	1.2543	1	
20200423_223621.753419	1.29903810568	1.1931	0.25	-0.0754	0.523598775598	1.2576	1	
20200423_223621.853984	1.29903810568	1.197	0.25	-0.0644	0.523598775598	1.2557	1	
20200423_223621.953697	1.29903810568	1.1996	0.25	-0.0557	0.523598775598	1.2723	1	
20200423_223622.054276	1.29903810568	1.2016	0.25	-0.0475	0.523598775598	1.2514	1	
20200423_223622.152994	1.29903810568	1.2049	0.25	-0.037	0.523598775598	1.2548	1	
20200423_223622.254242	1.29903810568	1.2085	0.25	-0.0274	0.523598775598	1.2568	1	
20200423_223622.353045	1.29903810568	1.2117	0.25	-0.0204	0.523598775598	1.2566	1	
20200423_223622.453398	1.29903810568	1.2147	0.25	-0.0099	0.523598775598	1.2578	1	
20200423_223622.554630	1.29903810568	1.2171	0.25	-0.0018	0.523598775598	1.2563	1	
20200423_223622.653141	1.29903810568	1.2201	0.25	0.0078	0.523598775598	1.2604	1	
20200423_223622.753434	1.29903810568	1.2238	0.25	0.0177	0.523598775598	1.26	1	
20200423_223622.853320	1.29903810568	1.2259	0.25	0.0274	0.523598775598	1.2811	1	
20200423_223622.953895	1.29903810568	1.2283	0.25	0.0359	0.523598775598	1.2829	1	
20200423_223623.053340	1.29903810568	1.2312	0.25	0.0436	0.523598775598	1.283	1	
20200423_223623.153929	1.29903810568	1.2336	0.25	0.0522	0.523598775598	1.2811	1	
20200423_223623.254817	1.29903810568	1.2355	0.25	0.0605	0.523598775598	1.2777	1	
20200423_223623.353191	1.29903810568	1.2389	0.25	0.0695	0.523598775598	1.2783	1	
20200423_223623.453492	1.29903810568	1.2421	0.25	0.0804	0.523598775598	1.2577	1	
20200423_223623.553843	1.29903810568	1.2453	0.25	0.0898	0.523598775598	1.2805	1	
20200423_223623.653182	1.29903810568	1.248	0.25	0.1002	0.523598775598	1.2604	1	
20200423_223623.754252	1.29903810568	1.2497	0.25	0.1079	0.523598775598	1.2602	1	
20200423_223623.853792	1.29903810568	1.2538	0.25	0.1188	0.523598775598	1.2577	1	
20200423_223623.953383	1.29903810568	1.2561	0.25	0.1276	0.523598775598	1.2743	1	
20200423_223624.053367	1.29903810568	1.2591	0.25	0.1361	0.523598775598	1.2765	1	
20200423_223624.152947	1.29903810568	1.2625	0.25	0.147	0.523598775598	1.2784	1	
20200423_223624.253374	1.29903810568	1.2651	0.25	0.1554	0.523598775598	1.2789	1	
20200423_223624.353514	1.29903810568	1.2679	0.25	0.1659	0.523598775598	1.2813	1	
20200423_223624.453205	1.29903810568	1.2711	0.25	0.1748	0.523598775598	1.2787	1	
20200423_223624.554057	1.29903810568	1.2739	0.25	0.1852	0.523598775598	1.2793	1	
20200423_223624.653286	1.29903810568	1.2771	0.25	0.1944	0.523598775598	1.2805	1	
20200423_223624.753399	1.29903810568	1.2802	0.25	0.2034	0.523598775598	1.2777	1	
20200423_223624.853576	1.29903810568	1.2823	0.25	0.2127	0.523598775598	1.2719	1	
20200423_223624.953294	1.29903810568	1.2841	0.25	0.2222	0.523598775598	1.2306	1	
20200423_223625.054039	1.29903810568	1.283	0.25	0.2255	0.523598775598	1.1457	1	
20200423_223625.153109	1.29903810568	1.2814	0.25	0.2267	0.523598775598	1.1036	1	
20200423_223625.253064	1.29903810568	1.2797	0.25	0.2274	0.523598775598	1.0179	1	
20200423_223625.353179	1.29903810568	1.277	0.25	0.2276	0.523598775598	0.9497	1	
20200423_223625.453078	1.29903810568	1.2751	0.25	0.2282	0.523598775598	0.9049	1	
20200423_223625.553504	1.29903810568	1.2731	0.25	0.2285	0.523598775598	0.8303	1	
20200423_223625.653147	1.29903810568	1.2717	0.25	0.2298	0.523598775598	0.7681	1	
20200423_223625.753527	1.29903810568	1.2703	0.25	0.2303	0.523598775598	0.7147	1	
20200423_223625.853074	1.29903810568	1.2689	0.25	0.2318	0.523598775598	0.653	1	
20200423_223625.953211	1.29903810568	1.2684	0.25	0.2332	0.523598775598	0.6245	1	
20200423_223626.053039	1.29903810568	1.2671	0.25	0.2345	0.523598775598	0.5509	1	
20200423_223626.153461	1.29903810568	1.265	0.25	0.235	0.523598775598	0.5189	0	
20200423_223626.153752	1.29903810568	1.265	0.25	0.235	0.523598775598	0.5169	0	
20200423_223626.156730	1.29903810568	1.2649	0.25	0.2351	0.523598775598	0.5154	0	
20200423_223626.164941	1.29903810568	1.2649	0.25	0.2351	0.523598775598	0.5133	0	
20200423_223626.173469	1.29903810568	1.2649	0.25	0.2352	0.523598775598	0.5115	0	
20200423_223626.182411	1.29903810568	1.2649	0.25	0.2352	0.523598775598	0.5101	0	
20200423_223626.190020	1.29903810568	1.2648	0.25	0.2353	0.523598775598	0.5089	0	
20200423_223626.198272	1.29903810568	1.2647	0.25	0.2352	0.523598775598	0.5077	0	
20200423_223626.206465	1.29903810568	1.2646	0.25	0.2353	0.523598775598	0.5064	0	
20200423_223626.214863	1.29903810568	1.2646	0.25	0.2353	0.523598775598	0.5055	0	
20200423_223626.223168	1.29903810568	1.2647	0.25	0.2353	0.523598775598	0.5047	0	
20200423_223626.231195	1.29903810568	1.2647	0.25	0.2353	0.523598775598	0.5042	0	
20200423_223626.239902	1.29903810568	1.2647	0.25	0.2353	0.523598775598	0.5039	0	
20200423_223626.248611	1.29903810568	1.2646	0.25	0.2353	0.523598775598	0.5034	0	
20200423_223626.256970	1.29903810568	1.2646	0.25	0.2353	0.523598775598	0.5028	0	
20200423_223626.264851	1.29903810568	1.2646	0.25	0.2354	0.523598775598	0.502	0	
20200423_223626.273150	1.29903810568	1.2646	0.25	0.2354	0.523598775598	0.5014	0	
20200423_223626.283365	1.29903810568	1.2646	0.25	0.2354	0.523598775598	0.5011	0	
20200423_223626.290307	1.29903810568	1.2646	0.25	0.2354	0.523598775598	0.5004	0	
20200423_223626.297941	1.29903810568	1.2646	0.25	0.2354	0.523598775598	0.5003	0	
20200423_223626.306531	1.29903810568	1.2646	0.25	0.2354	0.523598775598	0.5001	0	
20200423_223626.315869	1.29903810568	1.2646	0.25	0.2354	0.523598775598	0.5001	0	
20200423_223626.323789	1.29903810568	1.2646	0.25	0.2354	0.523598775598	0.4996	0	
20200423_223626.331310	1.29903810568	1.2646	0.25	0.2354	0.523598775598	0.4994	0	
20200423_223626.339881	1.29903810568	1.2645	0.25	0.2354	0.523598775598	0.4993	0	
20200423_223626.349039	1.29903810568	1.2645	0.25	0.2354	0.523598775598	0.4989	0	
20200423_223626.356634	1.29903810568	1.2644	0.25	0.2354	0.523598775598	0.4987	0	
20200423_223626.364432	1.29903810568	1.2644	0.25	0.2354	0.523598775598	0.4987	0	
20200423_223626.373316	1.29903810568	1.2644	0.25	0.2354	0.523598775598	0.4985	0	
20200423_223626.381501	1.29903810568	1.2644	0.25	0.2354	0.523598775598	0.4987	0	
20200423_223626.389944	1.29903810568	1.2645	0.25	0.2354	0.523598775598	0.4987	0	
20200423_223626.398251	1.29903810568	1.2645	0.25	0.2354	0.523598775598	0.4984	0	
20200423_223626.406345	1.29903810568	1.2646	0.25	0.2354	0.523598775598	0.4983	0	
20200423_223626.415939	1.29903810568	1.2645	0.25	0.2354	0.523598775598	0.4984	0	
20200423_223626.423531	1.29903810568	1.2644	0.25	0.2354	0.523598775598	0.4979	0	
20200423_223626.431231	1.29903810568	1.2644	0.25	0.2354	0.523598775598	0.4977	0	
20200423_223626.439848	1.29903810568	1.2644	0.25	0.2355	0.523598775598	0.4975	0	
20200423_223626.448206	1.29903810568	1.2644	0.25	0.2354	0.523598775598	0.4974	0	
20200423_223626.456618	1.29903810568	1.2644	0.25	0.2354	0.523598775598	0.4971	0	
20200423_223626.464722	1.29903810568	1.2644	0.25	0.2354	0.523598775598	0.4973	0	
20200423_223626.473322	1.29903810568	1.2644	0.25	0.2354	0.523598775598	0.4974	0	
20200423_223626.481865	1.29903810568	1.2644	0.25	0.2354	0.523598775598	0.4972	0	
20200423_223626.489210	1.29903810568	1.2644	0.25	0.2354	0.523598775598	0.4972	0	
20200423_223626.497680	1.29903810568	1.2644	0.25	0.2354	0.523598775598	0.4972	0	
20200423_223626.506091	1.29903810568	1.2643	0.25	0.2354	0.523598775598	0.4969	0	
20200423_223626.516465	1.29903810568	1.2643	0.25	0.2354	0.523598775598	0.4968	0	
20200423_223626.522838	1.29903810568	1.2643	0.25	0.2354	0.523598775598	0.4967	0	
20200423_223626.531764	1.29903810568	1.2643	0.25	0.2354	0.523598775598	0.4969	0	
20200423_223626.540175	1.29903810568	1.2643	0.25	0.2354	0.523598775598	0.4968	0	
20200423_223626.551651	1.29903810568	1.2643	0.25	0.2354	0.523598775598	0.4975	0	
20200423_223626.556586	1.29903810568	1.2643	0.25	0.2354	0.523598775598	0.4972	0	
20200423_223626.564155	1.29903810568	1.2644	0.25	0.2354	0.523598775598	0.4968	0	
20200423_223626.572493	1.29903810568	1.2643	0.25	0.2354	0.523598775598	0.497	0	
20200423_223626.583541	1.29903810568	1.2643	0.25	0.2354	0.523598775598	0.4971	0	
20200423_223626.589217	1.29903810568	1.2643	0.25	0.2354	0.523598775598	0.4969	0	
20200423_223626.597467	1.29903810568	1.2643	0.25	0.2354	0.523598775598	0.4967	0	
20200423_223626.605934	1.29903810568	1.2643	0.25	0.2354	0.523598775598	0.4969	0	
20200423_223626.615738	1.29903810568	1.2643	0.25	0.2354	0.523598775598	0.4972	0	
20200423_223626.622695	1.29903810568	1.2643	0.25	0.2354	0.523598775598	0.4969	0	
20200423_223626.631065	1.29903810568	1.2644	0.25	0.2354	0.523598775598	0.497	0	
20200423_223626.639369	1.29903810568	1.2643	0.25	0.2354	0.523598775598	0.4972	0	
20200423_223626.647863	1.29903810568	1.2644	0.25	0.2354	0.523598775598	0.4971	0	
20200423_223626.656171	1.29903810568	1.2643	0.25	0.2354	0.523598775598	0.4971	0	
20200423_223626.664579	1.29903810568	1.2643	0.25	0.2354	0.523598775598	0.4971	0	
20200423_223626.672958	1.29903810568	1.2643	0.25	0.2354	0.523598775598	0.4969	0	
20200423_223626.681867	1.29903810568	1.2643	0.25	0.2354	0.523598775598	0.4969	0	
20200423_223626.690109	1.29903810568	1.2643	0.25	0.2354	0.523598775598	0.4971	0	
20200423_223626.697901	1.29903810568	1.2643	0.25	0.2354	0.523598775598	0.4973	0	
20200423_223626.706338	1.29903810568	1.2643	0.25	0.2354	0.523598775598	0.4972	0	
20200423_223626.720934	1.29903810568	1.2643	0.25	0.2353	0.523598775598	0.4968	0	
20200423_223626.723263	1.29903810568	1.2643	0.25	0.2354	0.523598775598	0.497	0	
20200423_223626.731128	1.29903810568	1.2643	0.25	0.2354	0.523598775598	0.4766	0	
20200423_223626.739577	1.29903810568	1.2643	0.25	0.2354	0.523598775598	0.4971	0	
20200423_223626.748343	1.29903810568	1.2643	0.25	0.2354	0.523598775598	0.4764	0	
20200423_223626.756507	1.29903810568	1.2643	0.25	0.2354	0.523598775598	0.4762	0	
20200423_223626.764810	1.29903810568	1.2643	0.25	0.2354	0.523598775598	0.4966	0	
20200423_223626.773643	1.29903810568	1.2643	0.25	0.2353	0.523598775598	0.4968	0	
20200423_223626.781583	1.29903810568	1.2643	0.25	0.2354	0.523598775598	0.4974	0	
20200423_223626.790055	1.29903810568	1.2643	0.25	0.2353	0.523598775598	0.497	0	
20200423_223626.798756	1.29903810568	1.2643	0.25	0.2353	0.523598775598	0.497	0	
20200423_223626.806286	1.29903810568	1.2643	0.25	0.2353	0.523598775598	0.4971	0	
20200423_223626.815035	1.29903810568	1.2643	0.25	0.2354	0.523598775598	0.4966	0	
20200423_223626.823417	1.29903810568	1.2643	0.25	0.2354	0.523598775598	0.4966	0	
20200423_223626.831480	1.29903810568	1.2643	0.25	0.2354	0.523598775598	0.4965	0	
20200423_223626.840191	1.29903810568	1.2643	0.25	0.2354	0.523598775598	0.4966	0	
20200423_223626.850425	1.29903810568	1.2643	0.25	0.2354	0.523598775598	0.4965	0	
20200423_223626.856344	1.29903810568	1.2643	0.25	0.2354	0.523598775598	0.4967	0	
20200423_223626.865339	1.29903810568	1.2643	0.25	0.2354	0.523598775598	0.4966	0	
20200423_223626.873275	1.29903810568	1.2644	0.25	0.2354	0.523598775598	0.497	0	
20200423_223626.883107	1.29903810568	1.2643	0.25	0.2354	0.523598775598	0.4968	0	
20200423_223626.890087	1.29903810568	1.2643	0.25	0.2354	0.523598775598	0.4971	0	
20200423_223626.898722	1.29903810568	1.2643	0.25	0.2354	0.523598775598	0.4967	0	
20200423_223626.907448	1.29903810568	1.2643	0.25	0.2354	0.523598775598	0.4968	0	
20200423_223626.915130	1.29903810568	1.2643	0.25	0.2354	0.523598775598	0.4967	0	
20200423_223626.923765	1.29903810568	1.2643	0.25	0.2354	0.523598775598	0.4965	0	
20200423_223626.932555	1.29903810568	1.2643	0.25	0.2354	0.523598775598	0.4967	0	
20200423_223626.939970	1.29903810568	1.2643	0.25	0.2354	0.523598775598	0.4968	0	
20200423_223626.950390	1.29903810568	1.2643	0.25	0.2354	0.523598775598	0.4969	0	
20200423_223626.957228	1.29903810568	1.2643	0.25	0.2354	0.523598775598	0.4969	0	
20200423_223626.965315	1.29903810568	1.2643	0.25	0.2354	0.523598775598	0.497	0	
20200423_223626.974381	1.29903810568	1.2643	0.25	0.2354	0.523598775598	0.4969	0	
20200423_223626.981987	1.29903810568	1.2643	0.25	0.2354	0.523598775598	0.4968	0	
20200423_223626.990280	1.29903810568	1.2643	0.25	0.2354	0.523598775598	0.4967	0	
20200423_223626.998642	1.29903810568	1.2643	0.25	0.2354	0.523598775598	0.4969	0	
20200423_223627.007239	1.29903810568	1.2643	0.25	0.2354	0.523598775598	0.4971	0	
20200423_223627.015083	1.29903810568	1.2643	0.25	0.2353	0.523598775598	0.4968	0	
20200423_223627.023760	1.29903810568	1.2643	0.25	0.2353	0.523598775598	0.497	0	
20200423_223627.034205	1.29903810568	1.2643	0.25	0.2353	0.523598775598	0.4971	0	
20200423_223627.040314	1.29903810568	1.2643	0.25	0.2353	0.523598775598	0.497	0	
20200423_223627.049269	1.29903810568	1.2643	0.25	0.2353	0.523598775598	0.4966	0	
20200423_223627.056265	1.29903810568	1.2643	0.25	0.2353	0.523598775598	0.4967	0	
20200423_223627.065032	1.29903810568	1.2643	0.25	0.2354	0.523598775598	0.4966	0	
20200423_223627.073477	1.29903810568	1.2642	0.25	0.2355	0.523598775598	0.4771	0	
20200423_223627.083994	1.29903810568	1.2643	0.25	0.2354	0.523598775598	0.4966	0	
20200423_223627.090120	1.29903810568	1.2643	0.25	0.2354	0.523598775598	0.4968	0	
20200423_223627.099327	1.29903810568	1.2643	0.25	0.2353	0.523598775598	0.4966	0	
20200423_223627.107003	1.29903810568	1.2643	0.25	0.2354	0.523598775598	0.4967	0	
20200423_223627.115201	1.29903810568	1.2643	0.25	0.2354	0.523598775598	0.4969	0	
20200423_223627.123353	1.29903810568	1.2643	0.25	0.2354	0.523598775598	0.4968	0	
20200423_223627.132065	1.29903810568	1.2642	0.25	0.2354	0.523598775598	0.4963	0	
20200423_223627.148387	1.29903810568	1.2642	0.25	0.2354	0.523598775598	0.4966	0	
20200423_223627.153694	1.29903810568	1.2642	0.25	0.2354	0.523598775598	0.4964	0	
20200423_223627.159362	1.29903810568	1.2642	0.25	0.2354	0.523598775598	0.4961	0	
20200423_223627.165573	1.29903810568	1.2642	0.25	0.2354	0.523598775598	0.4962	0	
20200423_223627.173062	1.29903810568	1.2642	0.25	0.2354	0.523598775598	0.4963	0	
20200423_223627.182181	1.29903810568	1.2642	0.25	0.2354	0.523598775598	0.4967	0	
20200423_223627.190966	1.29903810568	1.2643	0.25	0.2354	0.523598775598	0.4967	0	
20200423_223627.198594	1.29903810568	1.2642	0.25	0.2354	0.523598775598	0.4967	0	
20200423_223627.206744	1.29903810568	1.2643	0.25	0.2354	0.523598775598	0.4968	0	
20200423_223627.216327	1.29903810568	1.2643	0.25	0.2354	0.523598775598	0.4967	0	
20200423_223627.223452	1.29903810568	1.2642	0.25	0.2354	0.523598775598	0.4967	0	
20200423_223627.231858	1.29903810568	1.2642	0.25	0.2354	0.523598775598	0.4967	0	
20200423_223627.241221	1.29903810568	1.2642	0.25	0.2354	0.523598775598	0.4968	0	
20200423_223627.249144	1.29903810568	1.2643	0.25	0.2353	0.523598775598	0.4968	0	
20200423_223627.257291	1.29903810568	1.2643	0.25	0.2353	0.523598775598	0.4967	0	
20200423_223627.265942	1.29903810568	1.2643	0.25	0.2353	0.523598775598	0.497	0	
20200423_223627.273693	1.29903810568	1.2643	0.25	0.2353	0.523598775598	0.497	0	
20200423_223627.282127	1.29903810568	1.2643	0.25	0.2353	0.523598775598	0.4969	0	
20200423_223627.291202	1.29903810568	1.2643	0.25	0.2353	0.523598775598	0.4968	0	
20200423_223627.298640	1.29903810568	1.2643	0.25	0.2354	0.523598775598	0.4963	0	
20200423_223627.307157	1.29903810568	1.2643	0.25	0.2354	0.523598775598	0.4962	0	
20200423_223627.316223	1.29903810568	1.2642	0.25	0.2354	0.523598775598	0.4968	0	
20200423_223627.323816	1.29903810568	1.2642	0.25	0.2354	0.523598775598	0.4969	0	
20200423_223627.332170	1.29903810568	1.2642	0.25	0.2353	0.523598775598	0.4967	0	
20200423_223627.340351	1.29903810568	1.2643	0.25	0.2353	0.523598775598	0.4966	0	
20200423_223627.348478	1.29903810568	1.2643	0.25	0.2353	0.523598775598	0.4969	0	
20200423_223627.356665	1.29903810568	1.2643	0.25	0.2353	0.523598775598	0.4967	0	
20200423_223627.365527	1.29903810568	1.2643	0.25	0.2353	0.523598775598	0.4966	0	
20200423_223627.373940	1.29903810568	1.2643	0.25	0.2354	0.523598775598	0.4964	0	
20200423_223627.381666	1.29903810568	1.2643	0.25	0.2354	0.523598775598	0.4968	0	
20200423_223627.390155	1.29903810568	1.2643	0.25	0.2354	0.523598775598	0.4965	0	
20200423_223627.398378	1.29903810568	1.2643	0.25	0.2354	0.523598775598	0.4963	0	
20200423_223627.407089	1.29903810568	1.2643	0.25	0.2354	0.523598775598	0.4966	0	
20200423_223627.415563	1.29903810568	1.2643	0.25	0.2354	0.523598775598	0.4966	0	
20200423_223627.423250	1.29903810568	1.2643	0.25	0.2353	0.523598775598	0.4969	0	
20200423_223627.431860	1.29903810568	1.2643	0.25	0.2353	0.523598775598	0.4967	0	
20200423_223627.441215	1.29903810568	1.2643	0.25	0.2353	0.523598775598	0.4966	0	
20200423_223627.449550	1.29903810568	1.2642	0.25	0.2353	0.523598775598	0.4967	0	
20200423_223627.456575	1.29903810568	1.2642	0.25	0.2353	0.523598775598	0.4968	0	
20200423_223627.465446	1.29903810568	1.2642	0.25	0.2353	0.523598775598	0.4965	0	
20200423_223627.473916	1.29903810568	1.2642	0.25	0.2354	0.523598775598	0.4964	0	
20200423_223627.481892	1.29903810568	1.2642	0.25	0.2353	0.523598775598	0.4967	0	
20200423_223627.491011	1.29903810568	1.2642	0.25	0.2353	0.523598775598	0.497	0	
20200423_223627.498504	1.29903810568	1.2642	0.25	0.2353	0.523598775598	0.497	0	
20200423_223627.506461	1.29903810568	1.2642	0.25	0.2353	0.523598775598	0.4968	0	
20200423_223627.516043	1.29903810568	1.2643	0.25	0.2353	0.523598775598	0.4966	0	
20200423_223627.523521	1.29903810568	1.2643	0.25	0.2353	0.523598775598	0.4966	0	
20200423_223627.534587	1.29903810568	1.2643	0.25	0.2354	0.523598775598	0.4966	0	
20200423_223627.540749	1.29903810568	1.2643	0.25	0.2354	0.523598775598	0.4963	0	
20200423_223627.548642	1.29903810568	1.2643	0.25	0.2354	0.523598775598	0.4963	0	
20200423_223627.556961	1.29903810568	1.2643	0.25	0.2354	0.523598775598	0.4963	0	
20200423_223627.565102	1.29903810568	1.2643	0.25	0.2354	0.523598775598	0.4962	0	
20200423_223627.573038	1.29903810568	1.2643	0.25	0.2354	0.523598775598	0.4965	0	
20200423_223627.580938	1.29903810568	1.2643	0.25	0.2354	0.523598775598	0.4968	0	
20200423_223627.589450	1.29903810568	1.2643	0.25	0.2353	0.523598775598	0.4967	0	
20200423_223627.598066	1.29903810568	1.2643	0.25	0.2354	0.523598775598	0.4967	0	
20200423_223627.606132	1.29903810568	1.2643	0.25	0.2354	0.523598775598	0.4968	0	
20200423_223627.614727	1.29903810568	1.2643	0.25	0.2354	0.523598775598	0.4968	0	
20200423_223627.623403	1.29903810568	1.2643	0.25	0.2354	0.523598775598	0.4964	0	
20200423_223627.631085	1.29903810568	1.2643	0.25	0.2354	0.523598775598	0.4964	0	
20200423_223627.640155	1.29903810568	1.2643	0.25	0.2354	0.523598775598	0.4964	0	
20200423_223627.648247	1.29903810568	1.2643	0.25	0.2354	0.523598775598	0.4965	0	
20200423_223627.657108	1.29903810568	1.2642	0.25	0.2354	0.523598775598	0.4966	0	
20200423_223627.665399	1.29903810568	1.2643	0.25	0.2354	0.523598775598	0.4967	0	
20200423_223627.673359	1.29903810568	1.2643	0.25	0.2354	0.523598775598	0.4966	0	
20200423_223627.681675	1.29903810568	1.2643	0.25	0.2353	0.523598775598	0.4967	0	
20200423_223627.690271	1.29903810568	1.2643	0.25	0.2354	0.523598775598	0.4966	0	
20200423_223627.698127	1.29903810568	1.2642	0.25	0.2354	0.523598775598	0.4965	0	
20200423_223627.706568	1.29903810568	1.2642	0.25	0.2354	0.523598775598	0.4965	0	
20200423_223627.715925	1.29903810568	1.2642	0.25	0.2353	0.523598775598	0.4965	0	
20200423_223627.723927	1.29903810568	1.2642	0.25	0.2354	0.523598775598	0.4966	0	
20200423_223627.731587	1.29903810568	1.2642	0.25	0.2354	0.523598775598	0.4767	0	
20200423_223627.740261	1.29903810568	1.2643	0.25	0.2353	0.523598775598	0.4968	0	
20200423_223627.748106	1.29903810568	1.2643	0.25	0.2353	0.523598775598	0.4968	0	
20200423_223627.756965	1.29903810568	1.2643	0.25	0.2353	0.523598775598	0.4971	0	
20200423_223627.765642	1.29903810568	1.2643	0.25	0.2353	0.523598775598	0.4968	0	
20200423_223627.773392	1.29903810568	1.2642	0.25	0.2353	0.523598775598	0.4967	0	
20200423_223627.781890	1.29903810568	1.2642	0.25	0.2353	0.523598775598	0.4965	0	
20200423_223627.790406	1.29903810568	1.2642	0.25	0.2354	0.523598775598	0.4963	0	
20200423_223627.798637	1.29903810568	1.2642	0.25	0.2354	0.523598775598	0.4965	0	
20200423_223627.806553	1.29903810568	1.2643	0.25	0.2354	0.523598775598	0.4965	0	
20200423_223627.815086	1.29903810568	1.2643	0.25	0.2354	0.523598775598	0.4965	0	
20200423_223627.823914	1.29903810568	1.2643	0.25	0.2354	0.523598775598	0.4964	0	
20200423_223627.832546	1.29903810568	1.2643	0.25	0.2353	0.523598775598	0.4966	0	
20200423_223627.839453	1.29903810568	1.2643	0.25	0.2354	0.523598775598	0.4965	0	
20200423_223627.847571	1.29903810568	1.2643	0.25	0.2354	0.523598775598	0.4967	0	
20200423_223627.856791	1.29903810568	1.2643	0.25	0.2354	0.523598775598	0.4965	0	
20200423_223627.864655	1.29903810568	1.2642	0.25	0.2354	0.523598775598	0.4963	0	
20200423_223627.873033	1.29903810568	1.2642	0.25	0.2354	0.523598775598	0.4962	0	
20200423_223627.882147	1.29903810568	1.2642	0.25	0.2353	0.523598775598	0.4965	0	
20200423_223627.890045	1.29903810568	1.2642	0.25	0.2353	0.523598775598	0.4965	0	
20200423_223627.897895	1.29903810568	1.2642	0.25	0.2353	0.523598775598	0.4967	0	
20200423_223627.907000	1.29903810568	1.2643	0.25	0.2353	0.523598775598	0.4968	0	
20200423_223627.917208	1.29903810568	1.2642	0.25	0.2353	0.523598775598	0.4968	0	
20200423_223627.923305	1.29903810568	1.2642	0.25	0.2353	0.523598775598	0.4967	0	
20200423_223627.931840	1.29903810568	1.2642	0.25	0.2353	0.523598775598	0.4963	0	
20200423_223627.940924	1.29903810568	1.2642	0.25	0.2353	0.523598775598	0.496	0	
20200423_223627.948671	1.29903810568	1.2642	0.25	0.2353	0.523598775598	0.4961	0	
20200423_223627.956902	1.29903810568	1.2642	0.25	0.2353	0.523598775598	0.4963	0	
20200423_223627.965322	1.29903810568	1.2642	0.25	0.2354	0.523598775598	0.4768	0	
20200423_223627.973952	1.29903810568	1.2643	0.25	0.2353	0.523598775598	0.4967	0	
20200423_223627.985730	1.29903810568	1.2643	0.25	0.2353	0.523598775598	0.497	0	
20200423_223627.990282	1.29903810568	1.2642	0.25	0.2354	0.523598775598	0.4769	0	
20200423_223627.998314	1.29903810568	1.2642	0.25	0.2353	0.523598775598	0.4967	0	
20200423_223628.006904	1.29903810568	1.2641	0.25	0.2354	0.523598775598	0.4768	0	
20200423_223628.015652	1.29903810568	1.2641	0.25	0.2354	0.523598775598	0.4767	0	
20200423_223628.024119	1.29903810568	1.2642	0.25	0.2353	0.523598775598	0.4963	0	
20200423_223628.033354	1.29903810568	1.2642	0.25	0.2353	0.523598775598	0.4964	0	
20200423_223628.040688	1.29903810568	1.2642	0.25	0.2354	0.523598775598	0.4769	0	
20200423_223628.048486	1.29903810568	1.2642	0.25	0.2353	0.523598775598	0.4964	0	
20200423_223628.056610	1.29903810568	1.2642	0.25	0.2353	0.523598775598	0.4967	0	
20200423_223628.065239	1.29903810568	1.2643	0.25	0.2354	0.523598775598	0.4968	0	
20200423_223628.073429	1.29903810568	1.2643	0.25	0.2353	0.523598775598	0.4968	0	
20200423_223628.082144	1.29903810568	1.2642	0.25	0.2354	0.523598775598	0.477	0	
20200423_223628.090677	1.29903810568	1.2642	0.25	0.2354	0.523598775598	0.4966	0	
20200423_223628.098290	1.29903810568	1.2641	0.25	0.2355	0.523598775598	0.4769	0	
20200423_223628.107313	1.29903810568	1.2642	0.25	0.2353	0.523598775598	0.4964	0	
20200423_223628.115623	1.29903810568	1.2642	0.25	0.2353	0.523598775598	0.4967	0	
20200423_223628.123564	1.29903810568	1.2642	0.25	0.2353	0.523598775598	0.4966	0	
20200423_223628.132602	1.29903810568	1.2642	0.25	0.2353	0.523598775598	0.497	0	
20200423_223628.140152	1.29903810568	1.2642	0.25	0.2353	0.523598775598	0.4968	0	
20200423_223628.148314	1.29903810568	1.2642	0.25	0.2353	0.523598775598	0.497	0	
20200423_223628.157003	1.29903810568	1.2642	0.25	0.2353	0.523598775598	0.4966	0	
20200423_223628.165292	1.29903810568	1.2643	0.25	0.2353	0.523598775598	0.4963	0	
20200423_223628.174268	1.29903810568	1.2642	0.25	0.2354	0.523598775598	0.4964	0	
20200423_223628.183426	1.29903810568	1.2642	0.25	0.2354	0.523598775598	0.4965	0	
20200423_223628.189805	1.29903810568	1.2643	0.25	0.2354	0.523598775598	0.4963	0	
20200423_223628.198661	1.29903810568	1.2643	0.25	0.2354	0.523598775598	0.4963	0	
20200423_223628.207770	1.29903810568	1.2643	0.25	0.2354	0.523598775598	0.4963	0	
20200423_223628.215577	1.29903810568	1.2643	0.25	0.2354	0.523598775598	0.4965	0	
20200423_223628.223920	1.29903810568	1.2643	0.25	0.2353	0.523598775598	0.4963	0	
20200423_223628.232302	1.29903810568	1.2643	0.25	0.2353	0.523598775598	0.4965	0	
20200423_223628.239931	1.29903810568	1.2642	0.25	0.2353	0.523598775598	0.4966	0	
20200423_223628.248495	1.29903810568	1.2642	0.25	0.2353	0.523598775598	0.4966	0	
20200423_223628.256818	1.29903810568	1.2642	0.25	0.2353	0.523598775598	0.4964	0	
20200423_223628.264814	1.29903810568	1.2642	0.25	0.2353	0.523598775598	0.4964	0	
20200423_223628.274124	1.29903810568	1.2642	0.25	0.2354	0.523598775598	0.4965	0	
20200423_223628.281996	1.29903810568	1.2642	0.25	0.2353	0.523598775598	0.4965	0	
20200423_223628.290419	1.29903810568	1.2642	0.25	0.2353	0.523598775598	0.4966	0	
20200423_223628.298043	1.29903810568	1.2643	0.25	0.2353	0.523598775598	0.4964	0	
20200423_223628.306117	1.29903810568	1.2643	0.25	0.2353	0.523598775598	0.4968	0	
20200423_223628.315133	1.29903810568	1.2643	0.25	0.2354	0.523598775598	0.4966	0	
20200423_223628.324718	1.29903810568	1.2642	0.25	0.2354	0.523598775598	0.4963	0	
20200423_223628.332021	1.29903810568	1.2642	0.25	0.2353	0.523598775598	0.4964	0	
20200423_223628.339722	1.29903810568	1.2642	0.25	0.2354	0.523598775598	0.4965	0	
20200423_223628.348565	1.29903810568	1.2642	0.25	0.2354	0.523598775598	0.4965	0	
20200423_223628.356635	1.29903810568	1.2642	0.25	0.2354	0.523598775598	0.4963	0	
20200423_223628.364940	1.29903810568	1.2642	0.25	0.2354	0.523598775598	0.4962	0	
20200423_223628.373494	1.29903810568	1.2642	0.25	0.2354	0.523598775598	0.4965	0	
20200423_223628.382016	1.29903810568	1.2642	0.25	0.2354	0.523598775598	0.4965	0	
20200423_223628.390000	1.29903810568	1.2642	0.25	0.2354	0.523598775598	0.4966	0	
20200423_223628.398354	1.29903810568	1.2642	0.25	0.2354	0.523598775598	0.4969	0	
20200423_223628.406669	1.29903810568	1.2642	0.25	0.2354	0.523598775598	0.4968	0	
20200423_223628.414990	1.29903810568	1.2642	0.25	0.2354	0.523598775598	0.4966	0	
20200423_223628.423277	1.29903810568	1.2642	0.25	0.2354	0.523598775598	0.4967	0	
20200423_223628.431838	1.29903810568	1.2642	0.25	0.2354	0.523598775598	0.4967	0	
20200423_223628.439712	1.29903810568	1.2642	0.25	0.2354	0.523598775598	0.4969	0	
20200423_223628.448673	1.29903810568	1.2642	0.25	0.2354	0.523598775598	0.4966	0	
20200423_223628.456754	1.29903810568	1.2642	0.25	0.2354	0.523598775598	0.4966	0	
20200423_223628.465185	1.29903810568	1.2642	0.25	0.2353	0.523598775598	0.4968	0	
20200423_223628.473472	1.29903810568	1.2642	0.25	0.2354	0.523598775598	0.4772	0	
20200423_223628.483178	1.29903810568	1.2642	0.25	0.2353	0.523598775598	0.4968	0	
20200423_223628.490043	1.29903810568	1.2642	0.25	0.2353	0.523598775598	0.4966	0	
20200423_223628.498606	1.29903810568	1.2642	0.25	0.2354	0.523598775598	0.4966	0	
20200423_223628.506586	1.29903810568	1.2642	0.25	0.2354	0.523598775598	0.4962	0	
20200423_223628.517514	1.29903810568	1.2643	0.25	0.2354	0.523598775598	0.4966	0	
20200423_223628.523572	1.29903810568	1.2643	0.25	0.2354	0.523598775598	0.4962	0	
20200423_223628.531904	1.29903810568	1.2643	0.25	0.2354	0.523598775598	0.4961	0	
20200423_223628.539811	1.29903810568	1.2642	0.25	0.2353	0.523598775598	0.4966	0	
20200423_223628.551531	1.29903810568	1.2641	0.25	0.2354	0.523598775598	0.4768	0	
20200423_223628.558051	1.29903810568	1.2642	0.25	0.2353	0.523598775598	0.4966	0	
20200423_223628.564807	1.29903810568	1.2642	0.25	0.2353	0.523598775598	0.4963	0	
20200423_223628.573120	1.29903810568	1.2642	0.25	0.2353	0.523598775598	0.4961	0	
20200423_223628.581292	1.29903810568	1.2642	0.25	0.2353	0.523598775598	0.496	0	
20200423_223628.589410	1.29903810568	1.2642	0.25	0.2353	0.523598775598	0.496	0	
20200423_223628.597493	1.29903810568	1.2641	0.25	0.2353	0.523598775598	0.4956	0	
20200423_223628.605896	1.29903810568	1.2641	0.25	0.2353	0.523598775598	0.4957	0	
20200423_223628.614376	1.29903810568	1.2641	0.25	0.2353	0.523598775598	0.4954	0	
20200423_223628.622824	1.29903810568	1.2641	0.25	0.2353	0.523598775598	0.4957	0	
20200423_223628.630782	1.29903810568	1.2642	0.25	0.2353	0.523598775598	0.4959	0	
20200423_223628.639478	1.29903810568	1.2642	0.25	0.2353	0.523598775598	0.496	0	
20200423_223628.648536	1.29903810568	1.2642	0.25	0.2353	0.523598775598	0.4958	0	
20200423_223628.656523	1.29903810568	1.2642	0.25	0.2353	0.523598775598	0.4958	0	
20200423_223628.664771	1.29903810568	1.2641	0.25	0.2353	0.523598775598	0.4955	0	
20200423_223628.673132	1.29903810568	1.2641	0.25	0.2353	0.523598775598	0.4954	0	
20200423_223628.683047	1.29903810568	1.2641	0.25	0.2354	0.523598775598	0.4955	0	
20200423_223628.690375	1.29903810568	1.2641	0.25	0.2354	0.523598775598	0.4955	0	
20200423_223628.698466	1.29903810568	1.2642	0.25	0.2353	0.523598775598	0.4957	0	
20200423_223628.706832	1.29903810568	1.2642	0.25	0.2353	0.523598775598	0.4957	0	
20200423_223628.715488	1.29903810568	1.2642	0.25	0.2354	0.523598775598	0.4959	0	
20200423_223628.723243	1.29903810568	1.2642	0.25	0.2353	0.523598775598	0.4959	0	
20200423_223628.731749	1.29903810568	1.2641	0.25	0.2354	0.523598775598	0.4957	0	
20200423_223628.739540	1.29903810568	1.2641	0.25	0.2354	0.523598775598	0.4957	0	
20200423_223628.749096	1.29903810568	1.2641	0.25	0.2354	0.523598775598	0.4954	0	
20200423_223628.756501	1.29903810568	1.2641	0.25	0.2354	0.523598775598	0.4956	0	
20200423_223628.765066	1.29903810568	1.2641	0.25	0.2354	0.523598775598	0.4956	0	
20200423_223628.773316	1.29903810568	1.2641	0.25	0.2354	0.523598775598	0.4957	0	
20200423_223628.781557	1.29903810568	1.2641	0.25	0.2353	0.523598775598	0.496	0	
20200423_223628.789814	1.29903810568	1.2642	0.25	0.2353	0.523598775598	0.496	0	
20200423_223628.798070	1.29903810568	1.2642	0.25	0.2353	0.523598775598	0.496	0	
20200423_223628.806440	1.29903810568	1.2642	0.25	0.2353	0.523598775598	0.4959	0	
20200423_223628.814824	1.29903810568	1.2641	0.25	0.2354	0.523598775598	0.4959	0	
20200423_223628.823454	1.29903810568	1.2641	0.25	0.2354	0.523598775598	0.4955	0	
20200423_223628.831625	1.29903810568	1.2641	0.25	0.2354	0.523598775598	0.4954	0	
20200423_223628.839721	1.29903810568	1.2641	0.25	0.2354	0.523598775598	0.4952	0	
20200423_223628.848093	1.29903810568	1.2641	0.25	0.2354	0.523598775598	0.4955	0	
20200423_223628.856845	1.29903810568	1.2642	0.25	0.2354	0.523598775598	0.4956	0	
20200423_223628.865032	1.29903810568	1.2642	0.25	0.2353	0.523598775598	0.4957	0	
20200423_223628.873294	1.29903810568	1.2642	0.25	0.2353	0.523598775598	0.4958	0	
20200423_223628.881724	1.29903810568	1.2642	0.25	0.2353	0.523598775598	0.4956	0	
20200423_223628.890203	1.29903810568	1.2642	0.25	0.2353	0.523598775598	0.4955	0	
20200423_223628.898097	1.29903810568	1.2641	0.25	0.2354	0.523598775598	0.4954	0	
20200423_223628.906401	1.29903810568	1.2641	0.25	0.2353	0.523598775598	0.4952	0	
20200423_223628.915984	1.29903810568	1.2641	0.25	0.2353	0.523598775598	0.4953	0	
20200423_223628.923629	1.29903810568	1.2641	0.25	0.2353	0.523598775598	0.4954	0	
20200423_223628.931509	1.29903810568	1.2641	0.25	0.2353	0.523598775598	0.4955	0	
20200423_223628.940308	1.29903810568	1.2641	0.25	0.2354	0.523598775598	0.4758	0	
20200423_223628.948861	1.29903810568	1.2641	0.25	0.2354	0.523598775598	0.4761	0	
20200423_223628.956818	1.29903810568	1.2641	0.25	0.2354	0.523598775598	0.476	0	
20200423_223628.965083	1.29903810568	1.2642	0.25	0.2353	0.523598775598	0.4956	0	
20200423_223628.973019	1.29903810568	1.2641	0.25	0.2355	0.523598775598	0.476	0	
20200423_223628.981595	1.29903810568	1.264	0.25	0.2355	0.523598775598	0.4758	0	
20200423_223628.990062	1.29903810568	1.2641	0.25	0.2354	0.523598775598	0.4955	0	
20200423_223628.998579	1.29903810568	1.2641	0.25	0.2353	0.523598775598	0.4956	0	
20200423_223629.007245	1.29903810568	1.2641	0.25	0.2354	0.523598775598	0.476	0	
20200423_223629.015243	1.29903810568	1.2641	0.25	0.2354	0.523598775598	0.4757	0	
20200423_223629.023471	1.29903810568	1.2641	0.25	0.2354	0.523598775598	0.4761	0	
20200423_223629.032651	1.29903810568	1.2642	0.25	0.2353	0.523598775598	0.4956	0	
20200423_223629.040820	1.29903810568	1.2642	0.25	0.2353	0.523598775598	0.4956	0	
20200423_223629.048646	1.29903810568	1.2642	0.25	0.2353	0.523598775598	0.4956	0	
20200423_223629.057156	1.29903810568	1.2642	0.25	0.2353	0.523598775598	0.4954	0	
20200423_223629.064728	1.29903810568	1.2641	0.25	0.2353	0.523598775598	0.4953	0	
20200423_223629.073378	1.29903810568	1.2641	0.25	0.2353	0.523598775598	0.4951	0	
20200423_223629.081727	1.29903810568	1.2641	0.25	0.2353	0.523598775598	0.4953	0	
20200423_223629.089932	1.29903810568	1.2641	0.25	0.2353	0.523598775598	0.4951	0	
20200423_223629.098170	1.29903810568	1.2642	0.25	0.2353	0.523598775598	0.4955	0	
20200423_223629.106210	1.29903810568	1.2642	0.25	0.2353	0.523598775598	0.4955	0	
20200423_223629.114844	1.29903810568	1.2641	0.25	0.2353	0.523598775598	0.4955	0	
20200423_223629.123475	1.29903810568	1.2641	0.25	0.2354	0.523598775598	0.4757	0	
20200423_223629.131696	1.29903810568	1.2642	0.25	0.2353	0.523598775598	0.4956	0	
20200423_223629.139919	1.29903810568	1.2641	0.25	0.2353	0.523598775598	0.4955	0	
20200423_223629.151198	1.29903810568	1.2641	0.25	0.2353	0.523598775598	0.4955	0	
20200423_223629.156610	1.29903810568	1.2641	0.25	0.2354	0.523598775598	0.4955	0	
20200423_223629.164901	1.29903810568	1.2642	0.25	0.2354	0.523598775598	0.4953	0	
20200423_223629.173646	1.29903810568	1.2642	0.25	0.2354	0.523598775598	0.4954	0	
20200423_223629.181828	1.29903810568	1.2642	0.25	0.2353	0.523598775598	0.4955	0	
20200423_223629.189652	1.29903810568	1.2642	0.25	0.2353	0.523598775598	0.4955	0	
20200423_223629.198305	1.29903810568	1.2641	0.25	0.2354	0.523598775598	0.476	0	
20200423_223629.206645	1.29903810568	1.2642	0.25	0.2353	0.523598775598	0.4954	0	
20200423_223629.215755	1.29903810568	1.2641	0.25	0.2353	0.523598775598	0.4956	0	
20200423_223629.223423	1.29903810568	1.2641	0.25	0.2353	0.523598775598	0.4957	0	
20200423_223629.231754	1.29903810568	1.2641	0.25	0.2353	0.523598775598	0.4955	0	
20200423_223629.239598	1.29903810568	1.2641	0.25	0.2353	0.523598775598	0.4956	0	
20200423_223629.249486	1.29903810568	1.264	0.25	0.2354	0.523598775598	0.4759	0	
20200423_223629.256676	1.29903810568	1.264	0.25	0.2354	0.523598775598	0.476	0	
20200423_223629.265043	1.29903810568	1.2642	0.25	0.2353	0.523598775598	0.4957	0	
20200423_223629.273512	1.29903810568	1.2641	0.25	0.2354	0.523598775598	0.4759	0	
20200423_223629.282825	1.29903810568	1.2641	0.25	0.2354	0.523598775598	0.4762	0	
20200423_223629.290013	1.29903810568	1.2642	0.25	0.2353	0.523598775598	0.4954	0	
20200423_223629.298464	1.29903810568	1.2641	0.25	0.2354	0.523598775598	0.4952	0	
20200423_223629.306433	1.29903810568	1.264	0.25	0.2354	0.523598775598	0.4758	0	
20200423_223629.315568	1.29903810568	1.2641	0.25	0.2353	0.523598775598	0.4954	0	
20200423_223629.323467	1.29903810568	1.264	0.25	0.2354	0.523598775598	0.4758	0	
20200423_223629.331494	1.29903810568	1.2641	0.25	0.2353	0.523598775598	0.4956	0	
20200423_223629.340202	1.29903810568	1.2641	0.25	0.2353	0.523598775598	0.4954	0	
20200423_223629.348520	1.29903810568	1.2641	0.25	0.2354	0.523598775598	0.4758	0	
20200423_223629.357147	1.29903810568	1.2641	0.25	0.2354	0.523598775598	0.4758	0	
20200423_223629.365061	1.29903810568	1.2641	0.25	0.2353	0.523598775598	0.4957	0	
20200423_223629.373624	1.29903810568	1.2641	0.25	0.2353	0.523598775598	0.4954	0	
20200423_223629.381577	1.29903810568	1.2641	0.25	0.2354	0.523598775598	0.4952	0	
20200423_223629.389825	1.29903810568	1.2641	0.25	0.2353	0.523598775598	0.4955	0	
20200423_223629.398400	1.29903810568	1.2641	0.25	0.2354	0.523598775598	0.4956	0	
20200423_223629.406667	1.29903810568	1.2641	0.25	0.2354	0.523598775598	0.4957	0	
20200423_223629.415791	1.29903810568	1.2641	0.25	0.2354	0.523598775598	0.4953	0	
20200423_223629.423735	1.29903810568	1.2641	0.25	0.2353	0.523598775598	0.4958	0	
20200423_223629.431589	1.29903810568	1.2642	0.25	0.2353	0.523598775598	0.4957	0	
20200423_223629.439979	1.29903810568	1.2641	0.25	0.2354	0.523598775598	0.476	0	
20200423_223629.448587	1.29903810568	1.2641	0.25	0.2353	0.523598775598	0.4957	0	
20200423_223629.456717	1.29903810568	1.2642	0.25	0.2353	0.523598775598	0.4956	0	
20200423_223629.465523	1.29903810568	1.2641	0.25	0.2353	0.523598775598	0.4954	0	
20200423_223629.473333	1.29903810568	1.2641	0.25	0.2353	0.523598775598	0.4955	0	
20200423_223629.482762	1.29903810568	1.2641	0.25	0.2353	0.523598775598	0.4954	0	
20200423_223629.490418	1.29903810568	1.2641	0.25	0.2353	0.523598775598	0.4956	0	
20200423_223629.498404	1.29903810568	1.2641	0.25	0.2353	0.523598775598	0.4958	0	
20200423_223629.506746	1.29903810568	1.2641	0.25	0.2353	0.523598775598	0.4956	0	
20200423_223629.515522	1.29903810568	1.2641	0.25	0.2353	0.523598775598	0.4958	0	
20200423_223629.523372	1.29903810568	1.2641	0.25	0.2353	0.523598775598	0.4957	0	
20200423_223629.532234	1.29903810568	1.2641	0.25	0.2353	0.523598775598	0.4954	0	
20200423_223629.539903	1.29903810568	1.2641	0.25	0.2353	0.523598775598	0.4956	0	
20200423_223629.548445	1.29903810568	1.2641	0.25	0.2353	0.523598775598	0.4952	0	
20200423_223629.557422	1.29903810568	1.2641	0.25	0.2354	0.523598775598	0.4952	0	
20200423_223629.565176	1.29903810568	1.2641	0.25	0.2353	0.523598775598	0.4952	0	
20200423_223629.572675	1.29903810568	1.2641	0.25	0.2353	0.523598775598	0.4958	0	
20200423_223629.581195	1.29903810568	1.2641	0.25	0.2353	0.523598775598	0.4959	0	
20200423_223629.589407	1.29903810568	1.2642	0.25	0.2353	0.523598775598	0.4961	0	
20200423_223629.597650	1.29903810568	1.2641	0.25	0.2354	0.523598775598	0.4761	0	
20200423_223629.605986	1.29903810568	1.2641	0.25	0.2353	0.523598775598	0.4961	0	
20200423_223629.615106	1.29903810568	1.2641	0.25	0.2353	0.523598775598	0.4955	0	
20200423_223629.622706	1.29903810568	1.2641	0.25	0.2354	0.523598775598	0.4956	0	
20200423_223629.631048	1.29903810568	1.2641	0.25	0.2354	0.523598775598	0.4955	0	
20200423_223629.639375	1.29903810568	1.2641	0.25	0.2353	0.523598775598	0.4953	0	
20200423_223629.648396	1.29903810568	1.2641	0.25	0.2353	0.523598775598	0.4955	0	
20200423_223629.656142	1.29903810568	1.2641	0.25	0.2353	0.523598775598	0.4955	0	
20200423_223629.664905	1.29903810568	1.2641	0.25	0.2353	0.523598775598	0.4956	0	
20200423_223629.673451	1.29903810568	1.2641	0.25	0.2353	0.523598775598	0.4956	0	
20200423_223629.681991	1.29903810568	1.2641	0.25	0.2353	0.523598775598	0.4956	0	
20200423_223629.690026	1.29903810568	1.2641	0.25	0.2353	0.523598775598	0.4955	0	
20200423_223629.698780	1.29903810568	1.2641	0.25	0.2353	0.523598775598	0.4953	0	
20200423_223629.706653	1.29903810568	1.2641	0.25	0.2353	0.523598775598	0.4952	0	
20200423_223629.715439	1.29903810568	1.2641	0.25	0.2353	0.523598775598	0.4953	0	
20200423_223629.722971	1.29903810568	1.2641	0.25	0.2353	0.523598775598	0.4955	0	
20200423_223629.731949	1.29903810568	1.2642	0.25	0.2353	0.523598775598	0.4955	0	
20200423_223629.740259	1.29903810568	1.2642	0.25	0.2353	0.523598775598	0.4957	0	
20200423_223629.748845	1.29903810568	1.2642	0.25	0.2353	0.523598775598	0.4959	0	
20200423_223629.757111	1.29903810568	1.2641	0.25	0.2353	0.523598775598	0.4959	0	
20200423_223629.765075	1.29903810568	1.2641	0.25	0.2353	0.523598775598	0.4958	0	
20200423_223629.773338	1.29903810568	1.2641	0.25	0.2353	0.523598775598	0.4959	0	
20200423_223629.782080	1.29903810568	1.2641	0.25	0.2353	0.523598775598	0.4953	0	
20200423_223629.789950	1.29903810568	1.2641	0.25	0.2353	0.523598775598	0.4955	0	
20200423_223629.797978	1.29903810568	1.2641	0.25	0.2353	0.523598775598	0.4955	0	
20200423_223629.806358	1.29903810568	1.2641	0.25	0.2353	0.523598775598	0.4957	0	
20200423_223629.817901	1.29903810568	1.2641	0.25	0.2353	0.523598775598	0.4958	0	
20200423_223629.824016	1.29903810568	1.2641	0.25	0.2353	0.523598775598	0.4958	0	
20200423_223629.831847	1.29903810568	1.2641	0.25	0.2353	0.523598775598	0.4959	0	
20200423_223629.839718	1.29903810568	1.2641	0.25	0.2353	0.523598775598	0.4958	0	
20200423_223629.849095	1.29903810568	1.2641	0.25	0.2353	0.523598775598	0.4958	0	
20200423_223629.856929	1.29903810568	1.2641	0.25	0.2353	0.523598775598	0.4956	0	
20200423_223629.865073	1.29903810568	1.2641	0.25	0.2354	0.523598775598	0.4748	0	
20200423_223629.873358	1.29903810568	1.2641	0.25	0.2353	0.523598775598	0.4747	0	
20200423_223629.881780	1.29903810568	1.2641	0.25	0.2353	0.523598775598	0.4958	0	
20200423_223629.889935	1.29903810568	1.2641	0.25	0.2353	0.523598775598	0.4958	0	
20200423_223629.898092	1.29903810568	1.2641	0.25	0.2352	0.523598775598	0.496	0	
20200423_223629.907000	1.29903810568	1.2641	0.25	0.2352	0.523598775598	0.4961	0	
20200423_223629.915585	1.29903810568	1.2641	0.25	0.2352	0.523598775598	0.4957	0	
20200423_223629.923645	1.29903810568	1.2641	0.25	0.2353	0.523598775598	0.4959	0	
20200423_223629.931436	1.29903810568	1.264	0.25	0.2354	0.523598775598	0.4758	0	
20200423_223629.939817	1.29903810568	1.2641	0.25	0.2353	0.523598775598	0.4744	0	
20200423_223629.949080	1.29903810568	1.264	0.25	0.2354	0.523598775598	0.4754	0	
20200423_223629.956716	1.29903810568	1.2641	0.25	0.2354	0.523598775598	0.4749	0	
20200423_223629.964760	1.29903810568	1.2641	0.25	0.2353	0.523598775598	0.4958	0	
20200423_223629.973604	1.29903810568	1.2641	0.25	0.2353	0.523598775598	0.4959	0	
20200423_223629.981491	1.29903810568	1.2642	0.25	0.2353	0.523598775598	0.4958	0	
20200423_223629.989805	1.29903810568	1.2641	0.25	0.2353	0.523598775598	0.4957	0	
20200423_223629.998847	1.29903810568	1.2641	0.25	0.2353	0.523598775598	0.4959	0	
20200423_223630.006757	1.29903810568	1.2641	0.25	0.2353	0.523598775598	0.4955	0	
20200423_223630.014964	1.29903810568	1.2641	0.25	0.2353	0.523598775598	0.4953	0	
20200423_223630.023135	1.29903810568	1.2641	0.25	0.2353	0.523598775598	0.4955	0	
20200423_223630.031589	1.29903810568	1.2641	0.25	0.2353	0.523598775598	0.4953	0	
20200423_223630.040330	1.29903810568	1.2641	0.25	0.2353	0.523598775598	0.4955	0	
20200423_223630.048376	1.29903810568	1.2641	0.25	0.2354	0.523598775598	0.4761	0	
20200423_223630.057477	1.29903810568	1.2641	0.25	0.2353	0.523598775598	0.4958	0	
20200423_223630.064916	1.29903810568	1.2641	0.25	0.2353	0.523598775598	0.4955	0	
20200423_223630.073453	1.29903810568	1.2641	0.25	0.2353	0.523598775598	0.4956	0	
20200423_223630.081926	1.29903810568	1.2641	0.25	0.2353	0.523598775598	0.4954	0	
20200423_223630.090210	1.29903810568	1.264	0.25	0.2354	0.523598775598	0.4754	0	
20200423_223630.098438	1.29903810568	1.264	0.25	0.2354	0.523598775598	0.4755	0	
20200423_223630.106340	1.29903810568	1.264	0.25	0.2354	0.523598775598	0.4756	0	
20200423_223630.115188	1.29903810568	1.264	0.25	0.2354	0.523598775598	0.4755	0	
20200423_223630.123736	1.29903810568	1.2641	0.25	0.2353	0.523598775598	0.4955	0	
20200423_223630.131781	1.29903810568	1.264	0.25	0.2353	0.523598775598	0.4758	0	
20200423_223630.139645	1.29903810568	1.264	0.25	0.2353	0.523598775598	0.4756	0	
20200423_223630.151994	1.29903810568	1.264	0.25	0.2353	0.523598775598	0.4755	0	
20200423_223630.156802	1.29903810568	1.2641	0.25	0.2353	0.523598775598	0.4952	0	
20200423_223630.164584	1.29903810568	1.264	0.25	0.2354	0.523598775598	0.4754	0	
20200423_223630.173224	1.29903810568	1.264	0.25	0.2354	0.523598775598	0.4752	0	
20200423_223630.182123	1.29903810568	1.264	0.25	0.2354	0.523598775598	0.4755	0	
20200423_223630.190084	1.29903810568	1.264	0.25	0.2353	0.523598775598	0.4757	0	
20200423_223630.199017	1.29903810568	1.264	0.25	0.2353	0.523598775598	0.476	0	
20200423_223630.206100	1.29903810568	1.2641	0.25	0.2353	0.523598775598	0.4956	0	
20200423_223630.215738	1.29903810568	1.2641	0.25	0.2353	0.523598775598	0.4958	0	
20200423_223630.223137	1.29903810568	1.2641	0.25	0.2353	0.523598775598	0.4958	0	
20200423_223630.231358	1.29903810568	1.2641	0.25	0.2353	0.523598775598	0.4954	0	
20200423_223630.240026	1.29903810568	1.264	0.25	0.2354	0.523598775598	0.4756	0	
20200423_223630.248661	1.29903810568	1.264	0.25	0.2354	0.523598775598	0.4753	0	
20200423_223630.257043	1.29903810568	1.2641	0.25	0.2353	0.523598775598	0.4745	0	
20200423_223630.265258	1.29903810568	1.2641	0.25	0.2354	0.523598775598	0.4756	0	
20200423_223630.273000	1.29903810568	1.2641	0.25	0.2353	0.523598775598	0.4751	0	
20200423_223630.281841	1.29903810568	1.264	0.25	0.2354	0.523598775598	0.476	0	
20200423_223630.290260	1.29903810568	1.2641	0.25	0.2353	0.523598775598	0.4959	0	
20200423_223630.298323	1.29903810568	1.2641	0.25	0.2353	0.523598775598	0.4958	0	
20200423_223630.306222	1.29903810568	1.2641	0.25	0.2353	0.523598775598	0.4959	0	
20200423_223630.315319	1.29903810568	1.264	0.25	0.2353	0.523598775598	0.4958	0	
20200423_223630.323606	1.29903810568	1.264	0.25	0.2353	0.523598775598	0.4954	0	
20200423_223630.331876	1.29903810568	1.264	0.25	0.2353	0.523598775598	0.4953	0	
20200423_223630.340529	1.29903810568	1.2641	0.25	0.2353	0.523598775598	0.4953	0	
20200423_223630.348115	1.29903810568	1.2641	0.25	0.2353	0.523598775598	0.475	0	
20200423_223630.357844	1.29903810568	1.2641	0.25	0.2353	0.523598775598	0.4957	0	
20200423_223630.364736	1.29903810568	1.2641	0.25	0.2353	0.523598775598	0.4956	0	
20200423_223630.373642	1.29903810568	1.2641	0.25	0.2353	0.523598775598	0.4956	0	
20200423_223630.381906	1.29903810568	1.2641	0.25	0.2354	0.523598775598	0.4956	0	
20200423_223630.390153	1.29903810568	1.2641	0.25	0.2354	0.523598775598	0.4955	0	
20200423_223630.398267	1.29903810568	1.2641	0.25	0.2354	0.523598775598	0.4953	0	
20200423_223630.406654	1.29903810568	1.2641	0.25	0.2354	0.523598775598	0.4953	0	
20200423_223630.415439	1.29903810568	1.2641	0.25	0.2353	0.523598775598	0.4953	0	
20200423_223630.423634	1.29903810568	1.2641	0.25	0.2353	0.523598775598	0.4956	0	
20200423_223630.431917	1.29903810568	1.2641	0.25	0.2353	0.523598775598	0.4956	0	
20200423_223630.440218	1.29903810568	1.2641	0.25	0.2353	0.523598775598	0.4957	0	
20200423_223630.448520	1.29903810568	1.2641	0.25	0.2353	0.523598775598	0.4955	0	
20200423_223630.456833	1.29903810568	1.2641	0.25	0.2353	0.523598775598	0.4954	0	
20200423_223630.464595	1.29903810568	1.2641	0.25	0.2353	0.523598775598	0.4956	0	
20200423_223630.473109	1.29903810568	1.2641	0.25	0.2354	0.523598775598	0.4954	0	
20200423_223630.481925	1.29903810568	1.2641	0.25	0.2354	0.523598775598	0.4951	0	
20200423_223630.489781	1.29903810568	1.2641	0.25	0.2353	0.523598775598	0.4953	0	
20200423_223630.498527	1.29903810568	1.2641	0.25	0.2353	0.523598775598	0.4953	0	
20200423_223630.506349	1.29903810568	1.2641	0.25	0.2353	0.523598775598	0.4956	0	
20200423_223630.516091	1.29903810568	1.2641	0.25	0.2353	0.523598775598	0.4955	0	
20200423_223630.523627	1.29903810568	1.2641	0.25	0.2353	0.523598775598	0.4954	0	
20200423_223630.531950	1.29903810568	1.2641	0.25	0.2353	0.523598775598	0.4952	0	
20200423_223630.539474	1.29903810568	1.2641	0.25	0.2353	0.523598775598	0.4953	0	
20200423_223630.548448	1.29903810568	1.2641	0.25	0.2353	0.523598775598	0.4954	0	
20200423_223630.558104	1.29903810568	1.264	0.25	0.2353	0.523598775598	0.4954	0	
20200423_223630.565236	1.29903810568	1.264	0.25	0.2354	0.523598775598	0.4757	0	
20200423_223630.572615	1.29903810568	1.2641	0.25	0.2353	0.523598775598	0.4953	0	
20200423_223630.581796	1.29903810568	1.2641	0.25	0.2353	0.523598775598	0.4954	0	
20200423_223630.589551	1.29903810568	1.2641	0.25	0.2353	0.523598775598	0.4956	0	
20200423_223630.597653	1.29903810568	1.2641	0.25	0.2353	0.523598775598	0.4956	0	
20200423_223630.605962	1.29903810568	1.2641	0.25	0.2353	0.523598775598	0.4955	0	
20200423_223630.614380	1.29903810568	1.2641	0.25	0.2353	0.523598775598	0.4953	0	
20200423_223630.623821	1.29903810568	1.2641	0.25	0.2353	0.523598775598	0.4952	0	
20200423_223630.630867	1.29903810568	1.2641	0.25	0.2353	0.523598775598	0.4953	0	
20200423_223630.639989	1.29903810568	1.2641	0.25	0.2353	0.523598775598	0.4953	0	
20200423_223630.648965	1.29903810568	1.2641	0.25	0.2352	0.523598775598	0.4954	0	
20200423_223630.656262	1.29903810568	1.2641	0.25	0.2352	0.523598775598	0.4954	0	
20200423_223630.664863	1.29903810568	1.264	0.25	0.2353	0.523598775598	0.4755	0	
20200423_223630.673141	1.29903810568	1.264	0.25	0.2353	0.523598775598	0.4756	0	
20200423_223630.682097	1.29903810568	1.264	0.25	0.2353	0.523598775598	0.4757	0	
20200423_223630.690012	1.29903810568	1.2641	0.25	0.2352	0.523598775598	0.4956	0	
20200423_223630.698343	1.29903810568	1.264	0.25	0.2352	0.523598775598	0.4951	0	
20200423_223630.706742	1.29903810568	1.2641	0.25	0.2353	0.523598775598	0.4951	0	
20200423_223630.715266	1.29903810568	1.2641	0.25	0.2353	0.523598775598	0.4948	0	
20200423_223630.722776	1.29903810568	1.2641	0.25	0.2353	0.523598775598	0.4952	0	
20200423_223630.731514	1.29903810568	1.2641	0.25	0.2353	0.523598775598	0.4954	0	
20200423_223630.739699	1.29903810568	1.264	0.25	0.2353	0.523598775598	0.476	0	
20200423_223630.748664	1.29903810568	1.264	0.25	0.2353	0.523598775598	0.4953	0	
20200423_223630.756580	1.29903810568	1.264	0.25	0.2353	0.523598775598	0.4956	0	
20200423_223630.765104	1.29903810568	1.264	0.25	0.2353	0.523598775598	0.4958	0	
20200423_223630.773329	1.29903810568	1.264	0.25	0.2353	0.523598775598	0.4953	0	
20200423_223630.782125	1.29903810568	1.264	0.25	0.2353	0.523598775598	0.4952	0	
20200423_223630.790335	1.29903810568	1.264	0.25	0.2353	0.523598775598	0.4953	0	
20200423_223630.799026	1.29903810568	1.264	0.25	0.2353	0.523598775598	0.4953	0	
20200423_223630.806145	1.29903810568	1.264	0.25	0.2353	0.523598775598	0.4954	0	
20200423_223630.815431	1.29903810568	1.264	0.25	0.2353	0.523598775598	0.4955	0	
20200423_223630.823759	1.29903810568	1.2641	0.25	0.2353	0.523598775598	0.4955	0	
20200423_223630.831905	1.29903810568	1.2641	0.25	0.2353	0.523598775598	0.4952	0	
20200423_223630.840619	1.29903810568	1.264	0.25	0.2353	0.523598775598	0.4951	0	
20200423_223630.849708	1.29903810568	1.264	0.25	0.2353	0.523598775598	0.4953	0	
20200423_223630.856937	1.29903810568	1.264	0.25	0.2353	0.523598775598	0.4954	0	
20200423_223630.864916	1.29903810568	1.264	0.25	0.2353	0.523598775598	0.4956	0	
20200423_223630.872784	1.29903810568	1.264	0.25	0.2353	0.523598775598	0.4955	0	
20200423_223630.881439	1.29903810568	1.2641	0.25	0.2353	0.523598775598	0.4954	0	
20200423_223630.890143	1.29903810568	1.2641	0.25	0.2353	0.523598775598	0.4952	0	
20200423_223630.899004	1.29903810568	1.2641	0.25	0.2353	0.523598775598	0.4954	0	
20200423_223630.906634	1.29903810568	1.264	0.25	0.2353	0.523598775598	0.4955	0	
20200423_223630.915681	1.29903810568	1.264	0.25	0.2353	0.523598775598	0.4952	0	
20200423_223630.923298	1.29903810568	1.264	0.25	0.2353	0.523598775598	0.4953	0	
20200423_223630.931893	1.29903810568	1.264	0.25	0.2353	0.523598775598	0.4955	0	
20200423_223630.939814	1.29903810568	1.264	0.25	0.2353	0.523598775598	0.4955	0	
20200423_223630.949095	1.29903810568	1.264	0.25	0.2353	0.523598775598	0.4953	0	
20200423_223630.956861	1.29903810568	1.2641	0.25	0.2353	0.523598775598	0.4952	0	
20200423_223630.965658	1.29903810568	1.264	0.25	0.2354	0.523598775598	0.4755	0	
20200423_223630.973012	1.29903810568	1.264	0.25	0.2354	0.523598775598	0.4757	0	
20200423_223630.983966	1.29903810568	1.264	0.25	0.2354	0.523598775598	0.4758	0	
20200423_223630.990020	1.29903810568	1.264	0.25	0.2354	0.523598775598	0.4758	0	
20200423_223630.998585	1.29903810568	1.264	0.25	0.2354	0.523598775598	0.4758	0	
20200423_223631.006559	1.29903810568	1.264	0.25	0.2354	0.523598775598	0.4755	0	
20200423_223631.015574	1.29903810568	1.2641	0.25	0.2353	0.523598775598	0.4954	0	
20200423_223631.023627	1.29903810568	1.264	0.25	0.2353	0.523598775598	0.4952	0	
20200423_223631.031736	1.29903810568	1.2641	0.25	0.2352	0.523598775598	0.4955	0	
20200423_223631.039949	1.29903810568	1.2641	0.25	0.2353	0.523598775598	0.4954	0	
20200423_223631.048553	1.29903810568	1.2641	0.25	0.2353	0.523598775598	0.4955	0	
20200423_223631.056886	1.29903810568	1.264	0.25	0.2353	0.523598775598	0.4952	0	
20200423_223631.064742	1.29903810568	1.264	0.25	0.2353	0.523598775598	0.4955	0	
20200423_223631.072617	1.29903810568	1.264	0.25	0.2354	0.523598775598	0.4757	0	
20200423_223631.081686	1.29903810568	1.264	0.25	0.2353	0.523598775598	0.4954	0	
20200423_223631.089949	1.29903810568	1.2641	0.25	0.2353	0.523598775598	0.4954	0	
20200423_223631.098383	1.29903810568	1.2641	0.25	0.2353	0.523598775598	0.4952	0	
20200423_223631.106951	1.29903810568	1.2641	0.25	0.2353	0.523598775598	0.4951	0	
20200423_223631.115134	1.29903810568	1.2641	0.25	0.2353	0.523598775598	0.4952	0	
20200423_223631.123485	1.29903810568	1.2641	0.25	0.2353	0.523598775598	0.4951	0	
20200423_223631.132171	1.29903810568	1.2641	0.25	0.2353	0.523598775598	0.4951	0	
20200423_223631.139849	1.29903810568	1.2641	0.25	0.2353	0.523598775598	0.4949	0	
20200423_223631.148558	1.29903810568	1.2641	0.25	0.2353	0.523598775598	0.495	0	
20200423_223631.159797	1.29903810568	1.2641	0.25	0.2353	0.523598775598	0.4954	0	
20200423_223631.164673	1.29903810568	1.264	0.25	0.2354	0.523598775598	0.4755	0	
20200423_223631.173778	1.29903810568	1.2641	0.25	0.2353	0.523598775598	0.4954	0	
20200423_223631.181739	1.29903810568	1.264	0.25	0.2354	0.523598775598	0.4759	0	
20200423_223631.190172	1.29903810568	1.2641	0.25	0.2353	0.523598775598	0.4954	0	
20200423_223631.198313	1.29903810568	1.264	0.25	0.2354	0.523598775598	0.4757	0	
20200423_223631.206570	1.29903810568	1.2641	0.25	0.2353	0.523598775598	0.4746	0	
20200423_223631.221536	1.29903810568	1.264	0.25	0.2354	0.523598775598	0.4756	0	
20200423_223631.223220	1.29903810568	1.2641	0.25	0.2353	0.523598775598	0.4953	0	
20200423_223631.231779	1.29903810568	1.264	0.25	0.2354	0.523598775598	0.4755	0	
20200423_223631.239718	1.29903810568	1.264	0.25	0.2354	0.523598775598	0.4758	0	
20200423_223631.250580	1.29903810568	1.264	0.25	0.2353	0.523598775598	0.4954	0	
20200423_223631.255904	1.29903810568	1.264	0.25	0.2353	0.523598775598	0.4957	0	
20200423_223631.264489	1.29903810568	1.264	0.25	0.2352	0.523598775598	0.4957	0	
20200423_223631.272865	1.29903810568	1.264	0.25	0.2352	0.523598775598	0.4955	0	
20200423_223631.281577	1.29903810568	1.264	0.25	0.2352	0.523598775598	0.4951	0	
20200423_223631.289790	1.29903810568	1.264	0.25	0.2353	0.523598775598	0.4953	0	
20200423_223631.298149	1.29903810568	1.264	0.25	0.2353	0.523598775598	0.4951	0	
20200423_223631.306661	1.29903810568	1.264	0.25	0.2353	0.523598775598	0.495	0	
20200423_223631.315196	1.29903810568	1.264	0.25	0.2353	0.523598775598	0.4951	0	
20200423_223631.323883	1.29903810568	1.264	0.25	0.2352	0.523598775598	0.4953	0	
20200423_223631.332056	1.29903810568	1.264	0.25	0.2353	0.523598775598	0.4951	0	
20200423_223631.339598	1.29903810568	1.264	0.25	0.2353	0.523598775598	0.4953	0	
20200423_223631.348150	1.29903810568	1.264	0.25	0.2353	0.523598775598	0.4953	0	
20200423_223631.356759	1.29903810568	1.264	0.25	0.2353	0.523598775598	0.4954	0	
20200423_223631.364852	1.29903810568	1.264	0.25	0.2353	0.523598775598	0.4951	0	
20200423_223631.373361	1.29903810568	1.2641	0.25	0.2353	0.523598775598	0.4952	0	
20200423_223631.382366	1.29903810568	1.264	0.25	0.2354	0.523598775598	0.495	0	
20200423_223631.389735	1.29903810568	1.2641	0.25	0.2353	0.523598775598	0.4952	0	
20200423_223631.398408	1.29903810568	1.264	0.25	0.2354	0.523598775598	0.4755	0	
20200423_223631.406780	1.29903810568	1.264	0.25	0.2354	0.523598775598	0.4755	0	
20200423_223631.415321	1.29903810568	1.264	0.25	0.2354	0.523598775598	0.4758	0	
20200423_223631.423322	1.29903810568	1.2641	0.25	0.2353	0.523598775598	0.4954	0	
20200423_223631.432587	1.29903810568	1.264	0.25	0.2354	0.523598775598	0.4758	0	
20200423_223631.440358	1.29903810568	1.2641	0.25	0.2353	0.523598775598	0.4955	0	
20200423_223631.448094	1.29903810568	1.2641	0.25	0.2353	0.523598775598	0.4955	0	
20200423_223631.456740	1.29903810568	1.264	0.25	0.2354	0.523598775598	0.4757	0	
20200423_223631.465182	1.29903810568	1.264	0.25	0.2353	0.523598775598	0.4746	0	
20200423_223631.472769	1.29903810568	1.264	0.25	0.2354	0.523598775598	0.4752	0	
20200423_223631.481613	1.29903810568	1.264	0.25	0.2353	0.523598775598	0.4747	0	
20200423_223631.490075	1.29903810568	1.264	0.25	0.2353	0.523598775598	0.4757	0	
20200423_223631.498415	1.29903810568	1.2641	0.25	0.2353	0.523598775598	0.4747	0	
20200423_223631.506481	1.29903810568	1.264	0.25	0.2354	0.523598775598	0.4754	0	
20200423_223631.515490	1.29903810568	1.264	0.25	0.2353	0.523598775598	0.4748	0	
20200423_223631.523379	1.29903810568	1.264	0.25	0.2353	0.523598775598	0.4755	0	
20200423_223631.531838	1.29903810568	1.2639	0.25	0.2353	0.523598775598	0.4753	0	
20200423_223631.539990	1.29903810568	1.264	0.25	0.2354	0.523598775598	0.4753	0	
20200423_223631.548706	1.29903810568	1.264	0.25	0.2353	0.523598775598	0.4745	0	
20200423_223631.556508	1.29903810568	1.264	0.25	0.2353	0.523598775598	0.4952	0	
20200423_223631.564523	1.29903810568	1.264	0.25	0.2353	0.523598775598	0.4953	0	
20200423_223631.572563	1.29903810568	1.2641	0.25	0.2353	0.523598775598	0.4952	0	
20200423_223631.580904	1.29903810568	1.2641	0.25	0.2353	0.523598775598	0.4954	0	
20200423_223631.589320	1.29903810568	1.2641	0.25	0.2353	0.523598775598	0.4952	0	
20200423_223631.597459	1.29903810568	1.264	0.25	0.2353	0.523598775598	0.4951	0	
20200423_223631.606009	1.29903810568	1.264	0.25	0.2353	0.523598775598	0.4953	0	
20200423_223631.614320	1.29903810568	1.264	0.25	0.2353	0.523598775598	0.495	0	
20200423_223631.623642	1.29903810568	1.264	0.25	0.2353	0.523598775598	0.4951	0	
20200423_223631.630997	1.29903810568	1.264	0.25	0.2353	0.523598775598	0.4948	0	
20200423_223631.639465	1.29903810568	1.264	0.25	0.2353	0.523598775598	0.495	0	
20200423_223631.648082	1.29903810568	1.2641	0.25	0.2353	0.523598775598	0.4955	0	
20200423_223631.656557	1.29903810568	1.2641	0.25	0.2353	0.523598775598	0.4952	0	
20200423_223631.665075	1.29903810568	1.2641	0.25	0.2353	0.523598775598	0.4957	0	
20200423_223631.673618	1.29903810568	1.2641	0.25	0.2353	0.523598775598	0.4955	0	
20200423_223631.681740	1.29903810568	1.2641	0.25	0.2353	0.523598775598	0.4951	0	
20200423_223631.690179	1.29903810568	1.2641	0.25	0.2353	0.523598775598	0.495	0	
20200423_223631.698552	1.29903810568	1.2641	0.25	0.2353	0.523598775598	0.4949	0	
20200423_223631.706552	1.29903810568	1.2641	0.25	0.2353	0.523598775598	0.4951	0	
20200423_223631.714779	1.29903810568	1.2641	0.25	0.2353	0.523598775598	0.495	0	
20200423_223631.724908	1.29903810568	1.2641	0.25	0.2353	0.523598775598	0.495	0	
20200423_223631.731949	1.29903810568	1.2641	0.25	0.2353	0.523598775598	0.4951	0	
20200423_223631.739928	1.29903810568	1.2641	0.25	0.2353	0.523598775598	0.495	0	
20200423_223631.748249	1.29903810568	1.2641	0.25	0.2353	0.523598775598	0.4952	0	
20200423_223631.756421	1.29903810568	1.2641	0.25	0.2353	0.523598775598	0.4949	0	
20200423_223631.764987	1.29903810568	1.2641	0.25	0.2353	0.523598775598	0.4951	0	
20200423_223631.773424	1.29903810568	1.264	0.25	0.2353	0.523598775598	0.4952	0	
20200423_223631.781610	1.29903810568	1.264	0.25	0.2353	0.523598775598	0.4954	0	
20200423_223631.789326	1.29903810568	1.264	0.25	0.2353	0.523598775598	0.4952	0	
20200423_223631.798334	1.29903810568	1.264	0.25	0.2353	0.523598775598	0.4954	0	
20200423_223631.806558	1.29903810568	1.264	0.25	0.2354	0.523598775598	0.4755	0	
20200423_223631.815374	1.29903810568	1.264	0.25	0.2354	0.523598775598	0.4757	0	
20200423_223631.823388	1.29903810568	1.264	0.25	0.2353	0.523598775598	0.4955	0	
20200423_223631.831945	1.29903810568	1.264	0.25	0.2354	0.523598775598	0.4756	0	
20200423_223631.840006	1.29903810568	1.264	0.25	0.2354	0.523598775598	0.4758	0	
20200423_223631.848939	1.29903810568	1.264	0.25	0.2354	0.523598775598	0.4757	0	
20200423_223631.857014	1.29903810568	1.264	0.25	0.2354	0.523598775598	0.4754	0	
20200423_223631.864959	1.29903810568	1.264	0.25	0.2354	0.523598775598	0.4753	0	
20200423_223631.873732	1.29903810568	1.264	0.25	0.2354	0.523598775598	0.4755	0	
20200423_223631.883262	1.29903810568	1.264	0.25	0.2353	0.523598775598	0.4755	0	
20200423_223631.889643	1.29903810568	1.264	0.25	0.2353	0.523598775598	0.4755	0	
20200423_223631.898108	1.29903810568	1.264	0.25	0.2353	0.523598775598	0.4753	0	
20200423_223631.906864	1.29903810568	1.264	0.25	0.2354	0.523598775598	0.4755	0	
20200423_223631.917198	1.29903810568	1.264	0.25	0.2354	0.523598775598	0.4754	0	
20200423_223631.923177	1.29903810568	1.264	0.25	0.2354	0.523598775598	0.4756	0	
20200423_223631.931614	1.29903810568	1.2639	0.25	0.2354	0.523598775598	0.4753	0	
20200423_223631.939435	1.29903810568	1.2639	0.25	0.2354	0.523598775598	0.4755	0	
20200423_223631.948244	1.29903810568	1.2639	0.25	0.2354	0.523598775598	0.4754	0	
20200423_223631.956567	1.29903810568	1.2639	0.25	0.2353	0.523598775598	0.4754	0	
20200423_223631.965093	1.29903810568	1.264	0.25	0.2353	0.523598775598	0.4756	0	
20200423_223631.973517	1.29903810568	1.264	0.25	0.2353	0.523598775598	0.4757	0	
20200423_223631.981802	1.29903810568	1.264	0.25	0.2354	0.523598775598	0.4756	0	
20200423_223631.989762	1.29903810568	1.264	0.25	0.2354	0.523598775598	0.4756	0	
20200423_223631.998358	1.29903810568	1.264	0.25	0.2354	0.523598775598	0.4753	0	
20200423_223632.006900	1.29903810568	1.2639	0.25	0.2354	0.523598775598	0.4755	0	
20200423_223632.016258	1.29903810568	1.2639	0.25	0.2354	0.523598775598	0.4755	0	
20200423_223632.023414	1.29903810568	1.2639	0.25	0.2354	0.523598775598	0.4752	0	
20200423_223632.032889	1.29903810568	1.2639	0.25	0.2354	0.523598775598	0.4754	0	
20200423_223632.040516	1.29903810568	1.2641	0.25	0.2353	0.523598775598	0.4954	0	
20200423_223632.049918	1.29903810568	1.264	0.25	0.2354	0.523598775598	0.4756	0	
20200423_223632.056708	1.29903810568	1.264	0.25	0.2353	0.523598775598	0.4757	0	
20200423_223632.065562	1.29903810568	1.264	0.25	0.2353	0.523598775598	0.4757	0	
20200423_223632.074450	1.29903810568	1.264	0.25	0.2353	0.523598775598	0.4755	0	
20200423_223632.082212	1.29903810568	1.264	0.25	0.2353	0.523598775598	0.4756	0	
20200423_223632.089897	1.29903810568	1.264	0.25	0.2352	0.523598775598	0.4955	0	
20200423_223632.098214	1.29903810568	1.264	0.25	0.2353	0.523598775598	0.4952	0	
20200423_223632.107035	1.29903810568	1.264	0.25	0.2353	0.523598775598	0.4951	0	
20200423_223632.115544	1.29903810568	1.264	0.25	0.2353	0.523598775598	0.4755	0	
20200423_223632.124077	1.29903810568	1.264	0.25	0.2353	0.523598775598	0.4753	0	
20200423_223632.132525	1.29903810568	1.264	0.25	0.2354	0.523598775598	0.4755	0	
20200423_223632.140586	1.29903810568	1.2641	0.25	0.2352	0.523598775598	0.4954	0	
20200423_223632.149398	1.29903810568	1.264	0.25	0.2354	0.523598775598	0.4754	0	
20200423_223632.157501	1.29903810568	1.264	0.25	0.2353	0.523598775598	0.4951	0	
20200423_223632.165400	1.29903810568	1.264	0.25	0.2353	0.523598775598	0.4951	0	
20200423_223632.172860	1.29903810568	1.264	0.25	0.2353	0.523598775598	0.4951	0	
