Time	X_Setpt	X_FB	Y_Setpt	Y_FB	Theta_Setpt	Theta_FB	Motion Status	
20200423_223611.256522	0.649519052838	-0.6245	-0.125	0.0268	0.523598775598	0.0176	1	
20200423_223611.352133	0.649519052838	-0.6245	-0.125	0.0269	0.523598775598	0.0157	1	
20200423_223611.452036	0.649519052838	-0.6184	-0.125	0.0289	0.523598775598	-0.0257	1	
20200423_223611.550882	0.649519052838	-0.6091	-0.125	0.0319	0.523598775598	-0.0854	1	
20200423_223611.650903	0.649519052838	-0.5996	-0.125	0.0342	0.523598775598	-0.1533	1	
20200423_223611.751429	0.649519052838	-0.5891	-0.125	0.0347	0.523598775598	-0.1867	1	
20200423_223611.850983	0.649519052838	-0.5777	-0.125	0.033	0.523598775598	-0.1961	1	
20200423_223611.951384	0.649519052838	-0.5688	-0.125	0.031	0.523598775598	-0.1971	1	
20200423_223612.051088	0.649519052838	-0.5583	-0.125	0.0298	0.523598775598	-0.1978	1	
20200423_223612.151414	0.649519052838	-0.5465	-0.125	0.0274	0.523598775598	-0.1974	1	
20200423_223612.250874	0.649519052838	-0.5401	-0.125	0.0261	0.523598775598	-0.1982	1	
20200423_223612.351438	0.649519052838	-0.5274	-0.125	0.0242	0.523598775598	-0.2001	1	
20200423_223612.450983	0.649519052838	-0.5186	-0.125	0.022	0.523598775598	-0.1978	1	
20200423_223612.550968	0.649519052838	-0.5076	-0.125	0.0204	0.523598775598	-0.1981	1	
20200423_223612.650980	0.649519052838	-0.4993	-0.125	0.0193	0.523598775598	-0.2004	1	
20200423_223612.750995	0.649519052838	-0.4886	-0.125	0.0168	0.523598775598	-0.2023	1	
20200423_223612.851422	0.649519052838	-0.4803	-0.125	0.0154	0.523598775598	-0.2031	1	
20200423_223612.950986	0.649519052838	-0.4691	-0.125	0.0132	0.523598775598	-0.2017	1	
20200423_223613.050941	0.649519052838	-0.4603	-0.125	0.0115	0.523598775598	-0.1999	1	
20200423_223613.150958	0.649519052838	-0.4498	-0.125	0.0097	0.523598775598	-0.1995	1	
20200423_223613.251470	0.649519052838	-0.4399	-0.125	0.0078	0.523598775598	-0.1983	1	
20200423_223613.351229	0.649519052838	-0.4323	-0.125	0.0061	0.523598775598	-0.2003	1	
20200423_223613.451612	0.649519052838	-0.4206	-0.125	0.0043	0.523598775598	-0.2015	1	
20200423_223613.551070	0.649519052838	-0.4122	-0.125	0.0024	0.523598775598	-0.2026	1	
20200423_223613.650975	0.649519052838	-0.4012	-0.125	-0.0004	0.523598775598	-0.2058	1	
20200423_223613.751073	0.649519052838	-0.3923	-0.125	-0.0023	0.523598775598	-0.2028	1	
20200423_223613.850970	0.649519052838	-0.3824	-0.125	-0.0063	0.523598775598	-0.1627	1	
20200423_223613.951213	0.649519052838	-0.3742	-0.125	-0.0087	0.523598775598	-0.1427	1	
20200423_223614.051220	0.649519052838	-0.3628	-0.125	-0.0094	0.523598775598	-0.1382	1	
20200423_223614.151189	0.649519052838	-0.3532	-0.125	-0.011	0.523598775598	-0.1345	1	
20200423_223614.251631	0.649519052838	-0.3426	-0.125	-0.0128	0.523598775598	-0.1358	1	
20200423_223614.351150	0.649519052838	-0.3336	-0.125	-0.0133	0.523598775598	-0.1363	1	
20200423_223614.452246	0.649519052838	-0.3238	-0.125	-0.0144	0.523598775598	-0.1354	1	
20200423_223614.550767	0.649519052838	-0.3137	-0.125	-0.016	0.523598775598	-0.1336	1	
20200423_223614.650883	0.649519052838	-0.3047	-0.125	-0.0172	0.523598775598	-0.135	1	
20200423_223614.750954	0.649519052838	-0.2948	-0.125	-0.0191	0.523598775598	-0.131	1	
20200423_223614.851751	0.649519052838	-0.2849	-0.125	-0.0205	0.523598775598	-0.1282	1	
20200423_223614.951098	0.649519052838	-0.2735	-0.125	-0.0219	0.523598775598	-0.1265	1	
20200423_223615.051381	0.649519052838	-0.2659	-0.125	-0.0229	0.523598775598	-0.129	1	
20200423_223615.151669	0.649519052838	-0.2557	-0.125	-0.0247	0.523598775598	-0.1287	1	
20200423_223615.251263	0.649519052838	-0.2464	-0.125	-0.0255	0.523598775598	-0.1304	1	
20200423_223615.351378	0.649519052838	-0.2348	-0.125	-0.0273	0.523598775598	-0.1267	1	
20200423_223615.451072	0.649519052838	-0.2269	-0.125	-0.0287	0.523598775598	-0.1257	1	
20200423_223615.550910	0.649519052838	-0.2174	-0.125	-0.0295	0.523598775598	-0.1281	1	
20200423_223615.650906	0.649519052838	-0.2086	-0.125	-0.0304	0.523598775598	-0.1282	1	
20200423_223615.751618	0.649519052838	-0.1986	-0.125	-0.032	0.523598775598	-0.1274	1	
20200423_223615.851146	0.649519052838	-0.1901	-0.125	-0.0325	0.523598775598	-0.1315	1	
20200423_223615.951034	0.649519052838	-0.1803	-0.125	-0.0334	0.523598775598	-0.1328	1	
20200423_223616.053802	0.649519052838	-0.1693	-0.125	-0.0348	0.523598775598	-0.1326	1	
20200423_223616.150895	0.649519052838	-0.1602	-0.125	-0.0352	0.523598775598	-0.1404	1	
20200423_223616.250746	0.649519052838	-0.1508	-0.125	-0.0373	0.523598775598	-0.1388	1	
20200423_223616.350992	0.649519052838	-0.1412	-0.125	-0.0381	0.523598775598	-0.1375	1	
20200423_223616.451082	0.649519052838	-0.1319	-0.125	-0.0391	0.523598775598	-0.1373	1	
20200423_223616.551237	0.649519052838	-0.121	-0.125	-0.0406	0.523598775598	-0.1374	1	
20200423_223616.650833	0.649519052838	-0.1111	-0.125	-0.0424	0.523598775598	-0.1347	1	
20200423_223616.751291	0.649519052838	-0.1028	-0.125	-0.0433	0.523598775598	-0.1306	1	
20200423_223616.851567	0.649519052838	-0.0941	-0.125	-0.0461	0.523598775598	-0.1241	1	
20200423_223616.951170	0.649519052838	-0.0843	-0.125	-0.0479	0.523598775598	-0.1264	1	
20200423_223617.051205	0.649519052838	-0.0735	-0.125	-0.0479	0.523598775598	-0.1322	1	
20200423_223617.151431	0.649519052838	-0.0619	-0.125	-0.0478	0.523598775598	-0.1292	1	
20200423_223617.252048	0.649519052838	-0.0524	-0.125	-0.0488	0.523598775598	-0.1296	1	
20200423_223617.351051	0.649519052838	-0.0409	-0.125	-0.0511	0.523598775598	-0.1238	1	
20200423_223617.451164	0.649519052838	-0.0328	-0.125	-0.0531	0.523598775598	-0.1238	1	
20200423_223617.551157	0.649519052838	-0.0231	-0.125	-0.0539	0.523598775598	-0.1237	1	
20200423_223617.650835	0.649519052838	-0.012	-0.125	-0.0553	0.523598775598	-0.1247	1	
20200423_223617.751045	0.649519052838	-0.0013	-0.125	-0.0566	0.523598775598	-0.1211	1	
20200423_223617.851166	0.649519052838	0.0056	-0.125	-0.0576	0.523598775598	-0.121	1	
20200423_223617.951144	0.649519052838	0.0167	-0.125	-0.059	0.523598775598	-0.123	1	
20200423_223618.051057	0.649519052838	0.0254	-0.125	-0.0597	0.523598775598	-0.1241	1	
20200423_223618.151019	0.649519052838	0.0357	-0.125	-0.0615	0.523598775598	-0.1208	1	
20200423_223618.251204	0.649519052838	0.0461	-0.125	-0.0628	0.523598775598	-0.1202	1	
20200423_223618.351027	0.649519052838	0.0546	-0.125	-0.0633	0.523598775598	-0.1225	1	
20200423_223618.451779	0.649519052838	0.0644	-0.125	-0.0644	0.523598775598	-0.1232	1	
20200423_223618.551295	0.649519052838	0.0745	-0.125	-0.066	0.523598775598	-0.1171	1	
20200423_223618.650971	0.649519052838	0.0835	-0.125	-0.0669	0.523598775598	-0.118	1	
20200423_223618.751266	0.649519052838	0.0931	-0.125	-0.068	0.523598775598	-0.1157	1	
20200423_223618.851255	0.649519052838	0.1026	-0.125	-0.0696	0.523598775598	-0.1078	1	
20200423_223618.951897	0.649519052838	0.1116	-0.125	-0.0703	0.523598775598	-0.1108	1	
20200423_223619.051242	0.649519052838	0.1222	-0.125	-0.0715	0.523598775598	-0.1198	1	
20200423_223619.152032	0.649519052838	0.1333	-0.125	-0.0731	0.523598775598	-0.1171	1	
20200423_223619.251491	0.649519052838	0.1415	-0.125	-0.0745	0.523598775598	-0.1119	1	
20200423_223619.351237	0.649519052838	0.1522	-0.125	-0.0748	0.523598775598	-0.1193	1	
20200423_223619.451101	0.649519052838	0.1647	-0.125	-0.0763	0.523598775598	-0.1215	1	
20200423_223619.551539	0.649519052838	0.1715	-0.125	-0.078	0.523598775598	-0.1143	1	
20200423_223619.651120	0.649519052838	0.1816	-0.125	-0.0787	0.523598775598	-0.1228	1	
20200423_223619.751633	0.649519052838	0.1919	-0.125	-0.0796	0.523598775598	-0.1226	1	
20200423_223619.851219	0.649519052838	0.2013	-0.125	-0.081	0.523598775598	-0.1188	1	
20200423_223619.950980	0.649519052838	0.2089	-0.125	-0.0818	0.523598775598	-0.1095	1	
20200423_223620.051601	0.649519052838	0.2205	-0.125	-0.0837	0.523598775598	-0.1119	1	
20200423_223620.150943	0.649519052838	0.2298	-0.125	-0.0844	0.523598775598	-0.1212	1	
20200423_223620.251285	0.649519052838	0.2394	-0.125	-0.0859	0.523598775598	-0.1137	1	
20200423_223620.351231	0.649519052838	0.2504	-0.125	-0.0868	0.523598775598	-0.1158	1	
20200423_223620.451108	0.649519052838	0.2567	-0.125	-0.088	0.523598775598	-0.1094	1	
20200423_223620.550963	0.649519052838	0.2698	-0.125	-0.0894	0.523598775598	-0.106	1	
20200423_223620.650911	0.649519052838	0.2781	-0.125	-0.0906	0.523598775598	-0.1053	1	
20200423_223620.750872	0.649519052838	0.2886	-0.125	-0.0919	0.523598775598	-0.1005	1	
20200423_223620.851126	0.649519052838	0.2982	-0.125	-0.0921	0.523598775598	-0.1109	1	
20200423_223620.951376	0.649519052838	0.3083	-0.125	-0.093	0.523598775598	-0.1112	1	
20200423_223621.051287	0.649519052838	0.3186	-0.125	-0.0948	0.523598775598	-0.1084	1	
20200423_223621.150905	0.649519052838	0.3266	-0.125	-0.095	0.523598775598	-0.1038	1	
20200423_223621.250894	0.649519052838	0.3378	-0.125	-0.0968	0.523598775598	-0.1041	1	
20200423_223621.350891	0.649519052838	0.3469	-0.125	-0.0983	0.523598775598	-0.1013	1	
20200423_223621.451041	0.649519052838	0.357	-0.125	-0.0985	0.523598775598	-0.1004	1	
20200423_223621.550886	0.649519052838	0.3677	-0.125	-0.0994	0.523598775598	-0.1102	1	
20200423_223621.650899	0.649519052838	0.3765	-0.125	-0.1009	0.523598775598	-0.1053	1	
20200423_223621.751203	0.649519052838	0.3861	-0.125	-0.1017	0.523598775598	-0.1059	1	
20200423_223621.851060	0.649519052838	0.3971	-0.125	-0.1032	0.523598775598	-0.1053	1	
20200423_223621.951005	0.649519052838	0.4075	-0.125	-0.1038	0.523598775598	-0.1126	1	
20200423_223622.051361	0.649519052838	0.4165	-0.125	-0.1048	0.523598775598	-0.1096	1	
20200423_223622.150951	0.649519052838	0.425	-0.125	-0.105	0.523598775598	-0.1041	1	
20200423_223622.251523	0.649519052838	0.4359	-0.125	-0.1069	0.523598775598	-0.1071	1	
20200423_223622.351138	0.649519052838	0.4459	-0.125	-0.1078	0.523598775598	-0.1216	1	
20200423_223622.451558	0.649519052838	0.4553	-0.125	-0.1089	0.523598775598	-0.1131	1	
20200423_223622.551733	0.649519052838	0.4623	-0.125	-0.1097	0.523598775598	-0.1142	1	
20200423_223622.650948	0.649519052838	0.474	-0.125	-0.1103	0.523598775598	-0.1149	1	
20200423_223622.750951	0.649519052838	0.4842	-0.125	-0.1124	0.523598775598	-0.1121	1	
20200423_223622.851162	0.649519052838	0.4937	-0.125	-0.1126	0.523598775598	-0.1066	1	
20200423_223622.951141	0.649519052838	0.4979	-0.125	-0.1132	0.523598775598	-0.111	1	
20200423_223623.051234	0.649519052838	0.5136	-0.125	-0.1149	0.523598775598	-0.1038	1	
20200423_223623.151065	0.649519052838	0.523	-0.125	-0.1162	0.523598775598	-0.1063	1	
20200423_223623.251546	0.649519052838	0.5342	-0.125	-0.1174	0.523598775598	-0.1059	1	
20200423_223623.351308	0.649519052838	0.543	-0.125	-0.1181	0.523598775598	-0.1084	1	
20200423_223623.451051	0.649519052838	0.553	-0.125	-0.1189	0.523598775598	-0.1032	1	
20200423_223623.551051	0.649519052838	0.5614	-0.125	-0.1194	0.523598775598	-0.0946	1	
20200423_223623.650884	0.649519052838	0.5709	-0.125	-0.1204	0.523598775598	-0.0955	1	
20200423_223623.751068	0.649519052838	0.5797	-0.125	-0.1199	0.523598775598	-0.0982	1	
20200423_223623.851023	0.649519052838	0.59	-0.125	-0.1218	0.523598775598	-0.0957	1	
20200423_223623.950894	0.649519052838	0.6008	-0.125	-0.1237	0.523598775598	-0.0947	1	
20200423_223624.050995	0.649519052838	0.6075	-0.125	-0.1241	0.523598775598	-0.0941	1	
20200423_223624.150771	0.649519052838	0.6125	-0.125	-0.1261	0.523598775598	-0.0632	1	
20200423_223624.251550	0.649519052838	0.6155	-0.125	-0.1292	0.523598775598	-0.02	1	
20200423_223624.351092	0.649519052838	0.615	-0.125	-0.1329	0.523598775598	0.0446	1	
20200423_223624.451038	0.649519052838	0.6135	-0.125	-0.1364	0.523598775598	0.117	1	
20200423_223624.551042	0.649519052838	0.6119	-0.125	-0.1387	0.523598775598	0.211	1	
20200423_223624.650904	0.649519052838	0.6142	-0.125	-0.1426	0.523598775598	0.2454	1	
20200423_223624.750966	0.649519052838	0.6146	-0.125	-0.1456	0.523598775598	0.3043	1	
20200423_223624.850985	0.649519052838	0.6146	-0.125	-0.1485	0.523598775598	0.356	1	
20200423_223624.951096	0.649519052838	0.6147	-0.125	-0.1513	0.523598775598	0.4112	1	
20200423_223625.051033	0.649519052838	0.6158	-0.125	-0.1533	0.523598775598	0.4633	1	
20200423_223625.151072	0.649519052838	0.6162	-0.125	-0.1554	0.523598775598	0.5092	0	
20200423_223625.151292	0.649519052838	0.6162	-0.125	-0.1556	0.523598775598	0.5144	0	
20200423_223625.156184	0.649519052838	0.6152	-0.125	-0.1557	0.523598775598	0.5435	0	
20200423_223625.164763	0.649519052838	0.6153	-0.125	-0.1555	0.523598775598	0.5432	0	
20200423_223625.172770	0.649519052838	0.6153	-0.125	-0.1555	0.523598775598	0.5447	0	
20200423_223625.182269	0.649519052838	0.6153	-0.125	-0.1556	0.523598775598	0.5461	0	
20200423_223625.189488	0.649519052838	0.6163	-0.125	-0.156	0.523598775598	0.5229	0	
20200423_223625.198301	0.649519052838	0.6163	-0.125	-0.1561	0.523598775598	0.5245	0	
20200423_223625.207264	0.649519052838	0.6164	-0.125	-0.1562	0.523598775598	0.5256	0	
20200423_223625.214650	0.649519052838	0.6163	-0.125	-0.1562	0.523598775598	0.5264	0	
20200423_223625.222865	0.649519052838	0.6163	-0.125	-0.1563	0.523598775598	0.5273	0	
20200423_223625.231277	0.649519052838	0.6163	-0.125	-0.1563	0.523598775598	0.5279	0	
20200423_223625.240015	0.649519052838	0.6163	-0.125	-0.1563	0.523598775598	0.5279	0	
20200423_223625.248034	0.649519052838	0.6163	-0.125	-0.1564	0.523598775598	0.527	0	
20200423_223625.256088	0.649519052838	0.6163	-0.125	-0.1564	0.523598775598	0.5267	0	
20200423_223625.264548	0.649519052838	0.6163	-0.125	-0.1565	0.523598775598	0.5269	0	
20200423_223625.273116	0.649519052838	0.6163	-0.125	-0.1564	0.523598775598	0.5285	0	
20200423_223625.285858	0.649519052838	0.6163	-0.125	-0.1565	0.523598775598	0.5271	0	
20200423_223625.289883	0.649519052838	0.6163	-0.125	-0.1565	0.523598775598	0.5272	0	
20200423_223625.297977	0.649519052838	0.6163	-0.125	-0.1565	0.523598775598	0.5272	0	
20200423_223625.307484	0.649519052838	0.6162	-0.125	-0.1564	0.523598775598	0.5295	0	
20200423_223625.315740	0.649519052838	0.6162	-0.125	-0.1564	0.523598775598	0.5296	0	
20200423_223625.323241	0.649519052838	0.6162	-0.125	-0.1564	0.523598775598	0.5297	0	
20200423_223625.331365	0.649519052838	0.6162	-0.125	-0.1564	0.523598775598	0.5297	0	
20200423_223625.339263	0.649519052838	0.6162	-0.125	-0.1564	0.523598775598	0.5298	0	
20200423_223625.349490	0.649519052838	0.6162	-0.125	-0.1564	0.523598775598	0.5294	0	
20200423_223625.356523	0.649519052838	0.6162	-0.125	-0.1564	0.523598775598	0.5297	0	
20200423_223625.365034	0.649519052838	0.6162	-0.125	-0.1565	0.523598775598	0.5296	0	
20200423_223625.373000	0.649519052838	0.6162	-0.125	-0.1565	0.523598775598	0.5299	0	
20200423_223625.383334	0.649519052838	0.6162	-0.125	-0.1565	0.523598775598	0.5302	0	
20200423_223625.389750	0.649519052838	0.6162	-0.125	-0.1565	0.523598775598	0.5303	0	
20200423_223625.398118	0.649519052838	0.6162	-0.125	-0.1565	0.523598775598	0.5302	0	
20200423_223625.406312	0.649519052838	0.6162	-0.125	-0.1565	0.523598775598	0.5301	0	
20200423_223625.415024	0.649519052838	0.6162	-0.125	-0.1564	0.523598775598	0.5301	0	
20200423_223625.422723	0.649519052838	0.6162	-0.125	-0.1564	0.523598775598	0.5302	0	
20200423_223625.430852	0.649519052838	0.6162	-0.125	-0.1564	0.523598775598	0.5302	0	
20200423_223625.439713	0.649519052838	0.6162	-0.125	-0.1565	0.523598775598	0.5302	0	
20200423_223625.448047	0.649519052838	0.6162	-0.125	-0.1566	0.523598775598	0.5288	0	
20200423_223625.456238	0.649519052838	0.6163	-0.125	-0.1566	0.523598775598	0.528	0	
20200423_223625.464421	0.649519052838	0.6162	-0.125	-0.1566	0.523598775598	0.528	0	
20200423_223625.473017	0.649519052838	0.6162	-0.125	-0.1565	0.523598775598	0.5302	0	
20200423_223625.481526	0.649519052838	0.6162	-0.125	-0.1566	0.523598775598	0.5285	0	
20200423_223625.489849	0.649519052838	0.6162	-0.125	-0.1566	0.523598775598	0.5284	0	
20200423_223625.497852	0.649519052838	0.6162	-0.125	-0.1566	0.523598775598	0.5283	0	
20200423_223625.506233	0.649519052838	0.6161	-0.125	-0.1565	0.523598775598	0.5305	0	
20200423_223625.515253	0.649519052838	0.6161	-0.125	-0.1565	0.523598775598	0.5307	0	
20200423_223625.523047	0.649519052838	0.6161	-0.125	-0.1565	0.523598775598	0.5308	0	
20200423_223625.531611	0.649519052838	0.6161	-0.125	-0.1565	0.523598775598	0.531	0	
20200423_223625.540137	0.649519052838	0.6162	-0.125	-0.1565	0.523598775598	0.5307	0	
20200423_223625.548440	0.649519052838	0.6161	-0.125	-0.1565	0.523598775598	0.5306	0	
20200423_223625.558036	0.649519052838	0.6161	-0.125	-0.1565	0.523598775598	0.5305	0	
20200423_223625.564321	0.649519052838	0.6162	-0.125	-0.1565	0.523598775598	0.5303	0	
20200423_223625.572459	0.649519052838	0.6162	-0.125	-0.1565	0.523598775598	0.5306	0	
20200423_223625.580967	0.649519052838	0.6162	-0.125	-0.1565	0.523598775598	0.5305	0	
20200423_223625.589218	0.649519052838	0.6161	-0.125	-0.1565	0.523598775598	0.5305	0	
20200423_223625.597255	0.649519052838	0.6162	-0.125	-0.1565	0.523598775598	0.5306	0	
20200423_223625.605708	0.649519052838	0.6162	-0.125	-0.1565	0.523598775598	0.5309	0	
20200423_223625.614202	0.649519052838	0.6162	-0.125	-0.1565	0.523598775598	0.5303	0	
20200423_223625.622597	0.649519052838	0.6162	-0.125	-0.1565	0.523598775598	0.5305	0	
20200423_223625.630656	0.649519052838	0.6162	-0.125	-0.1565	0.523598775598	0.5301	0	
20200423_223625.639281	0.649519052838	0.6161	-0.125	-0.1565	0.523598775598	0.5301	0	
20200423_223625.647943	0.649519052838	0.6161	-0.125	-0.1565	0.523598775598	0.5304	0	
20200423_223625.656835	0.649519052838	0.6162	-0.125	-0.1566	0.523598775598	0.5283	0	
20200423_223625.664811	0.649519052838	0.6162	-0.125	-0.1566	0.523598775598	0.5283	0	
20200423_223625.672708	0.649519052838	0.6162	-0.125	-0.1566	0.523598775598	0.5303	0	
20200423_223625.683588	0.649519052838	0.6162	-0.125	-0.1566	0.523598775598	0.5287	0	
20200423_223625.689673	0.649519052838	0.6162	-0.125	-0.1566	0.523598775598	0.528	0	
20200423_223625.697598	0.649519052838	0.6162	-0.125	-0.1566	0.523598775598	0.5281	0	
20200423_223625.706104	0.649519052838	0.6161	-0.125	-0.1565	0.523598775598	0.5306	0	
20200423_223625.715290	0.649519052838	0.6161	-0.125	-0.1565	0.523598775598	0.5307	0	
20200423_223625.722747	0.649519052838	0.6161	-0.125	-0.1565	0.523598775598	0.5304	0	
20200423_223625.731523	0.649519052838	0.6162	-0.125	-0.1565	0.523598775598	0.5306	0	
20200423_223625.739604	0.649519052838	0.6161	-0.125	-0.1565	0.523598775598	0.5308	0	
20200423_223625.752932	0.649519052838	0.6162	-0.125	-0.1565	0.523598775598	0.5307	0	
20200423_223625.756138	0.649519052838	0.6162	-0.125	-0.1566	0.523598775598	0.5307	0	
20200423_223625.764784	0.649519052838	0.6162	-0.125	-0.1565	0.523598775598	0.5301	0	
20200423_223625.772959	0.649519052838	0.6162	-0.125	-0.1565	0.523598775598	0.5304	0	
20200423_223625.782770	0.649519052838	0.6162	-0.125	-0.1565	0.523598775598	0.5303	0	
20200423_223625.789529	0.649519052838	0.6162	-0.125	-0.1565	0.523598775598	0.53	0	
20200423_223625.797890	0.649519052838	0.6162	-0.125	-0.1565	0.523598775598	0.5299	0	
20200423_223625.806125	0.649519052838	0.6162	-0.125	-0.1565	0.523598775598	0.5298	0	
20200423_223625.815010	0.649519052838	0.6162	-0.125	-0.1565	0.523598775598	0.5301	0	
20200423_223625.823182	0.649519052838	0.6162	-0.125	-0.1565	0.523598775598	0.5302	0	
20200423_223625.831691	0.649519052838	0.6162	-0.125	-0.1565	0.523598775598	0.5302	0	
20200423_223625.839742	0.649519052838	0.6161	-0.125	-0.1565	0.523598775598	0.5306	0	
20200423_223625.848843	0.649519052838	0.6162	-0.125	-0.1566	0.523598775598	0.5293	0	
20200423_223625.856402	0.649519052838	0.6162	-0.125	-0.1567	0.523598775598	0.5281	0	
20200423_223625.864711	0.649519052838	0.6162	-0.125	-0.1567	0.523598775598	0.5279	0	
20200423_223625.873222	0.649519052838	0.6163	-0.125	-0.1567	0.523598775598	0.5248	0	
20200423_223625.881484	0.649519052838	0.6161	-0.125	-0.1566	0.523598775598	0.5293	0	
20200423_223625.889833	0.649519052838	0.6161	-0.125	-0.1566	0.523598775598	0.5284	0	
20200423_223625.897738	0.649519052838	0.6161	-0.125	-0.1566	0.523598775598	0.5284	0	
20200423_223625.906155	0.649519052838	0.6161	-0.125	-0.1565	0.523598775598	0.5304	0	
20200423_223625.915265	0.649519052838	0.6161	-0.125	-0.1566	0.523598775598	0.5304	0	
20200423_223625.923084	0.649519052838	0.6161	-0.125	-0.1566	0.523598775598	0.5308	0	
20200423_223625.931116	0.649519052838	0.6161	-0.125	-0.1566	0.523598775598	0.5308	0	
20200423_223625.939469	0.649519052838	0.6161	-0.125	-0.1566	0.523598775598	0.531	0	
20200423_223625.948842	0.649519052838	0.6161	-0.125	-0.1566	0.523598775598	0.5308	0	
20200423_223625.956803	0.649519052838	0.6161	-0.125	-0.1565	0.523598775598	0.5305	0	
20200423_223625.964580	0.649519052838	0.6161	-0.125	-0.1565	0.523598775598	0.5299	0	
20200423_223625.972787	0.649519052838	0.6161	-0.125	-0.1565	0.523598775598	0.53	0	
20200423_223625.981464	0.649519052838	0.6161	-0.125	-0.1565	0.523598775598	0.5301	0	
20200423_223625.989406	0.649519052838	0.6161	-0.125	-0.1565	0.523598775598	0.5305	0	
20200423_223626.000004	0.649519052838	0.6161	-0.125	-0.1565	0.523598775598	0.5308	0	
20200423_223626.006494	0.649519052838	0.6162	-0.125	-0.1565	0.523598775598	0.5309	0	
20200423_223626.015203	0.649519052838	0.6162	-0.125	-0.1565	0.523598775598	0.5308	0	
20200423_223626.022730	0.649519052838	0.6162	-0.125	-0.1565	0.523598775598	0.5307	0	
20200423_223626.031459	0.649519052838	0.6161	-0.125	-0.1565	0.523598775598	0.5304	0	
20200423_223626.039387	0.649519052838	0.6161	-0.125	-0.1565	0.523598775598	0.5304	0	
20200423_223626.048524	0.649519052838	0.6161	-0.125	-0.1565	0.523598775598	0.5303	0	
20200423_223626.056111	0.649519052838	0.6162	-0.125	-0.1566	0.523598775598	0.5284	0	
20200423_223626.065149	0.649519052838	0.6162	-0.125	-0.1566	0.523598775598	0.5284	0	
20200423_223626.072880	0.649519052838	0.6163	-0.125	-0.1567	0.523598775598	0.5252	0	
20200423_223626.082145	0.649519052838	0.6162	-0.125	-0.1566	0.523598775598	0.5294	0	
20200423_223626.089661	0.649519052838	0.6162	-0.125	-0.1566	0.523598775598	0.528	0	
20200423_223626.097677	0.649519052838	0.6162	-0.125	-0.1566	0.523598775598	0.5282	0	
20200423_223626.106269	0.649519052838	0.6162	-0.125	-0.1566	0.523598775598	0.5303	0	
20200423_223626.114650	0.649519052838	0.6161	-0.125	-0.1565	0.523598775598	0.5306	0	
20200423_223626.123290	0.649519052838	0.6161	-0.125	-0.1565	0.523598775598	0.5304	0	
20200423_223626.131164	0.649519052838	0.6161	-0.125	-0.1565	0.523598775598	0.5302	0	
20200423_223626.139746	0.649519052838	0.6161	-0.125	-0.1565	0.523598775598	0.5304	0	
20200423_223626.148768	0.649519052838	0.6162	-0.125	-0.1565	0.523598775598	0.5304	0	
20200423_223626.156557	0.649519052838	0.6162	-0.125	-0.1565	0.523598775598	0.5309	0	
20200423_223626.164785	0.649519052838	0.6162	-0.125	-0.1565	0.523598775598	0.5311	0	
20200423_223626.173140	0.649519052838	0.6161	-0.125	-0.1565	0.523598775598	0.5314	0	
20200423_223626.182072	0.649519052838	0.6162	-0.125	-0.1565	0.523598775598	0.5307	0	
20200423_223626.189757	0.649519052838	0.6162	-0.125	-0.1565	0.523598775598	0.5307	0	
20200423_223626.197815	0.649519052838	0.6161	-0.125	-0.1565	0.523598775598	0.5303	0	
20200423_223626.206262	0.649519052838	0.6161	-0.125	-0.1565	0.523598775598	0.5302	0	
20200423_223626.214693	0.649519052838	0.6161	-0.125	-0.1565	0.523598775598	0.5301	0	
20200423_223626.223025	0.649519052838	0.6161	-0.125	-0.1565	0.523598775598	0.5306	0	
20200423_223626.231348	0.649519052838	0.6161	-0.125	-0.1566	0.523598775598	0.5311	0	
20200423_223626.239410	0.649519052838	0.6161	-0.125	-0.1566	0.523598775598	0.5312	0	
20200423_223626.248102	0.649519052838	0.6162	-0.125	-0.1566	0.523598775598	0.5309	0	
20200423_223626.256787	0.649519052838	0.6162	-0.125	-0.1566	0.523598775598	0.528	0	
20200423_223626.264645	0.649519052838	0.6162	-0.125	-0.1566	0.523598775598	0.5281	0	
20200423_223626.272913	0.649519052838	0.6162	-0.125	-0.1566	0.523598775598	0.5263	0	
20200423_223626.283637	0.649519052838	0.6161	-0.125	-0.1565	0.523598775598	0.5303	0	
20200423_223626.290138	0.649519052838	0.6162	-0.125	-0.1566	0.523598775598	0.5283	0	
20200423_223626.298081	0.649519052838	0.6161	-0.125	-0.1566	0.523598775598	0.5285	0	
20200423_223626.306708	0.649519052838	0.6163	-0.125	-0.1567	0.523598775598	0.5248	0	
20200423_223626.315446	0.649519052838	0.6162	-0.125	-0.1566	0.523598775598	0.5308	0	
20200423_223626.323252	0.649519052838	0.6162	-0.125	-0.1566	0.523598775598	0.5311	0	
20200423_223626.331167	0.649519052838	0.6162	-0.125	-0.1566	0.523598775598	0.5308	0	
20200423_223626.339593	0.649519052838	0.6162	-0.125	-0.1566	0.523598775598	0.5308	0	
20200423_223626.348762	0.649519052838	0.6162	-0.125	-0.1565	0.523598775598	0.5304	0	
20200423_223626.356447	0.649519052838	0.6161	-0.125	-0.1565	0.523598775598	0.5303	0	
20200423_223626.364325	0.649519052838	0.6161	-0.125	-0.1565	0.523598775598	0.5303	0	
20200423_223626.372932	0.649519052838	0.6161	-0.125	-0.1565	0.523598775598	0.5303	0	
20200423_223626.381324	0.649519052838	0.6161	-0.125	-0.1565	0.523598775598	0.5306	0	
20200423_223626.389441	0.649519052838	0.6161	-0.125	-0.1565	0.523598775598	0.5306	0	
20200423_223626.397878	0.649519052838	0.6162	-0.125	-0.1566	0.523598775598	0.5308	0	
20200423_223626.406083	0.649519052838	0.6162	-0.125	-0.1566	0.523598775598	0.531	0	
20200423_223626.415484	0.649519052838	0.6162	-0.125	-0.1566	0.523598775598	0.5307	0	
20200423_223626.423351	0.649519052838	0.6162	-0.125	-0.1566	0.523598775598	0.5309	0	
20200423_223626.430985	0.649519052838	0.6161	-0.125	-0.1565	0.523598775598	0.5299	0	
20200423_223626.439380	0.649519052838	0.6161	-0.125	-0.1565	0.523598775598	0.5306	0	
20200423_223626.448405	0.649519052838	0.6161	-0.125	-0.1566	0.523598775598	0.5303	0	
20200423_223626.456493	0.649519052838	0.6161	-0.125	-0.1566	0.523598775598	0.5286	0	
20200423_223626.464525	0.649519052838	0.6162	-0.125	-0.1567	0.523598775598	0.5284	0	
20200423_223626.473496	0.649519052838	0.6162	-0.125	-0.1567	0.523598775598	0.5272	0	
20200423_223626.481658	0.649519052838	0.6161	-0.125	-0.1566	0.523598775598	0.5309	0	
20200423_223626.489296	0.649519052838	0.6162	-0.125	-0.1567	0.523598775598	0.5282	0	
20200423_223626.497593	0.649519052838	0.6162	-0.125	-0.1567	0.523598775598	0.5283	0	
20200423_223626.505986	0.649519052838	0.6162	-0.125	-0.1567	0.523598775598	0.5254	0	
20200423_223626.516156	0.649519052838	0.6161	-0.125	-0.1566	0.523598775598	0.5304	0	
20200423_223626.522710	0.649519052838	0.616	-0.125	-0.1565	0.523598775598	0.5304	0	
20200423_223626.531973	0.649519052838	0.6161	-0.125	-0.1565	0.523598775598	0.5306	0	
20200423_223626.539652	0.649519052838	0.6161	-0.125	-0.1566	0.523598775598	0.5308	0	
20200423_223626.551333	0.649519052838	0.6161	-0.125	-0.1566	0.523598775598	0.5306	0	
20200423_223626.556466	0.649519052838	0.6161	-0.125	-0.1566	0.523598775598	0.5308	0	
20200423_223626.564236	0.649519052838	0.6161	-0.125	-0.1566	0.523598775598	0.5308	0	
20200423_223626.572427	0.649519052838	0.6161	-0.125	-0.1566	0.523598775598	0.5309	0	
20200423_223626.583419	0.649519052838	0.6161	-0.125	-0.1566	0.523598775598	0.5308	0	
20200423_223626.589153	0.649519052838	0.6161	-0.125	-0.1566	0.523598775598	0.5303	0	
20200423_223626.597542	0.649519052838	0.6161	-0.125	-0.1566	0.523598775598	0.5304	0	
20200423_223626.605833	0.649519052838	0.6161	-0.125	-0.1566	0.523598775598	0.5305	0	
20200423_223626.615788	0.649519052838	0.6161	-0.125	-0.1566	0.523598775598	0.5305	0	
20200423_223626.622788	0.649519052838	0.6161	-0.125	-0.1566	0.523598775598	0.5309	0	
20200423_223626.630984	0.649519052838	0.6161	-0.125	-0.1566	0.523598775598	0.5308	0	
20200423_223626.639284	0.649519052838	0.6161	-0.125	-0.1566	0.523598775598	0.5311	0	
20200423_223626.648049	0.649519052838	0.6161	-0.125	-0.1566	0.523598775598	0.5309	0	
20200423_223626.656340	0.649519052838	0.6162	-0.125	-0.1567	0.523598775598	0.5283	0	
20200423_223626.664439	0.649519052838	0.6161	-0.125	-0.1567	0.523598775598	0.5286	0	
20200423_223626.673039	0.649519052838	0.6161	-0.125	-0.1567	0.523598775598	0.528	0	
20200423_223626.682248	0.649519052838	0.616	-0.125	-0.1566	0.523598775598	0.5304	0	
20200423_223626.689866	0.649519052838	0.6161	-0.125	-0.1567	0.523598775598	0.5283	0	
20200423_223626.698067	0.649519052838	0.6161	-0.125	-0.1567	0.523598775598	0.5281	0	
20200423_223626.706195	0.649519052838	0.6162	-0.125	-0.1568	0.523598775598	0.5259	0	
20200423_223626.721456	0.649519052838	0.6161	-0.125	-0.1566	0.523598775598	0.5308	0	
20200423_223626.722993	0.649519052838	0.6161	-0.125	-0.1566	0.523598775598	0.5306	0	
20200423_223626.731299	0.649519052838	0.6161	-0.125	-0.1566	0.523598775598	0.5303	0	
20200423_223626.739434	0.649519052838	0.6161	-0.125	-0.1566	0.523598775598	0.5304	0	
20200423_223626.748119	0.649519052838	0.6161	-0.125	-0.1566	0.523598775598	0.5304	0	
20200423_223626.756184	0.649519052838	0.6161	-0.125	-0.1566	0.523598775598	0.5303	0	
20200423_223626.764496	0.649519052838	0.6161	-0.125	-0.1566	0.523598775598	0.5305	0	
20200423_223626.773107	0.649519052838	0.6161	-0.125	-0.1566	0.523598775598	0.5305	0	
20200423_223626.781268	0.649519052838	0.6161	-0.125	-0.1566	0.523598775598	0.5308	0	
20200423_223626.789675	0.649519052838	0.6161	-0.125	-0.1566	0.523598775598	0.5306	0	
20200423_223626.799036	0.649519052838	0.6161	-0.125	-0.1566	0.523598775598	0.5308	0	
20200423_223626.806142	0.649519052838	0.6162	-0.125	-0.1566	0.523598775598	0.5304	0	
20200423_223626.814782	0.649519052838	0.6162	-0.125	-0.1566	0.523598775598	0.5298	0	
20200423_223626.822964	0.649519052838	0.6162	-0.125	-0.1566	0.523598775598	0.5297	0	
20200423_223626.831331	0.649519052838	0.6162	-0.125	-0.1566	0.523598775598	0.5296	0	
20200423_223626.839744	0.649519052838	0.6161	-0.125	-0.1566	0.523598775598	0.5299	0	
20200423_223626.850244	0.649519052838	0.6161	-0.125	-0.1566	0.523598775598	0.5302	0	
20200423_223626.856467	0.649519052838	0.6161	-0.125	-0.1566	0.523598775598	0.5287	0	
20200423_223626.865180	0.649519052838	0.6162	-0.125	-0.1567	0.523598775598	0.5282	0	
20200423_223626.872956	0.649519052838	0.6162	-0.125	-0.1567	0.523598775598	0.5281	0	
20200423_223626.883332	0.649519052838	0.6161	-0.125	-0.1566	0.523598775598	0.531	0	
20200423_223626.889904	0.649519052838	0.6161	-0.125	-0.1567	0.523598775598	0.5281	0	
20200423_223626.898406	0.649519052838	0.6161	-0.125	-0.1567	0.523598775598	0.5285	0	
20200423_223626.907237	0.649519052838	0.6161	-0.125	-0.1567	0.523598775598	0.527	0	
20200423_223626.914981	0.649519052838	0.6161	-0.125	-0.1566	0.523598775598	0.5305	0	
20200423_223626.923523	0.649519052838	0.6161	-0.125	-0.1566	0.523598775598	0.5305	0	
20200423_223626.932382	0.649519052838	0.6161	-0.125	-0.1566	0.523598775598	0.5306	0	
20200423_223626.939824	0.649519052838	0.6161	-0.125	-0.1566	0.523598775598	0.5307	0	
20200423_223626.950800	0.649519052838	0.6161	-0.125	-0.1566	0.523598775598	0.5309	0	
20200423_223626.956919	0.649519052838	0.6161	-0.125	-0.1566	0.523598775598	0.5307	0	
20200423_223626.965017	0.649519052838	0.6161	-0.125	-0.1566	0.523598775598	0.5308	0	
20200423_223626.974189	0.649519052838	0.6161	-0.125	-0.1566	0.523598775598	0.5306	0	
20200423_223626.981844	0.649519052838	0.6161	-0.125	-0.1566	0.523598775598	0.5304	0	
20200423_223626.989967	0.649519052838	0.6161	-0.125	-0.1566	0.523598775598	0.5301	0	
20200423_223626.998520	0.649519052838	0.6161	-0.125	-0.1566	0.523598775598	0.5302	0	
20200423_223627.006762	0.649519052838	0.6161	-0.125	-0.1566	0.523598775598	0.5302	0	
20200423_223627.015218	0.649519052838	0.6161	-0.125	-0.1566	0.523598775598	0.5306	0	
20200423_223627.023489	0.649519052838	0.6161	-0.125	-0.1566	0.523598775598	0.5305	0	
20200423_223627.033750	0.649519052838	0.6161	-0.125	-0.1566	0.523598775598	0.5306	0	
20200423_223627.040073	0.649519052838	0.6161	-0.125	-0.1566	0.523598775598	0.5303	0	
20200423_223627.049109	0.649519052838	0.6161	-0.125	-0.1566	0.523598775598	0.5306	0	
20200423_223627.056512	0.649519052838	0.6161	-0.125	-0.1567	0.523598775598	0.5282	0	
20200423_223627.064873	0.649519052838	0.6161	-0.125	-0.1566	0.523598775598	0.5283	0	
20200423_223627.073320	0.649519052838	0.6161	-0.125	-0.1566	0.523598775598	0.5286	0	
20200423_223627.083712	0.649519052838	0.6161	-0.125	-0.1566	0.523598775598	0.5303	0	
20200423_223627.089868	0.649519052838	0.6161	-0.125	-0.1567	0.523598775598	0.5282	0	
20200423_223627.099094	0.649519052838	0.6162	-0.125	-0.1567	0.523598775598	0.5283	0	
20200423_223627.107175	0.649519052838	0.6162	-0.125	-0.1567	0.523598775598	0.5274	0	
20200423_223627.115070	0.649519052838	0.6161	-0.125	-0.1566	0.523598775598	0.5304	0	
20200423_223627.123154	0.649519052838	0.6161	-0.125	-0.1566	0.523598775598	0.5305	0	
20200423_223627.131546	0.649519052838	0.6161	-0.125	-0.1566	0.523598775598	0.5307	0	
20200423_223627.147808	0.649519052838	0.6161	-0.125	-0.1566	0.523598775598	0.5304	0	
20200423_223627.153490	0.649519052838	0.6161	-0.125	-0.1566	0.523598775598	0.5307	0	
20200423_223627.159229	0.649519052838	0.6161	-0.125	-0.1565	0.523598775598	0.5305	0	
20200423_223627.165465	0.649519052838	0.6161	-0.125	-0.1566	0.523598775598	0.5305	0	
20200423_223627.172810	0.649519052838	0.6161	-0.125	-0.1566	0.523598775598	0.5304	0	
20200423_223627.182314	0.649519052838	0.6161	-0.125	-0.1566	0.523598775598	0.5306	0	
20200423_223627.190746	0.649519052838	0.6161	-0.125	-0.1566	0.523598775598	0.5305	0	
20200423_223627.198424	0.649519052838	0.6161	-0.125	-0.1566	0.523598775598	0.5306	0	
20200423_223627.206506	0.649519052838	0.6161	-0.125	-0.1566	0.523598775598	0.5305	0	
20200423_223627.216161	0.649519052838	0.6161	-0.125	-0.1566	0.523598775598	0.5305	0	
20200423_223627.223309	0.649519052838	0.6161	-0.125	-0.1566	0.523598775598	0.5305	0	
20200423_223627.231673	0.649519052838	0.6161	-0.125	-0.1566	0.523598775598	0.5305	0	
20200423_223627.241041	0.649519052838	0.6161	-0.125	-0.1566	0.523598775598	0.5305	0	
20200423_223627.249000	0.649519052838	0.6161	-0.125	-0.1566	0.523598775598	0.5306	0	
20200423_223627.256872	0.649519052838	0.6161	-0.125	-0.1567	0.523598775598	0.528	0	
20200423_223627.265712	0.649519052838	0.6162	-0.125	-0.1566	0.523598775598	0.5281	0	
20200423_223627.273558	0.649519052838	0.6162	-0.125	-0.1566	0.523598775598	0.5282	0	
20200423_223627.281945	0.649519052838	0.6162	-0.125	-0.1565	0.523598775598	0.53	0	
20200423_223627.290598	0.649519052838	0.6162	-0.125	-0.1566	0.523598775598	0.5283	0	
20200423_223627.298476	0.649519052838	0.6161	-0.125	-0.1567	0.523598775598	0.5282	0	
20200423_223627.306582	0.649519052838	0.6161	-0.125	-0.1567	0.523598775598	0.5282	0	
20200423_223627.316028	0.649519052838	0.616	-0.125	-0.1566	0.523598775598	0.5309	0	
20200423_223627.323681	0.649519052838	0.616	-0.125	-0.1566	0.523598775598	0.5307	0	
20200423_223627.331965	0.649519052838	0.6161	-0.125	-0.1566	0.523598775598	0.5306	0	
20200423_223627.340167	0.649519052838	0.6161	-0.125	-0.1566	0.523598775598	0.5307	0	
20200423_223627.347895	0.649519052838	0.6161	-0.125	-0.1566	0.523598775598	0.5308	0	
20200423_223627.356526	0.649519052838	0.6161	-0.125	-0.1566	0.523598775598	0.5306	0	
20200423_223627.365290	0.649519052838	0.6162	-0.125	-0.1566	0.523598775598	0.5304	0	
20200423_223627.373753	0.649519052838	0.6161	-0.125	-0.1566	0.523598775598	0.5304	0	
20200423_223627.381219	0.649519052838	0.6161	-0.125	-0.1566	0.523598775598	0.5303	0	
20200423_223627.389925	0.649519052838	0.6161	-0.125	-0.1566	0.523598775598	0.5303	0	
20200423_223627.398105	0.649519052838	0.6161	-0.125	-0.1566	0.523598775598	0.5301	0	
20200423_223627.406348	0.649519052838	0.6161	-0.125	-0.1566	0.523598775598	0.5303	0	
20200423_223627.415344	0.649519052838	0.6161	-0.125	-0.1566	0.523598775598	0.5306	0	
20200423_223627.423006	0.649519052838	0.6161	-0.125	-0.1566	0.523598775598	0.5308	0	
20200423_223627.431497	0.649519052838	0.6161	-0.125	-0.1566	0.523598775598	0.5313	0	
20200423_223627.440948	0.649519052838	0.6161	-0.125	-0.1566	0.523598775598	0.5309	0	
20200423_223627.448739	0.649519052838	0.6161	-0.125	-0.1566	0.523598775598	0.5308	0	
20200423_223627.456443	0.649519052838	0.6161	-0.125	-0.1567	0.523598775598	0.5284	0	
20200423_223627.465282	0.649519052838	0.6161	-0.125	-0.1567	0.523598775598	0.5283	0	
20200423_223627.473196	0.649519052838	0.6161	-0.125	-0.1567	0.523598775598	0.5285	0	
20200423_223627.481478	0.649519052838	0.616	-0.125	-0.1566	0.523598775598	0.5303	0	
20200423_223627.490661	0.649519052838	0.6161	-0.125	-0.1567	0.523598775598	0.5282	0	
20200423_223627.497924	0.649519052838	0.6161	-0.125	-0.1567	0.523598775598	0.528	0	
20200423_223627.506575	0.649519052838	0.6162	-0.125	-0.1567	0.523598775598	0.528	0	
20200423_223627.515414	0.649519052838	0.6162	-0.125	-0.1566	0.523598775598	0.5306	0	
20200423_223627.523282	0.649519052838	0.6162	-0.125	-0.1566	0.523598775598	0.5304	0	
20200423_223627.534882	0.649519052838	0.6161	-0.125	-0.1566	0.523598775598	0.5304	0	
20200423_223627.540416	0.649519052838	0.6161	-0.125	-0.1566	0.523598775598	0.5303	0	
20200423_223627.548428	0.649519052838	0.6161	-0.125	-0.1566	0.523598775598	0.5303	0	
20200423_223627.556564	0.649519052838	0.6161	-0.125	-0.1566	0.523598775598	0.5304	0	
20200423_223627.565007	0.649519052838	0.6161	-0.125	-0.1565	0.523598775598	0.5306	0	
20200423_223627.572728	0.649519052838	0.6161	-0.125	-0.1566	0.523598775598	0.5307	0	
20200423_223627.580833	0.649519052838	0.6161	-0.125	-0.1566	0.523598775598	0.531	0	
20200423_223627.589376	0.649519052838	0.6161	-0.125	-0.1566	0.523598775598	0.5314	0	
20200423_223627.597930	0.649519052838	0.6161	-0.125	-0.1566	0.523598775598	0.5311	0	
20200423_223627.605943	0.649519052838	0.6161	-0.125	-0.1566	0.523598775598	0.5311	0	
20200423_223627.614549	0.649519052838	0.6161	-0.125	-0.1566	0.523598775598	0.5307	0	
20200423_223627.623344	0.649519052838	0.6161	-0.125	-0.1566	0.523598775598	0.5305	0	
20200423_223627.630887	0.649519052838	0.6161	-0.125	-0.1566	0.523598775598	0.5305	0	
20200423_223627.640022	0.649519052838	0.6161	-0.125	-0.1566	0.523598775598	0.5303	0	
20200423_223627.647962	0.649519052838	0.6161	-0.125	-0.1566	0.523598775598	0.5308	0	
20200423_223627.656928	0.649519052838	0.6161	-0.125	-0.1567	0.523598775598	0.5287	0	
20200423_223627.665188	0.649519052838	0.6162	-0.125	-0.1567	0.523598775598	0.5282	0	
20200423_223627.673178	0.649519052838	0.6162	-0.125	-0.1567	0.523598775598	0.5283	0	
20200423_223627.681513	0.649519052838	0.6161	-0.125	-0.1566	0.523598775598	0.5306	0	
20200423_223627.690094	0.649519052838	0.6161	-0.125	-0.1567	0.523598775598	0.5283	0	
20200423_223627.698444	0.649519052838	0.6161	-0.125	-0.1567	0.523598775598	0.5285	0	
20200423_223627.706256	0.649519052838	0.6161	-0.125	-0.1567	0.523598775598	0.5285	0	
20200423_223627.715674	0.649519052838	0.616	-0.125	-0.1566	0.523598775598	0.5304	0	
20200423_223627.724227	0.649519052838	0.616	-0.125	-0.1566	0.523598775598	0.5302	0	
20200423_223627.731392	0.649519052838	0.6161	-0.125	-0.1566	0.523598775598	0.5302	0	
20200423_223627.739919	0.649519052838	0.6161	-0.125	-0.1566	0.523598775598	0.5304	0	
20200423_223627.747980	0.649519052838	0.6161	-0.125	-0.1566	0.523598775598	0.5307	0	
20200423_223627.756718	0.649519052838	0.6161	-0.125	-0.1567	0.523598775598	0.5309	0	
20200423_223627.765418	0.649519052838	0.6161	-0.125	-0.1566	0.523598775598	0.5308	0	
20200423_223627.773234	0.649519052838	0.6161	-0.125	-0.1566	0.523598775598	0.5304	0	
20200423_223627.781495	0.649519052838	0.6161	-0.125	-0.1566	0.523598775598	0.5298	0	
20200423_223627.790156	0.649519052838	0.6161	-0.125	-0.1566	0.523598775598	0.5294	0	
20200423_223627.798157	0.649519052838	0.6161	-0.125	-0.1566	0.523598775598	0.53	0	
20200423_223627.806726	0.649519052838	0.6161	-0.125	-0.1566	0.523598775598	0.5299	0	
20200423_223627.814959	0.649519052838	0.6161	-0.125	-0.1566	0.523598775598	0.5304	0	
20200423_223627.823710	0.649519052838	0.6161	-0.125	-0.1566	0.523598775598	0.5306	0	
20200423_223627.832348	0.649519052838	0.6161	-0.125	-0.1566	0.523598775598	0.5305	0	
20200423_223627.839395	0.649519052838	0.6161	-0.125	-0.1566	0.523598775598	0.5305	0	
20200423_223627.847500	0.649519052838	0.6161	-0.125	-0.1566	0.523598775598	0.5305	0	
20200423_223627.856652	0.649519052838	0.6161	-0.125	-0.1567	0.523598775598	0.5288	0	
20200423_223627.864541	0.649519052838	0.6161	-0.125	-0.1566	0.523598775598	0.5285	0	
20200423_223627.872730	0.649519052838	0.6161	-0.125	-0.1566	0.523598775598	0.5286	0	
20200423_223627.882064	0.649519052838	0.616	-0.125	-0.1566	0.523598775598	0.5303	0	
20200423_223627.889814	0.649519052838	0.6161	-0.125	-0.1567	0.523598775598	0.5283	0	
20200423_223627.898251	0.649519052838	0.6161	-0.125	-0.1567	0.523598775598	0.5282	0	
20200423_223627.906763	0.649519052838	0.6162	-0.125	-0.1567	0.523598775598	0.5281	0	
20200423_223627.917360	0.649519052838	0.6161	-0.125	-0.1566	0.523598775598	0.5305	0	
20200423_223627.923141	0.649519052838	0.6161	-0.125	-0.1566	0.523598775598	0.5304	0	
20200423_223627.931381	0.649519052838	0.6161	-0.125	-0.1566	0.523598775598	0.5304	0	
20200423_223627.940309	0.649519052838	0.616	-0.125	-0.1566	0.523598775598	0.5299	0	
20200423_223627.948510	0.649519052838	0.6161	-0.125	-0.1565	0.523598775598	0.5302	0	
20200423_223627.956359	0.649519052838	0.6161	-0.125	-0.1566	0.523598775598	0.5301	0	
20200423_223627.965163	0.649519052838	0.6161	-0.125	-0.1566	0.523598775598	0.5304	0	
20200423_223627.973104	0.649519052838	0.6161	-0.125	-0.1566	0.523598775598	0.5309	0	
20200423_223627.985566	0.649519052838	0.6161	-0.125	-0.1566	0.523598775598	0.5308	0	
20200423_223627.989721	0.649519052838	0.6161	-0.125	-0.1566	0.523598775598	0.5312	0	
20200423_223627.998105	0.649519052838	0.6161	-0.125	-0.1566	0.523598775598	0.5309	0	
20200423_223628.007111	0.649519052838	0.6161	-0.125	-0.1566	0.523598775598	0.5306	0	
20200423_223628.015460	0.649519052838	0.6161	-0.125	-0.1566	0.523598775598	0.5303	0	
20200423_223628.023856	0.649519052838	0.6161	-0.125	-0.1565	0.523598775598	0.5302	0	
20200423_223628.033217	0.649519052838	0.6161	-0.125	-0.1566	0.523598775598	0.53	0	
20200423_223628.041001	0.649519052838	0.6161	-0.125	-0.1566	0.523598775598	0.5304	0	
20200423_223628.048096	0.649519052838	0.6161	-0.125	-0.1566	0.523598775598	0.5302	0	
20200423_223628.056243	0.649519052838	0.6162	-0.125	-0.1566	0.523598775598	0.5289	0	
20200423_223628.064964	0.649519052838	0.6162	-0.125	-0.1567	0.523598775598	0.5281	0	
20200423_223628.072855	0.649519052838	0.6161	-0.125	-0.1567	0.523598775598	0.5282	0	
20200423_223628.081972	0.649519052838	0.6161	-0.125	-0.1566	0.523598775598	0.531	0	
20200423_223628.090115	0.649519052838	0.6161	-0.125	-0.1567	0.523598775598	0.5289	0	
20200423_223628.097906	0.649519052838	0.6161	-0.125	-0.1566	0.523598775598	0.5281	0	
20200423_223628.107049	0.649519052838	0.6161	-0.125	-0.1566	0.523598775598	0.5283	0	
20200423_223628.115276	0.649519052838	0.6161	-0.125	-0.1566	0.523598775598	0.5305	0	
20200423_223628.123373	0.649519052838	0.6161	-0.125	-0.1566	0.523598775598	0.5306	0	
20200423_223628.132306	0.649519052838	0.6161	-0.125	-0.1566	0.523598775598	0.5306	0	
20200423_223628.140341	0.649519052838	0.6161	-0.125	-0.1566	0.523598775598	0.5308	0	
20200423_223628.148163	0.649519052838	0.6161	-0.125	-0.1566	0.523598775598	0.5308	0	
20200423_223628.156648	0.649519052838	0.6162	-0.125	-0.1566	0.523598775598	0.5305	0	
20200423_223628.164862	0.649519052838	0.6161	-0.125	-0.1566	0.523598775598	0.5302	0	
20200423_223628.173794	0.649519052838	0.6161	-0.125	-0.1566	0.523598775598	0.5302	0	
20200423_223628.182887	0.649519052838	0.6161	-0.125	-0.1566	0.523598775598	0.5302	0	
20200423_223628.189571	0.649519052838	0.6161	-0.125	-0.1566	0.523598775598	0.5303	0	
20200423_223628.198338	0.649519052838	0.6161	-0.125	-0.1566	0.523598775598	0.5306	0	
20200423_223628.207423	0.649519052838	0.6161	-0.125	-0.1566	0.523598775598	0.5307	0	
20200423_223628.215108	0.649519052838	0.6161	-0.125	-0.1566	0.523598775598	0.5306	0	
20200423_223628.223270	0.649519052838	0.6161	-0.125	-0.1566	0.523598775598	0.5307	0	
20200423_223628.232095	0.649519052838	0.6161	-0.125	-0.1566	0.523598775598	0.5307	0	
20200423_223628.239318	0.649519052838	0.6161	-0.125	-0.1566	0.523598775598	0.5303	0	
20200423_223628.248289	0.649519052838	0.6161	-0.125	-0.1566	0.523598775598	0.5307	0	
20200423_223628.256632	0.649519052838	0.6161	-0.125	-0.1566	0.523598775598	0.5305	0	
20200423_223628.264683	0.649519052838	0.6161	-0.125	-0.1567	0.523598775598	0.5282	0	
20200423_223628.273857	0.649519052838	0.6161	-0.125	-0.1567	0.523598775598	0.5282	0	
20200423_223628.281346	0.649519052838	0.6161	-0.125	-0.1566	0.523598775598	0.5307	0	
20200423_223628.290253	0.649519052838	0.6161	-0.125	-0.1567	0.523598775598	0.529	0	
20200423_223628.297827	0.649519052838	0.6161	-0.125	-0.1567	0.523598775598	0.5283	0	
20200423_223628.305959	0.649519052838	0.6161	-0.125	-0.1567	0.523598775598	0.5282	0	
20200423_223628.315347	0.649519052838	0.6161	-0.125	-0.1566	0.523598775598	0.5308	0	
20200423_223628.324094	0.649519052838	0.6161	-0.125	-0.1566	0.523598775598	0.5304	0	
20200423_223628.331682	0.649519052838	0.6161	-0.125	-0.1566	0.523598775598	0.5303	0	
20200423_223628.339555	0.649519052838	0.6161	-0.125	-0.1565	0.523598775598	0.5304	0	
20200423_223628.348063	0.649519052838	0.6161	-0.125	-0.1565	0.523598775598	0.5302	0	
20200423_223628.356759	0.649519052838	0.6161	-0.125	-0.1565	0.523598775598	0.5307	0	
20200423_223628.364809	0.649519052838	0.6161	-0.125	-0.1565	0.523598775598	0.5305	0	
20200423_223628.373287	0.649519052838	0.6161	-0.125	-0.1566	0.523598775598	0.5307	0	
20200423_223628.381773	0.649519052838	0.616	-0.125	-0.1566	0.523598775598	0.531	0	
20200423_223628.389751	0.649519052838	0.6161	-0.125	-0.1566	0.523598775598	0.5311	0	
20200423_223628.398105	0.649519052838	0.6161	-0.125	-0.1566	0.523598775598	0.531	0	
20200423_223628.406189	0.649519052838	0.6161	-0.125	-0.1566	0.523598775598	0.531	0	
20200423_223628.414717	0.649519052838	0.6161	-0.125	-0.1566	0.523598775598	0.5307	0	
20200423_223628.423094	0.649519052838	0.6161	-0.125	-0.1566	0.523598775598	0.5307	0	
20200423_223628.431511	0.649519052838	0.6161	-0.125	-0.1566	0.523598775598	0.5307	0	
20200423_223628.439534	0.649519052838	0.6161	-0.125	-0.1566	0.523598775598	0.5304	0	
20200423_223628.448506	0.649519052838	0.616	-0.125	-0.1566	0.523598775598	0.5306	0	
20200423_223628.456604	0.649519052838	0.616	-0.125	-0.1566	0.523598775598	0.5305	0	
20200423_223628.464862	0.649519052838	0.6161	-0.125	-0.1567	0.523598775598	0.5283	0	
20200423_223628.473267	0.649519052838	0.6161	-0.125	-0.1567	0.523598775598	0.5283	0	
20200423_223628.482887	0.649519052838	0.6162	-0.125	-0.1568	0.523598775598	0.525	0	
20200423_223628.489859	0.649519052838	0.6161	-0.125	-0.1567	0.523598775598	0.5295	0	
20200423_223628.498171	0.649519052838	0.6161	-0.125	-0.1567	0.523598775598	0.5283	0	
20200423_223628.506320	0.649519052838	0.6161	-0.125	-0.1567	0.523598775598	0.5282	0	
20200423_223628.517158	0.649519052838	0.6161	-0.125	-0.1566	0.523598775598	0.5301	0	
20200423_223628.522673	0.649519052838	0.616	-0.125	-0.1566	0.523598775598	0.5304	0	
20200423_223628.531714	0.649519052838	0.616	-0.125	-0.1566	0.523598775598	0.5308	0	
20200423_223628.539567	0.649519052838	0.616	-0.125	-0.1566	0.523598775598	0.5309	0	
20200423_223628.551682	0.649519052838	0.616	-0.125	-0.1566	0.523598775598	0.5312	0	
20200423_223628.557438	0.649519052838	0.6161	-0.125	-0.1566	0.523598775598	0.5313	0	
20200423_223628.564414	0.649519052838	0.6161	-0.125	-0.1566	0.523598775598	0.5312	0	
20200423_223628.572961	0.649519052838	0.6161	-0.125	-0.1566	0.523598775598	0.5312	0	
20200423_223628.581215	0.649519052838	0.6161	-0.125	-0.1566	0.523598775598	0.5308	0	
20200423_223628.589360	0.649519052838	0.6161	-0.125	-0.1566	0.523598775598	0.5306	0	
20200423_223628.597400	0.649519052838	0.6161	-0.125	-0.1566	0.523598775598	0.5307	0	
20200423_223628.605784	0.649519052838	0.6161	-0.125	-0.1566	0.523598775598	0.5306	0	
20200423_223628.614282	0.649519052838	0.6161	-0.125	-0.1566	0.523598775598	0.5307	0	
20200423_223628.622679	0.649519052838	0.6161	-0.125	-0.1566	0.523598775598	0.5306	0	
20200423_223628.630704	0.649519052838	0.6161	-0.125	-0.1566	0.523598775598	0.5308	0	
20200423_223628.639261	0.649519052838	0.6161	-0.125	-0.1566	0.523598775598	0.5312	0	
20200423_223628.648359	0.649519052838	0.6161	-0.125	-0.1566	0.523598775598	0.5313	0	
20200423_223628.656369	0.649519052838	0.616	-0.125	-0.1566	0.523598775598	0.5312	0	
20200423_223628.664333	0.649519052838	0.6161	-0.125	-0.1567	0.523598775598	0.5285	0	
20200423_223628.673352	0.649519052838	0.616	-0.125	-0.1566	0.523598775598	0.5284	0	
20200423_223628.682829	0.649519052838	0.6161	-0.125	-0.1567	0.523598775598	0.526	0	
20200423_223628.689654	0.649519052838	0.6161	-0.125	-0.1566	0.523598775598	0.5306	0	
20200423_223628.698294	0.649519052838	0.6161	-0.125	-0.1567	0.523598775598	0.5283	0	
20200423_223628.707024	0.649519052838	0.6161	-0.125	-0.1567	0.523598775598	0.5284	0	
20200423_223628.714829	0.649519052838	0.6163	-0.125	-0.1568	0.523598775598	0.5241	0	
20200423_223628.723038	0.649519052838	0.6161	-0.125	-0.1566	0.523598775598	0.5314	0	
20200423_223628.731412	0.649519052838	0.616	-0.125	-0.1566	0.523598775598	0.531	0	
20200423_223628.739720	0.649519052838	0.616	-0.125	-0.1566	0.523598775598	0.5306	0	
20200423_223628.748711	0.649519052838	0.616	-0.125	-0.1566	0.523598775598	0.5309	0	
20200423_223628.756358	0.649519052838	0.616	-0.125	-0.1565	0.523598775598	0.5305	0	
20200423_223628.765229	0.649519052838	0.616	-0.125	-0.1566	0.523598775598	0.5305	0	
20200423_223628.773142	0.649519052838	0.616	-0.125	-0.1566	0.523598775598	0.5306	0	
20200423_223628.781692	0.649519052838	0.6161	-0.125	-0.1566	0.523598775598	0.5309	0	
20200423_223628.789701	0.649519052838	0.6161	-0.125	-0.1566	0.523598775598	0.5312	0	
20200423_223628.797641	0.649519052838	0.6161	-0.125	-0.1566	0.523598775598	0.5311	0	
20200423_223628.806283	0.649519052838	0.6161	-0.125	-0.1566	0.523598775598	0.5314	0	
20200423_223628.815016	0.649519052838	0.6161	-0.125	-0.1566	0.523598775598	0.5308	0	
20200423_223628.823112	0.649519052838	0.616	-0.125	-0.1566	0.523598775598	0.5305	0	
20200423_223628.831188	0.649519052838	0.616	-0.125	-0.1566	0.523598775598	0.5305	0	
20200423_223628.839920	0.649519052838	0.616	-0.125	-0.1566	0.523598775598	0.5303	0	
20200423_223628.847962	0.649519052838	0.616	-0.125	-0.1566	0.523598775598	0.5307	0	
20200423_223628.856453	0.649519052838	0.6161	-0.125	-0.1566	0.523598775598	0.5309	0	
20200423_223628.864855	0.649519052838	0.6161	-0.125	-0.1567	0.523598775598	0.5282	0	
20200423_223628.873115	0.649519052838	0.6161	-0.125	-0.1567	0.523598775598	0.5283	0	
20200423_223628.881904	0.649519052838	0.6162	-0.125	-0.1567	0.523598775598	0.5271	0	
20200423_223628.890048	0.649519052838	0.616	-0.125	-0.1566	0.523598775598	0.5307	0	
20200423_223628.897889	0.649519052838	0.6161	-0.125	-0.1567	0.523598775598	0.5286	0	
20200423_223628.906282	0.649519052838	0.616	-0.125	-0.1567	0.523598775598	0.5286	0	
20200423_223628.915837	0.649519052838	0.6161	-0.125	-0.1567	0.523598775598	0.5254	0	
20200423_223628.923845	0.649519052838	0.616	-0.125	-0.1566	0.523598775598	0.5304	0	
20200423_223628.931734	0.649519052838	0.6161	-0.125	-0.1566	0.523598775598	0.5305	0	
20200423_223628.939756	0.649519052838	0.6161	-0.125	-0.1566	0.523598775598	0.5308	0	
20200423_223628.948946	0.649519052838	0.6161	-0.125	-0.1566	0.523598775598	0.5307	0	
20200423_223628.956986	0.649519052838	0.6161	-0.125	-0.1566	0.523598775598	0.5305	0	
20200423_223628.964912	0.649519052838	0.6161	-0.125	-0.1566	0.523598775598	0.5307	0	
20200423_223628.973133	0.649519052838	0.6161	-0.125	-0.1566	0.523598775598	0.5304	0	
20200423_223628.981432	0.649519052838	0.616	-0.125	-0.1565	0.523598775598	0.5303	0	
20200423_223628.989835	0.649519052838	0.616	-0.125	-0.1566	0.523598775598	0.5303	0	
20200423_223628.998341	0.649519052838	0.616	-0.125	-0.1566	0.523598775598	0.5305	0	
20200423_223629.007100	0.649519052838	0.6161	-0.125	-0.1566	0.523598775598	0.5306	0	
20200423_223629.015060	0.649519052838	0.6161	-0.125	-0.1566	0.523598775598	0.5308	0	
20200423_223629.023311	0.649519052838	0.6161	-0.125	-0.1566	0.523598775598	0.5309	0	
20200423_223629.032923	0.649519052838	0.6161	-0.125	-0.1566	0.523598775598	0.5311	0	
20200423_223629.040253	0.649519052838	0.6161	-0.125	-0.1566	0.523598775598	0.5309	0	
20200423_223629.048883	0.649519052838	0.6161	-0.125	-0.1566	0.523598775598	0.5306	0	
20200423_223629.056727	0.649519052838	0.616	-0.125	-0.1566	0.523598775598	0.5304	0	
20200423_223629.064615	0.649519052838	0.6161	-0.125	-0.1567	0.523598775598	0.5283	0	
20200423_223629.073595	0.649519052838	0.6161	-0.125	-0.1567	0.523598775598	0.5286	0	
20200423_223629.081889	0.649519052838	0.6161	-0.125	-0.1567	0.523598775598	0.5281	0	
20200423_223629.089743	0.649519052838	0.6161	-0.125	-0.1566	0.523598775598	0.5307	0	
20200423_223629.098363	0.649519052838	0.6161	-0.125	-0.1567	0.523598775598	0.5279	0	
20200423_223629.106060	0.649519052838	0.6162	-0.125	-0.1567	0.523598775598	0.5282	0	
20200423_223629.115015	0.649519052838	0.6162	-0.125	-0.1568	0.523598775598	0.526	0	
20200423_223629.123895	0.649519052838	0.6161	-0.125	-0.1566	0.523598775598	0.5312	0	
20200423_223629.131863	0.649519052838	0.6161	-0.125	-0.1566	0.523598775598	0.5308	0	
20200423_223629.139759	0.649519052838	0.6161	-0.125	-0.1566	0.523598775598	0.5308	0	
20200423_223629.151007	0.649519052838	0.6161	-0.125	-0.1566	0.523598775598	0.5306	0	
20200423_223629.156226	0.649519052838	0.6161	-0.125	-0.1566	0.523598775598	0.5304	0	
20200423_223629.164600	0.649519052838	0.6161	-0.125	-0.1566	0.523598775598	0.5302	0	
20200423_223629.173417	0.649519052838	0.6161	-0.125	-0.1566	0.523598775598	0.5306	0	
20200423_223629.181970	0.649519052838	0.6161	-0.125	-0.1566	0.523598775598	0.5307	0	
20200423_223629.190020	0.649519052838	0.6161	-0.125	-0.1566	0.523598775598	0.5306	0	
20200423_223629.198460	0.649519052838	0.6161	-0.125	-0.1566	0.523598775598	0.5308	0	
20200423_223629.207145	0.649519052838	0.6161	-0.125	-0.1566	0.523598775598	0.5312	0	
20200423_223629.215331	0.649519052838	0.6161	-0.125	-0.1566	0.523598775598	0.5306	0	
20200423_223629.222893	0.649519052838	0.6161	-0.125	-0.1566	0.523598775598	0.5308	0	
20200423_223629.231946	0.649519052838	0.616	-0.125	-0.1566	0.523598775598	0.5307	0	
20200423_223629.239486	0.649519052838	0.6161	-0.125	-0.1566	0.523598775598	0.5306	0	
20200423_223629.249288	0.649519052838	0.6161	-0.125	-0.1566	0.523598775598	0.5306	0	
20200423_223629.256912	0.649519052838	0.6161	-0.125	-0.1566	0.523598775598	0.5307	0	
20200423_223629.264484	0.649519052838	0.6161	-0.125	-0.1567	0.523598775598	0.5284	0	
20200423_223629.273176	0.649519052838	0.6161	-0.125	-0.1567	0.523598775598	0.5282	0	
20200423_223629.283218	0.649519052838	0.6161	-0.125	-0.1567	0.523598775598	0.5283	0	
20200423_223629.289851	0.649519052838	0.616	-0.125	-0.1566	0.523598775598	0.5306	0	
20200423_223629.297870	0.649519052838	0.6161	-0.125	-0.1567	0.523598775598	0.5285	0	
20200423_223629.306693	0.649519052838	0.6161	-0.125	-0.1567	0.523598775598	0.5284	0	
20200423_223629.315305	0.649519052838	0.6161	-0.125	-0.1567	0.523598775598	0.5271	0	
20200423_223629.323587	0.649519052838	0.616	-0.125	-0.1566	0.523598775598	0.5309	0	
20200423_223629.331649	0.649519052838	0.616	-0.125	-0.1566	0.523598775598	0.5312	0	
20200423_223629.340442	0.649519052838	0.616	-0.125	-0.1566	0.523598775598	0.5309	0	
20200423_223629.348715	0.649519052838	0.616	-0.125	-0.1566	0.523598775598	0.5311	0	
20200423_223629.357314	0.649519052838	0.616	-0.125	-0.1566	0.523598775598	0.5311	0	
20200423_223629.364905	0.649519052838	0.616	-0.125	-0.1566	0.523598775598	0.5305	0	
20200423_223629.373744	0.649519052838	0.6161	-0.125	-0.1566	0.523598775598	0.5306	0	
20200423_223629.381299	0.649519052838	0.6161	-0.125	-0.1566	0.523598775598	0.5302	0	
20200423_223629.389982	0.649519052838	0.616	-0.125	-0.1566	0.523598775598	0.5305	0	
20200423_223629.398197	0.649519052838	0.616	-0.125	-0.1566	0.523598775598	0.5308	0	
20200423_223629.406433	0.649519052838	0.6161	-0.125	-0.1566	0.523598775598	0.5309	0	
20200423_223629.416081	0.649519052838	0.6161	-0.125	-0.1566	0.523598775598	0.5309	0	
20200423_223629.423385	0.649519052838	0.6161	-0.125	-0.1566	0.523598775598	0.5309	0	
20200423_223629.431477	0.649519052838	0.6161	-0.125	-0.1566	0.523598775598	0.5308	0	
20200423_223629.439779	0.649519052838	0.6161	-0.125	-0.1566	0.523598775598	0.5308	0	
20200423_223629.448430	0.649519052838	0.6159	-0.125	-0.1566	0.523598775598	0.53	0	
20200423_223629.456490	0.649519052838	0.6161	-0.125	-0.1566	0.523598775598	0.5308	0	
20200423_223629.465176	0.649519052838	0.6161	-0.125	-0.1567	0.523598775598	0.5285	0	
20200423_223629.473615	0.649519052838	0.6161	-0.125	-0.1567	0.523598775598	0.5286	0	
20200423_223629.482899	0.649519052838	0.6161	-0.125	-0.1567	0.523598775598	0.5285	0	
20200423_223629.489997	0.649519052838	0.6159	-0.125	-0.1566	0.523598775598	0.5296	0	
20200423_223629.498151	0.649519052838	0.6159	-0.125	-0.1567	0.523598775598	0.5273	0	
20200423_223629.506323	0.649519052838	0.616	-0.125	-0.1567	0.523598775598	0.5273	0	
20200423_223629.515373	0.649519052838	0.6161	-0.125	-0.1567	0.523598775598	0.5276	0	
20200423_223629.523717	0.649519052838	0.6161	-0.125	-0.1566	0.523598775598	0.5309	0	
20200423_223629.532064	0.649519052838	0.616	-0.125	-0.1566	0.523598775598	0.5306	0	
20200423_223629.539767	0.649519052838	0.616	-0.125	-0.1566	0.523598775598	0.5305	0	
20200423_223629.548037	0.649519052838	0.616	-0.125	-0.1566	0.523598775598	0.5302	0	
20200423_223629.557538	0.649519052838	0.616	-0.125	-0.1566	0.523598775598	0.5304	0	
20200423_223629.564920	0.649519052838	0.616	-0.125	-0.1566	0.523598775598	0.5304	0	
20200423_223629.572575	0.649519052838	0.6161	-0.125	-0.1566	0.523598775598	0.5306	0	
20200423_223629.581034	0.649519052838	0.6161	-0.125	-0.1566	0.523598775598	0.531	0	
20200423_223629.589497	0.649519052838	0.6161	-0.125	-0.1567	0.523598775598	0.5312	0	
20200423_223629.597536	0.649519052838	0.6161	-0.125	-0.1567	0.523598775598	0.5315	0	
20200423_223629.605836	0.649519052838	0.6161	-0.125	-0.1566	0.523598775598	0.5309	0	
20200423_223629.615235	0.649519052838	0.616	-0.125	-0.1566	0.523598775598	0.5307	0	
20200423_223629.622756	0.649519052838	0.616	-0.125	-0.1566	0.523598775598	0.5305	0	
20200423_223629.631127	0.649519052838	0.616	-0.125	-0.1566	0.523598775598	0.5306	0	
20200423_223629.639518	0.649519052838	0.616	-0.125	-0.1566	0.523598775598	0.5305	0	
20200423_223629.648240	0.649519052838	0.616	-0.125	-0.1566	0.523598775598	0.5305	0	
20200423_223629.656356	0.649519052838	0.616	-0.125	-0.1566	0.523598775598	0.5309	0	
20200423_223629.665097	0.649519052838	0.6161	-0.125	-0.1568	0.523598775598	0.5282	0	
20200423_223629.673209	0.649519052838	0.6161	-0.125	-0.1568	0.523598775598	0.528	0	
20200423_223629.681529	0.649519052838	0.6161	-0.125	-0.1568	0.523598775598	0.5281	0	
20200423_223629.690292	0.649519052838	0.616	-0.125	-0.1567	0.523598775598	0.5307	0	
20200423_223629.698062	0.649519052838	0.6161	-0.125	-0.1567	0.523598775598	0.5284	0	
20200423_223629.706834	0.649519052838	0.6161	-0.125	-0.1566	0.523598775598	0.5286	0	
20200423_223629.715701	0.649519052838	0.6161	-0.125	-0.1566	0.523598775598	0.5284	0	
20200423_223629.723119	0.649519052838	0.616	-0.125	-0.1566	0.523598775598	0.5305	0	
20200423_223629.731447	0.649519052838	0.6161	-0.125	-0.1566	0.523598775598	0.5307	0	
20200423_223629.739868	0.649519052838	0.6159	-0.125	-0.1566	0.523598775598	0.53	0	
20200423_223629.748996	0.649519052838	0.6161	-0.125	-0.1567	0.523598775598	0.5308	0	
20200423_223629.756912	0.649519052838	0.6161	-0.125	-0.1567	0.523598775598	0.5315	0	
20200423_223629.764824	0.649519052838	0.6161	-0.125	-0.1566	0.523598775598	0.5311	0	
20200423_223629.773501	0.649519052838	0.6161	-0.125	-0.1566	0.523598775598	0.5309	0	
20200423_223629.782275	0.649519052838	0.616	-0.125	-0.1566	0.523598775598	0.5301	0	
20200423_223629.790115	0.649519052838	0.6159	-0.125	-0.1566	0.523598775598	0.5297	0	
20200423_223629.797840	0.649519052838	0.616	-0.125	-0.1566	0.523598775598	0.531	0	
20200423_223629.806716	0.649519052838	0.6159	-0.125	-0.1566	0.523598775598	0.5303	0	
20200423_223629.818199	0.649519052838	0.6159	-0.125	-0.1566	0.523598775598	0.5304	0	
20200423_223629.823770	0.649519052838	0.6161	-0.125	-0.1566	0.523598775598	0.5309	0	
20200423_223629.831419	0.649519052838	0.6159	-0.125	-0.1566	0.523598775598	0.5306	0	
20200423_223629.839365	0.649519052838	0.6161	-0.125	-0.1566	0.523598775598	0.5305	0	
20200423_223629.848945	0.649519052838	0.6161	-0.125	-0.1566	0.523598775598	0.5305	0	
20200423_223629.856339	0.649519052838	0.6161	-0.125	-0.1566	0.523598775598	0.5302	0	
20200423_223629.864944	0.649519052838	0.616	-0.125	-0.1566	0.523598775598	0.5286	0	
20200423_223629.872903	0.649519052838	0.6159	-0.125	-0.1566	0.523598775598	0.5277	0	
20200423_223629.881608	0.649519052838	0.6159	-0.125	-0.1567	0.523598775598	0.5276	0	
20200423_223629.890179	0.649519052838	0.6159	-0.125	-0.1566	0.523598775598	0.5305	0	
20200423_223629.897878	0.649519052838	0.6161	-0.125	-0.1568	0.523598775598	0.5281	0	
20200423_223629.906233	0.649519052838	0.616	-0.125	-0.1567	0.523598775598	0.5272	0	
20200423_223629.915372	0.649519052838	0.6161	-0.125	-0.1567	0.523598775598	0.5281	0	
20200423_223629.923184	0.649519052838	0.6161	-0.125	-0.1566	0.523598775598	0.5303	0	
20200423_223629.931564	0.649519052838	0.6159	-0.125	-0.1566	0.523598775598	0.5296	0	
20200423_223629.940106	0.649519052838	0.616	-0.125	-0.1566	0.523598775598	0.5301	0	
20200423_223629.948883	0.649519052838	0.616	-0.125	-0.1566	0.523598775598	0.5305	0	
20200423_223629.956609	0.649519052838	0.616	-0.125	-0.1566	0.523598775598	0.5306	0	
20200423_223629.964899	0.649519052838	0.6161	-0.125	-0.1566	0.523598775598	0.5305	0	
20200423_223629.973365	0.649519052838	0.6161	-0.125	-0.1566	0.523598775598	0.531	0	
20200423_223629.981359	0.649519052838	0.6161	-0.125	-0.1566	0.523598775598	0.531	0	
20200423_223629.989671	0.649519052838	0.6161	-0.125	-0.1566	0.523598775598	0.5312	0	
20200423_223629.998695	0.649519052838	0.616	-0.125	-0.1566	0.523598775598	0.5308	0	
20200423_223630.006370	0.649519052838	0.616	-0.125	-0.1566	0.523598775598	0.5305	0	
20200423_223630.015471	0.649519052838	0.616	-0.125	-0.1566	0.523598775598	0.5307	0	
20200423_223630.023728	0.649519052838	0.616	-0.125	-0.1566	0.523598775598	0.5299	0	
20200423_223630.031723	0.649519052838	0.616	-0.125	-0.1566	0.523598775598	0.5303	0	
20200423_223630.040149	0.649519052838	0.6161	-0.125	-0.1566	0.523598775598	0.5305	0	
20200423_223630.048231	0.649519052838	0.616	-0.125	-0.1566	0.523598775598	0.5313	0	
20200423_223630.056877	0.649519052838	0.6161	-0.125	-0.1566	0.523598775598	0.5311	0	
20200423_223630.065089	0.649519052838	0.6162	-0.125	-0.1567	0.523598775598	0.5283	0	
20200423_223630.073339	0.649519052838	0.6161	-0.125	-0.1567	0.523598775598	0.5281	0	
20200423_223630.082121	0.649519052838	0.6161	-0.125	-0.1567	0.523598775598	0.5284	0	
20200423_223630.089918	0.649519052838	0.616	-0.125	-0.1566	0.523598775598	0.5304	0	
20200423_223630.098195	0.649519052838	0.616	-0.125	-0.1567	0.523598775598	0.5284	0	
20200423_223630.106103	0.649519052838	0.616	-0.125	-0.1567	0.523598775598	0.5285	0	
20200423_223630.114884	0.649519052838	0.616	-0.125	-0.1567	0.523598775598	0.5284	0	
20200423_223630.123529	0.649519052838	0.616	-0.125	-0.1567	0.523598775598	0.5311	0	
20200423_223630.131565	0.649519052838	0.616	-0.125	-0.1567	0.523598775598	0.5317	0	
20200423_223630.139854	0.649519052838	0.616	-0.125	-0.1567	0.523598775598	0.5318	0	
20200423_223630.152130	0.649519052838	0.6159	-0.125	-0.1567	0.523598775598	0.53	0	
20200423_223630.156175	0.649519052838	0.616	-0.125	-0.1566	0.523598775598	0.5303	0	
20200423_223630.164749	0.649519052838	0.616	-0.125	-0.1566	0.523598775598	0.5307	0	
20200423_223630.172999	0.649519052838	0.616	-0.125	-0.1566	0.523598775598	0.5302	0	
20200423_223630.181663	0.649519052838	0.616	-0.125	-0.1566	0.523598775598	0.5305	0	
20200423_223630.190405	0.649519052838	0.616	-0.125	-0.1567	0.523598775598	0.5307	0	
20200423_223630.198201	0.649519052838	0.616	-0.125	-0.1567	0.523598775598	0.5311	0	
20200423_223630.206428	0.649519052838	0.6161	-0.125	-0.1567	0.523598775598	0.5312	0	
20200423_223630.215479	0.649519052838	0.6159	-0.125	-0.1567	0.523598775598	0.5306	0	
20200423_223630.223296	0.649519052838	0.6161	-0.125	-0.1566	0.523598775598	0.5308	0	
20200423_223630.231254	0.649519052838	0.616	-0.125	-0.1566	0.523598775598	0.5294	0	
20200423_223630.240301	0.649519052838	0.6161	-0.125	-0.1566	0.523598775598	0.5296	0	
20200423_223630.248477	0.649519052838	0.616	-0.125	-0.1566	0.523598775598	0.5299	0	
20200423_223630.256880	0.649519052838	0.616	-0.125	-0.1567	0.523598775598	0.5302	0	
20200423_223630.265116	0.649519052838	0.616	-0.125	-0.1567	0.523598775598	0.5291	0	
20200423_223630.272678	0.649519052838	0.6159	-0.125	-0.1567	0.523598775598	0.5276	0	
20200423_223630.281536	0.649519052838	0.616	-0.125	-0.1568	0.523598775598	0.5275	0	
20200423_223630.290123	0.649519052838	0.616	-0.125	-0.1567	0.523598775598	0.5311	0	
20200423_223630.298463	0.649519052838	0.6161	-0.125	-0.1568	0.523598775598	0.5284	0	
20200423_223630.306077	0.649519052838	0.6159	-0.125	-0.1567	0.523598775598	0.5275	0	
20200423_223630.314980	0.649519052838	0.616	-0.125	-0.1567	0.523598775598	0.5287	0	
20200423_223630.323436	0.649519052838	0.616	-0.125	-0.1566	0.523598775598	0.5305	0	
20200423_223630.331622	0.649519052838	0.616	-0.125	-0.1566	0.523598775598	0.5301	0	
20200423_223630.340182	0.649519052838	0.616	-0.125	-0.1566	0.523598775598	0.5302	0	
20200423_223630.348022	0.649519052838	0.616	-0.125	-0.1566	0.523598775598	0.5307	0	
20200423_223630.358086	0.649519052838	0.6161	-0.125	-0.1566	0.523598775598	0.5307	0	
20200423_223630.364589	0.649519052838	0.6161	-0.125	-0.1566	0.523598775598	0.5307	0	
20200423_223630.373363	0.649519052838	0.6161	-0.125	-0.1566	0.523598775598	0.5309	0	
20200423_223630.381598	0.649519052838	0.6161	-0.125	-0.1566	0.523598775598	0.5307	0	
20200423_223630.389908	0.649519052838	0.6161	-0.125	-0.1566	0.523598775598	0.5304	0	
20200423_223630.398072	0.649519052838	0.6161	-0.125	-0.1566	0.523598775598	0.53	0	
20200423_223630.406821	0.649519052838	0.616	-0.125	-0.1566	0.523598775598	0.5301	0	
20200423_223630.415592	0.649519052838	0.616	-0.125	-0.1566	0.523598775598	0.5304	0	
20200423_223630.423459	0.649519052838	0.6161	-0.125	-0.1566	0.523598775598	0.5305	0	
20200423_223630.431715	0.649519052838	0.6161	-0.125	-0.1566	0.523598775598	0.5307	0	
20200423_223630.440084	0.649519052838	0.6159	-0.125	-0.1566	0.523598775598	0.53	0	
20200423_223630.448313	0.649519052838	0.6159	-0.125	-0.1566	0.523598775598	0.53	0	
20200423_223630.456982	0.649519052838	0.6161	-0.125	-0.1566	0.523598775598	0.5309	0	
20200423_223630.464731	0.649519052838	0.6161	-0.125	-0.1566	0.523598775598	0.5292	0	
20200423_223630.472967	0.649519052838	0.6161	-0.125	-0.1566	0.523598775598	0.5285	0	
20200423_223630.481497	0.649519052838	0.6161	-0.125	-0.1566	0.523598775598	0.5286	0	
20200423_223630.489624	0.649519052838	0.6159	-0.125	-0.1566	0.523598775598	0.53	0	
20200423_223630.498374	0.649519052838	0.6159	-0.125	-0.1567	0.523598775598	0.5278	0	
20200423_223630.506489	0.649519052838	0.6159	-0.125	-0.1567	0.523598775598	0.5274	0	
20200423_223630.515665	0.649519052838	0.616	-0.125	-0.1567	0.523598775598	0.5273	0	
20200423_223630.523419	0.649519052838	0.616	-0.125	-0.1566	0.523598775598	0.5308	0	
20200423_223630.532111	0.649519052838	0.616	-0.125	-0.1566	0.523598775598	0.5307	0	
20200423_223630.539617	0.649519052838	0.616	-0.125	-0.1566	0.523598775598	0.5308	0	
20200423_223630.548217	0.649519052838	0.616	-0.125	-0.1566	0.523598775598	0.5305	0	
20200423_223630.558338	0.649519052838	0.616	-0.125	-0.1566	0.523598775598	0.5305	0	
20200423_223630.565131	0.649519052838	0.616	-0.125	-0.1566	0.523598775598	0.5304	0	
20200423_223630.572561	0.649519052838	0.616	-0.125	-0.1566	0.523598775598	0.5304	0	
20200423_223630.581880	0.649519052838	0.616	-0.125	-0.1566	0.523598775598	0.5305	0	
20200423_223630.589620	0.649519052838	0.6161	-0.125	-0.1566	0.523598775598	0.5306	0	
20200423_223630.597604	0.649519052838	0.6159	-0.125	-0.1566	0.523598775598	0.5296	0	
20200423_223630.605907	0.649519052838	0.6161	-0.125	-0.1567	0.523598775598	0.5305	0	
20200423_223630.614310	0.649519052838	0.6159	-0.125	-0.1566	0.523598775598	0.5297	0	
20200423_223630.623592	0.649519052838	0.6159	-0.125	-0.1566	0.523598775598	0.5298	0	
20200423_223630.630950	0.649519052838	0.6159	-0.125	-0.1566	0.523598775598	0.5297	0	
20200423_223630.639834	0.649519052838	0.6159	-0.125	-0.1566	0.523598775598	0.5299	0	
20200423_223630.648801	0.649519052838	0.616	-0.125	-0.1567	0.523598775598	0.5305	0	
20200423_223630.656098	0.649519052838	0.6159	-0.125	-0.1567	0.523598775598	0.5295	0	
20200423_223630.664990	0.649519052838	0.6159	-0.125	-0.1567	0.523598775598	0.5282	0	
20200423_223630.673272	0.649519052838	0.6161	-0.125	-0.1568	0.523598775598	0.5282	0	
20200423_223630.682386	0.649519052838	0.6161	-0.125	-0.1568	0.523598775598	0.5283	0	
20200423_223630.689871	0.649519052838	0.6159	-0.125	-0.1567	0.523598775598	0.5293	0	
20200423_223630.698175	0.649519052838	0.616	-0.125	-0.1567	0.523598775598	0.529	0	
20200423_223630.706585	0.649519052838	0.6159	-0.125	-0.1567	0.523598775598	0.5274	0	
20200423_223630.715190	0.649519052838	0.616	-0.125	-0.1567	0.523598775598	0.5284	0	
20200423_223630.722653	0.649519052838	0.6158	-0.125	-0.1566	0.523598775598	0.5301	0	
20200423_223630.731407	0.649519052838	0.6159	-0.125	-0.1566	0.523598775598	0.5302	0	
20200423_223630.739557	0.649519052838	0.6159	-0.125	-0.1566	0.523598775598	0.5304	0	
20200423_223630.748465	0.649519052838	0.616	-0.125	-0.1566	0.523598775598	0.531	0	
20200423_223630.756228	0.649519052838	0.616	-0.125	-0.1567	0.523598775598	0.5308	0	
20200423_223630.764830	0.649519052838	0.616	-0.125	-0.1566	0.523598775598	0.5309	0	
20200423_223630.773002	0.649519052838	0.616	-0.125	-0.1566	0.523598775598	0.5306	0	
20200423_223630.782427	0.649519052838	0.616	-0.125	-0.1566	0.523598775598	0.5309	0	
20200423_223630.790100	0.649519052838	0.616	-0.125	-0.1566	0.523598775598	0.5309	0	
20200423_223630.799237	0.649519052838	0.616	-0.125	-0.1566	0.523598775598	0.5308	0	
20200423_223630.806245	0.649519052838	0.616	-0.125	-0.1566	0.523598775598	0.5312	0	
20200423_223630.815235	0.649519052838	0.616	-0.125	-0.1566	0.523598775598	0.5311	0	
20200423_223630.823506	0.649519052838	0.6159	-0.125	-0.1566	0.523598775598	0.5302	0	
20200423_223630.832103	0.649519052838	0.616	-0.125	-0.1566	0.523598775598	0.5311	0	
20200423_223630.840454	0.649519052838	0.616	-0.125	-0.1566	0.523598775598	0.5308	0	
20200423_223630.849361	0.649519052838	0.616	-0.125	-0.1566	0.523598775598	0.5311	0	
20200423_223630.857353	0.649519052838	0.6159	-0.125	-0.1566	0.523598775598	0.5301	0	
20200423_223630.864447	0.649519052838	0.616	-0.125	-0.1567	0.523598775598	0.5295	0	
20200423_223630.873103	0.649519052838	0.6161	-0.125	-0.1567	0.523598775598	0.5283	0	
20200423_223630.881695	0.649519052838	0.6161	-0.125	-0.1567	0.523598775598	0.5282	0	
20200423_223630.889707	0.649519052838	0.6162	-0.125	-0.1568	0.523598775598	0.5246	0	
20200423_223630.898490	0.649519052838	0.616	-0.125	-0.1567	0.523598775598	0.5291	0	
20200423_223630.906973	0.649519052838	0.6159	-0.125	-0.1567	0.523598775598	0.5275	0	
20200423_223630.915460	0.649519052838	0.6161	-0.125	-0.1567	0.523598775598	0.5285	0	
20200423_223630.923123	0.649519052838	0.6159	-0.125	-0.1566	0.523598775598	0.5302	0	
20200423_223630.931709	0.649519052838	0.616	-0.125	-0.1566	0.523598775598	0.5306	0	
20200423_223630.939557	0.649519052838	0.616	-0.125	-0.1566	0.523598775598	0.5304	0	
20200423_223630.949591	0.649519052838	0.616	-0.125	-0.1566	0.523598775598	0.5307	0	
20200423_223630.956607	0.649519052838	0.6159	-0.125	-0.1566	0.523598775598	0.5303	0	
20200423_223630.965818	0.649519052838	0.616	-0.125	-0.1566	0.523598775598	0.5309	0	
20200423_223630.973262	0.649519052838	0.616	-0.125	-0.1566	0.523598775598	0.531	0	
20200423_223630.983329	0.649519052838	0.616	-0.125	-0.1566	0.523598775598	0.5306	0	
20200423_223630.989519	0.649519052838	0.616	-0.125	-0.1566	0.523598775598	0.5304	0	
20200423_223630.998429	0.649519052838	0.616	-0.125	-0.1566	0.523598775598	0.5307	0	
20200423_223631.006709	0.649519052838	0.616	-0.125	-0.1566	0.523598775598	0.5309	0	
20200423_223631.015376	0.649519052838	0.616	-0.125	-0.1566	0.523598775598	0.5308	0	
20200423_223631.023342	0.649519052838	0.616	-0.125	-0.1566	0.523598775598	0.5309	0	
20200423_223631.031538	0.649519052838	0.616	-0.125	-0.1566	0.523598775598	0.5306	0	
20200423_223631.039712	0.649519052838	0.616	-0.125	-0.1567	0.523598775598	0.5309	0	
20200423_223631.048696	0.649519052838	0.616	-0.125	-0.1567	0.523598775598	0.5309	0	
20200423_223631.057176	0.649519052838	0.616	-0.125	-0.1566	0.523598775598	0.5308	0	
20200423_223631.064429	0.649519052838	0.6159	-0.125	-0.1566	0.523598775598	0.5299	0	
20200423_223631.072715	0.649519052838	0.616	-0.125	-0.1567	0.523598775598	0.5282	0	
20200423_223631.081844	0.649519052838	0.616	-0.125	-0.1567	0.523598775598	0.5281	0	
20200423_223631.089727	0.649519052838	0.6162	-0.125	-0.1568	0.523598775598	0.5252	0	
20200423_223631.098162	0.649519052838	0.6161	-0.125	-0.1567	0.523598775598	0.5292	0	
20200423_223631.106562	0.649519052838	0.6161	-0.125	-0.1568	0.523598775598	0.5283	0	
20200423_223631.115314	0.649519052838	0.6161	-0.125	-0.1567	0.523598775598	0.5286	0	
20200423_223631.123697	0.649519052838	0.6159	-0.125	-0.1567	0.523598775598	0.5297	0	
20200423_223631.131615	0.649519052838	0.616	-0.125	-0.1566	0.523598775598	0.5304	0	
20200423_223631.139613	0.649519052838	0.616	-0.125	-0.1566	0.523598775598	0.5305	0	
20200423_223631.148713	0.649519052838	0.616	-0.125	-0.1566	0.523598775598	0.5305	0	
20200423_223631.159982	0.649519052838	0.616	-0.125	-0.1566	0.523598775598	0.5303	0	
20200423_223631.164821	0.649519052838	0.616	-0.125	-0.1566	0.523598775598	0.5305	0	
20200423_223631.173135	0.649519052838	0.6161	-0.125	-0.1566	0.523598775598	0.5305	0	
20200423_223631.181526	0.649519052838	0.616	-0.125	-0.1566	0.523598775598	0.5296	0	
20200423_223631.189973	0.649519052838	0.6161	-0.125	-0.1567	0.523598775598	0.5303	0	
20200423_223631.197991	0.649519052838	0.616	-0.125	-0.1566	0.523598775598	0.5304	0	
20200423_223631.206715	0.649519052838	0.616	-0.125	-0.1567	0.523598775598	0.5306	0	
20200423_223631.221368	0.649519052838	0.616	-0.125	-0.1567	0.523598775598	0.5306	0	
20200423_223631.222860	0.649519052838	0.616	-0.125	-0.1567	0.523598775598	0.5303	0	
20200423_223631.231464	0.649519052838	0.616	-0.125	-0.1567	0.523598775598	0.5308	0	
20200423_223631.239667	0.649519052838	0.6159	-0.125	-0.1566	0.523598775598	0.53	0	
20200423_223631.250686	0.649519052838	0.6159	-0.125	-0.1567	0.523598775598	0.5298	0	
20200423_223631.255814	0.649519052838	0.616	-0.125	-0.1567	0.523598775598	0.531	0	
20200423_223631.264233	0.649519052838	0.616	-0.125	-0.1567	0.523598775598	0.5306	0	
20200423_223631.272752	0.649519052838	0.6161	-0.125	-0.1568	0.523598775598	0.5283	0	
20200423_223631.281455	0.649519052838	0.6159	-0.125	-0.1567	0.523598775598	0.5275	0	
20200423_223631.290032	0.649519052838	0.6161	-0.125	-0.1568	0.523598775598	0.5259	0	
20200423_223631.297842	0.649519052838	0.6159	-0.125	-0.1566	0.523598775598	0.5298	0	
20200423_223631.307015	0.649519052838	0.616	-0.125	-0.1567	0.523598775598	0.5284	0	
20200423_223631.315396	0.649519052838	0.6159	-0.125	-0.1567	0.523598775598	0.5275	0	
20200423_223631.323658	0.649519052838	0.6159	-0.125	-0.1566	0.523598775598	0.53	0	
20200423_223631.331647	0.649519052838	0.6159	-0.125	-0.1566	0.523598775598	0.5298	0	
20200423_223631.339313	0.649519052838	0.616	-0.125	-0.1566	0.523598775598	0.531	0	
20200423_223631.347933	0.649519052838	0.616	-0.125	-0.1566	0.523598775598	0.5311	0	
20200423_223631.356628	0.649519052838	0.616	-0.125	-0.1566	0.523598775598	0.5307	0	
20200423_223631.365002	0.649519052838	0.616	-0.125	-0.1566	0.523598775598	0.5307	0	
20200423_223631.373077	0.649519052838	0.616	-0.125	-0.1566	0.523598775598	0.5306	0	
20200423_223631.381638	0.649519052838	0.616	-0.125	-0.1566	0.523598775598	0.5308	0	
20200423_223631.389612	0.649519052838	0.616	-0.125	-0.1566	0.523598775598	0.5305	0	
20200423_223631.397987	0.649519052838	0.616	-0.125	-0.1566	0.523598775598	0.5306	0	
20200423_223631.406983	0.649519052838	0.616	-0.125	-0.1566	0.523598775598	0.5305	0	
20200423_223631.415118	0.649519052838	0.616	-0.125	-0.1567	0.523598775598	0.5306	0	
20200423_223631.422945	0.649519052838	0.616	-0.125	-0.1567	0.523598775598	0.5308	0	
20200423_223631.432679	0.649519052838	0.616	-0.125	-0.1567	0.523598775598	0.5307	0	
20200423_223631.440093	0.649519052838	0.616	-0.125	-0.1567	0.523598775598	0.531	0	
20200423_223631.448229	0.649519052838	0.6161	-0.125	-0.1567	0.523598775598	0.531	0	
20200423_223631.456915	0.649519052838	0.6159	-0.125	-0.1566	0.523598775598	0.5296	0	
20200423_223631.465437	0.649519052838	0.6159	-0.125	-0.1566	0.523598775598	0.5297	0	
20200423_223631.473080	0.649519052838	0.616	-0.125	-0.1567	0.523598775598	0.5283	0	
20200423_223631.481739	0.649519052838	0.6161	-0.125	-0.1568	0.523598775598	0.5286	0	
20200423_223631.489727	0.649519052838	0.6161	-0.125	-0.1568	0.523598775598	0.5265	0	
20200423_223631.498099	0.649519052838	0.6161	-0.125	-0.1567	0.523598775598	0.5305	0	
20200423_223631.506810	0.649519052838	0.6161	-0.125	-0.1568	0.523598775598	0.5283	0	
20200423_223631.515156	0.649519052838	0.6159	-0.125	-0.1567	0.523598775598	0.5276	0	
20200423_223631.523194	0.649519052838	0.6161	-0.125	-0.1568	0.523598775598	0.5247	0	
20200423_223631.531666	0.649519052838	0.616	-0.125	-0.1566	0.523598775598	0.5305	0	
20200423_223631.540287	0.649519052838	0.616	-0.125	-0.1566	0.523598775598	0.5306	0	
20200423_223631.548545	0.649519052838	0.616	-0.125	-0.1566	0.523598775598	0.5305	0	
20200423_223631.556726	0.649519052838	0.616	-0.125	-0.1566	0.523598775598	0.5303	0	
20200423_223631.564455	0.649519052838	0.616	-0.125	-0.1567	0.523598775598	0.5308	0	
20200423_223631.572500	0.649519052838	0.616	-0.125	-0.1567	0.523598775598	0.5308	0	
20200423_223631.581022	0.649519052838	0.616	-0.125	-0.1567	0.523598775598	0.5308	0	
20200423_223631.589221	0.649519052838	0.616	-0.125	-0.1567	0.523598775598	0.5307	0	
20200423_223631.597411	0.649519052838	0.616	-0.125	-0.1566	0.523598775598	0.5307	0	
20200423_223631.605883	0.649519052838	0.616	-0.125	-0.1566	0.523598775598	0.5307	0	
20200423_223631.614194	0.649519052838	0.616	-0.125	-0.1566	0.523598775598	0.5305	0	
20200423_223631.623747	0.649519052838	0.6159	-0.125	-0.1566	0.523598775598	0.5298	0	
20200423_223631.631143	0.649519052838	0.616	-0.125	-0.1566	0.523598775598	0.5303	0	
20200423_223631.639250	0.649519052838	0.6159	-0.125	-0.1566	0.523598775598	0.5301	0	
20200423_223631.647769	0.649519052838	0.6159	-0.125	-0.1567	0.523598775598	0.5298	0	
20200423_223631.656385	0.649519052838	0.6159	-0.125	-0.1567	0.523598775598	0.5301	0	
20200423_223631.664749	0.649519052838	0.6159	-0.125	-0.1567	0.523598775598	0.5301	0	
20200423_223631.673332	0.649519052838	0.6161	-0.125	-0.1568	0.523598775598	0.528	0	
20200423_223631.682003	0.649519052838	0.616	-0.125	-0.1568	0.523598775598	0.5284	0	
20200423_223631.690034	0.649519052838	0.6159	-0.125	-0.1567	0.523598775598	0.5263	0	
20200423_223631.698407	0.649519052838	0.6159	-0.125	-0.1566	0.523598775598	0.5296	0	
20200423_223631.706300	0.649519052838	0.6159	-0.125	-0.1567	0.523598775598	0.5277	0	
20200423_223631.715411	0.649519052838	0.6161	-0.125	-0.1567	0.523598775598	0.5286	0	
20200423_223631.724619	0.649519052838	0.6162	-0.125	-0.1568	0.523598775598	0.5254	0	
20200423_223631.732088	0.649519052838	0.616	-0.125	-0.1566	0.523598775598	0.5309	0	
20200423_223631.739757	0.649519052838	0.616	-0.125	-0.1566	0.523598775598	0.5309	0	
20200423_223631.747895	0.649519052838	0.616	-0.125	-0.1567	0.523598775598	0.531	0	
20200423_223631.756268	0.649519052838	0.616	-0.125	-0.1566	0.523598775598	0.531	0	
20200423_223631.764841	0.649519052838	0.6158	-0.125	-0.1566	0.523598775598	0.53	0	
20200423_223631.772952	0.649519052838	0.616	-0.125	-0.1566	0.523598775598	0.5306	0	
20200423_223631.781772	0.649519052838	0.616	-0.125	-0.1566	0.523598775598	0.5306	0	
20200423_223631.789526	0.649519052838	0.6158	-0.125	-0.1566	0.523598775598	0.5302	0	
20200423_223631.798144	0.649519052838	0.616	-0.125	-0.1566	0.523598775598	0.5309	0	
20200423_223631.806206	0.649519052838	0.6159	-0.125	-0.1566	0.523598775598	0.5299	0	
20200423_223631.814781	0.649519052838	0.6161	-0.125	-0.1566	0.523598775598	0.5307	0	
20200423_223631.823596	0.649519052838	0.616	-0.125	-0.1566	0.523598775598	0.5311	0	
20200423_223631.831760	0.649519052838	0.6159	-0.125	-0.1566	0.523598775598	0.5299	0	
20200423_223631.839693	0.649519052838	0.6159	-0.125	-0.1566	0.523598775598	0.5301	0	
20200423_223631.848761	0.649519052838	0.616	-0.125	-0.1566	0.523598775598	0.5306	0	
20200423_223631.856767	0.649519052838	0.6159	-0.125	-0.1566	0.523598775598	0.5298	0	
20200423_223631.864682	0.649519052838	0.616	-0.125	-0.1566	0.523598775598	0.5304	0	
20200423_223631.873355	0.649519052838	0.6159	-0.125	-0.1567	0.523598775598	0.5277	0	
20200423_223631.883067	0.649519052838	0.6161	-0.125	-0.1568	0.523598775598	0.5286	0	
20200423_223631.889783	0.649519052838	0.6161	-0.125	-0.1568	0.523598775598	0.5277	0	
20200423_223631.897976	0.649519052838	0.616	-0.125	-0.1567	0.523598775598	0.5295	0	
20200423_223631.906462	0.649519052838	0.616	-0.125	-0.1568	0.523598775598	0.5273	0	
20200423_223631.916873	0.649519052838	0.6161	-0.125	-0.1567	0.523598775598	0.5283	0	
20200423_223631.922838	0.649519052838	0.6161	-0.125	-0.1568	0.523598775598	0.526	0	
20200423_223631.931370	0.649519052838	0.616	-0.125	-0.1566	0.523598775598	0.5306	0	
20200423_223631.939549	0.649519052838	0.616	-0.125	-0.1566	0.523598775598	0.5302	0	
20200423_223631.948066	0.649519052838	0.616	-0.125	-0.1566	0.523598775598	0.5303	0	
20200423_223631.956378	0.649519052838	0.616	-0.125	-0.1566	0.523598775598	0.5306	0	
20200423_223631.965286	0.649519052838	0.6159	-0.125	-0.1567	0.523598775598	0.5299	0	
20200423_223631.973383	0.649519052838	0.6159	-0.125	-0.1567	0.523598775598	0.5301	0	
20200423_223631.981393	0.649519052838	0.616	-0.125	-0.1567	0.523598775598	0.5308	0	
20200423_223631.989911	0.649519052838	0.616	-0.125	-0.1567	0.523598775598	0.531	0	
20200423_223631.998469	0.649519052838	0.616	-0.125	-0.1566	0.523598775598	0.531	0	
20200423_223632.006745	0.649519052838	0.6159	-0.125	-0.1566	0.523598775598	0.5299	0	
20200423_223632.015831	0.649519052838	0.616	-0.125	-0.1566	0.523598775598	0.5308	0	
20200423_223632.023199	0.649519052838	0.616	-0.125	-0.1566	0.523598775598	0.5308	0	
20200423_223632.032568	0.649519052838	0.6159	-0.125	-0.1566	0.523598775598	0.5301	0	
20200423_223632.040403	0.649519052838	0.6159	-0.125	-0.1566	0.523598775598	0.5303	0	
20200423_223632.050368	0.649519052838	0.616	-0.125	-0.1567	0.523598775598	0.531	0	
20200423_223632.056637	0.649519052838	0.6159	-0.125	-0.1567	0.523598775598	0.5304	0	
20200423_223632.065421	0.649519052838	0.616	-0.125	-0.1567	0.523598775598	0.531	0	
20200423_223632.073691	0.649519052838	0.6159	-0.125	-0.1567	0.523598775598	0.5277	0	
20200423_223632.081068	0.649519052838	0.6159	-0.125	-0.1567	0.523598775598	0.5277	0	
20200423_223632.089933	0.649519052838	0.6159	-0.125	-0.1567	0.523598775598	0.5277	0	
20200423_223632.098275	0.649519052838	0.6158	-0.125	-0.1566	0.523598775598	0.5296	0	
20200423_223632.106942	0.649519052838	0.6159	-0.125	-0.1567	0.523598775598	0.5275	0	
20200423_223632.115840	0.649519052838	0.6159	-0.125	-0.1567	0.523598775598	0.5276	0	
20200423_223632.124141	0.649519052838	0.616	-0.125	-0.1568	0.523598775598	0.5258	0	
20200423_223632.132125	0.649519052838	0.6159	-0.125	-0.1566	0.523598775598	0.5302	0	
20200423_223632.140442	0.649519052838	0.6159	-0.125	-0.1566	0.523598775598	0.5304	0	
20200423_223632.149219	0.649519052838	0.6159	-0.125	-0.1566	0.523598775598	0.5297	0	
20200423_223632.157002	0.649519052838	0.6159	-0.125	-0.1566	0.523598775598	0.53	0	
20200423_223632.165527	0.649519052838	0.6159	-0.125	-0.1566	0.523598775598	0.5301	0	
20200423_223632.172961	0.649519052838	0.616	-0.125	-0.1566	0.523598775598	0.5308	0	
