Time	X_Setpt	X_FB	Y_Setpt	Y_FB	Theta_Setpt	Theta_FB	Motion Status	
20200423_223611.250823	0.324759526419	-1.1348	-0.3125	-1.1483	0.523598775598	0.87	1	
20200423_223611.352549	0.324759526419	-1.1347	-0.3125	-1.1483	0.523598775598	0.8704	1	
20200423_223611.451706	0.324759526419	-1.1341	-0.3125	-1.1473	0.523598775598	0.8589	1	
20200423_223611.551964	0.324759526419	-1.1298	-0.3125	-1.1414	0.523598775598	0.8237	1	
20200423_223611.652116	0.324759526419	-1.1251	-0.3125	-1.1346	0.523598775598	0.78	1	
20200423_223611.751776	0.324759526419	-1.1188	-0.3125	-1.1262	0.523598775598	0.713	1	
20200423_223611.852223	0.324759526419	-1.1144	-0.3125	-1.12	0.523598775598	0.6371	1	
20200423_223611.951748	0.324759526419	-1.1063	-0.3125	-1.1121	0.523598775598	0.5648	1	
20200423_223612.052654	0.324759526419	-1.1	-0.3125	-1.1065	0.523598775598	0.4913	1	
20200423_223612.151834	0.324759526419	-1.0922	-0.3125	-1.1006	0.523598775598	0.436	1	
20200423_223612.251790	0.324759526419	-1.0861	-0.3125	-1.0973	0.523598775598	0.4162	1	
20200423_223612.351902	0.324759526419	-1.0749	-0.3125	-1.0911	0.523598775598	0.4108	1	
20200423_223612.452141	0.324759526419	-1.0656	-0.3125	-1.0876	0.523598775598	0.4258	1	
20200423_223612.552337	0.324759526419	-1.0569	-0.3125	-1.0849	0.523598775598	0.4679	1	
20200423_223612.652234	0.324759526419	-1.0486	-0.3125	-1.0809	0.523598775598	0.5102	1	
20200423_223612.752499	0.324759526419	-1.0386	-0.3125	-1.0751	0.523598775598	0.5242	1	
20200423_223612.851785	0.324759526419	-1.0324	-0.3125	-1.0717	0.523598775598	0.527	1	
20200423_223612.952330	0.324759526419	-1.0232	-0.3125	-1.0654	0.523598775598	0.521	1	
20200423_223613.051971	0.324759526419	-1.0146	-0.3125	-1.0599	0.523598775598	0.5177	1	
20200423_223613.152342	0.324759526419	-1.0061	-0.3125	-1.0553	0.523598775598	0.5252	1	
20200423_223613.251671	0.324759526419	-0.9974	-0.3125	-1.0503	0.523598775598	0.5255	1	
20200423_223613.351580	0.324759526419	-0.9901	-0.3125	-1.0451	0.523598775598	0.5225	1	
20200423_223613.451885	0.324759526419	-0.981	-0.3125	-1.0393	0.523598775598	0.5182	1	
20200423_223613.552661	0.324759526419	-0.9737	-0.3125	-1.0349	0.523598775598	0.5202	1	
20200423_223613.651973	0.324759526419	-0.9643	-0.3125	-1.0291	0.523598775598	0.5199	1	
20200423_223613.752577	0.324759526419	-0.9557	-0.3125	-1.0239	0.523598775598	0.5202	1	
20200423_223613.852381	0.324759526419	-0.9488	-0.3125	-1.0192	0.523598775598	0.5204	1	
20200423_223613.952762	0.324759526419	-0.9388	-0.3125	-1.0132	0.523598775598	0.5202	1	
20200423_223614.051755	0.324759526419	-0.9333	-0.3125	-1.0103	0.523598775598	0.5243	1	
20200423_223614.152704	0.324759526419	-0.9245	-0.3125	-1.0047	0.523598775598	0.5251	1	
20200423_223614.251887	0.324759526419	-0.9171	-0.3125	-0.9994	0.523598775598	0.5217	1	
20200423_223614.352939	0.324759526419	-0.9084	-0.3125	-0.9935	0.523598775598	0.5237	1	
20200423_223614.451993	0.324759526419	-0.8994	-0.3125	-0.9882	0.523598775598	0.5219	1	
20200423_223614.551642	0.324759526419	-0.8923	-0.3125	-0.9839	0.523598775598	0.5231	1	
20200423_223614.651860	0.324759526419	-0.883	-0.3125	-0.9781	0.523598775598	0.5181	1	
20200423_223614.752247	0.324759526419	-0.876	-0.3125	-0.9738	0.523598775598	0.5217	1	
20200423_223614.852273	0.324759526419	-0.8664	-0.3125	-0.9676	0.523598775598	0.5155	1	
20200423_223614.952357	0.324759526419	-0.8587	-0.3125	-0.963	0.523598775598	0.5099	1	
20200423_223615.053602	0.324759526419	-0.8508	-0.3125	-0.9578	0.523598775598	0.5085	1	
20200423_223615.151972	0.324759526419	-0.8403	-0.3125	-0.9517	0.523598775598	0.5107	1	
20200423_223615.251683	0.324759526419	-0.8348	-0.3125	-0.9487	0.523598775598	0.516	1	
20200423_223615.351863	0.324759526419	-0.8247	-0.3125	-0.9426	0.523598775598	0.5184	1	
20200423_223615.452002	0.324759526419	-0.8176	-0.3125	-0.9379	0.523598775598	0.5159	1	
20200423_223615.552347	0.324759526419	-0.8086	-0.3125	-0.932	0.523598775598	0.514	1	
20200423_223615.651820	0.324759526419	-0.8003	-0.3125	-0.9267	0.523598775598	0.5148	1	
20200423_223615.751922	0.324759526419	-0.7929	-0.3125	-0.9219	0.523598775598	0.5131	1	
20200423_223615.852793	0.324759526419	-0.7842	-0.3125	-0.9166	0.523598775598	0.5111	1	
20200423_223615.952508	0.324759526419	-0.777	-0.3125	-0.9125	0.523598775598	0.5155	1	
20200423_223616.051603	0.324759526419	-0.7674	-0.3125	-0.9062	0.523598775598	0.5086	1	
20200423_223616.152185	0.324759526419	-0.7595	-0.3125	-0.9014	0.523598775598	0.5032	1	
20200423_223616.251394	0.324759526419	-0.7513	-0.3125	-0.8969	0.523598775598	0.5053	1	
20200423_223616.352122	0.324759526419	-0.7412	-0.3125	-0.8915	0.523598775598	0.5148	1	
20200423_223616.452513	0.324759526419	-0.736	-0.3125	-0.8876	0.523598775598	0.5079	1	
20200423_223616.552772	0.324759526419	-0.7271	-0.3125	-0.8826	0.523598775598	0.5085	1	
20200423_223616.651731	0.324759526419	-0.7184	-0.3125	-0.8774	0.523598775598	0.5093	1	
20200423_223616.752861	0.324759526419	-0.7102	-0.3125	-0.8727	0.523598775598	0.5086	1	
20200423_223616.851846	0.324759526419	-0.701	-0.3125	-0.8677	0.523598775598	0.5098	1	
20200423_223616.952722	0.324759526419	-0.6922	-0.3125	-0.8622	0.523598775598	0.5094	1	
20200423_223617.051498	0.324759526419	-0.6839	-0.3125	-0.8571	0.523598775598	0.506	1	
20200423_223617.151805	0.324759526419	-0.6757	-0.3125	-0.853	0.523598775598	0.5065	1	
20200423_223617.251840	0.324759526419	-0.667	-0.3125	-0.8473	0.523598775598	0.4972	1	
20200423_223617.353138	0.324759526419	-0.6575	-0.3125	-0.8417	0.523598775598	0.4968	1	
20200423_223617.452486	0.324759526419	-0.6505	-0.3125	-0.8374	0.523598775598	0.4967	1	
20200423_223617.552633	0.324759526419	-0.6413	-0.3125	-0.8323	0.523598775598	0.4955	1	
20200423_223617.651764	0.324759526419	-0.6326	-0.3125	-0.8273	0.523598775598	0.4955	1	
20200423_223617.752460	0.324759526419	-0.6266	-0.3125	-0.8229	0.523598775598	0.4957	1	
20200423_223617.851687	0.324759526419	-0.6176	-0.3125	-0.8176	0.523598775598	0.496	1	
20200423_223617.952599	0.324759526419	-0.6085	-0.3125	-0.8127	0.523598775598	0.4949	1	
20200423_223618.052628	0.324759526419	-0.6014	-0.3125	-0.8085	0.523598775598	0.4943	1	
20200423_223618.152201	0.324759526419	-0.5918	-0.3125	-0.8029	0.523598775598	0.4932	1	
20200423_223618.252876	0.324759526419	-0.5828	-0.3125	-0.7975	0.523598775598	0.4928	1	
20200423_223618.352449	0.324759526419	-0.5759	-0.3125	-0.7932	0.523598775598	0.4931	1	
20200423_223618.452025	0.324759526419	-0.5665	-0.3125	-0.7879	0.523598775598	0.4938	1	
20200423_223618.551887	0.324759526419	-0.5585	-0.3125	-0.783	0.523598775598	0.4915	1	
20200423_223618.652151	0.324759526419	-0.5502	-0.3125	-0.778	0.523598775598	0.4894	1	
20200423_223618.751662	0.324759526419	-0.5423	-0.3125	-0.7732	0.523598775598	0.4931	1	
20200423_223618.851680	0.324759526419	-0.5341	-0.3125	-0.7689	0.523598775598	0.4869	1	
20200423_223618.952053	0.324759526419	-0.5264	-0.3125	-0.7644	0.523598775598	0.4903	1	
20200423_223619.051617	0.324759526419	-0.5162	-0.3125	-0.7582	0.523598775598	0.4915	1	
20200423_223619.151796	0.324759526419	-0.5071	-0.3125	-0.753	0.523598775598	0.4908	1	
20200423_223619.251880	0.324759526419	-0.4988	-0.3125	-0.7491	0.523598775598	0.4925	1	
20200423_223619.351857	0.324759526419	-0.4892	-0.3125	-0.7432	0.523598775598	0.489	1	
20200423_223619.452301	0.324759526419	-0.4817	-0.3125	-0.7392	0.523598775598	0.491	1	
20200423_223619.551899	0.324759526419	-0.4722	-0.3125	-0.7334	0.523598775598	0.4917	1	
20200423_223619.652470	0.324759526419	-0.4636	-0.3125	-0.7277	0.523598775598	0.488	1	
20200423_223619.751803	0.324759526419	-0.4556	-0.3125	-0.7238	0.523598775598	0.4899	1	
20200423_223619.852071	0.324759526419	-0.4466	-0.3125	-0.7182	0.523598775598	0.485	1	
20200423_223619.952360	0.324759526419	-0.4379	-0.3125	-0.7128	0.523598775598	0.4828	1	
20200423_223620.051859	0.324759526419	-0.4292	-0.3125	-0.7079	0.523598775598	0.4884	1	
20200423_223620.151899	0.324759526419	-0.4208	-0.3125	-0.7031	0.523598775598	0.4858	1	
20200423_223620.253274	0.324759526419	-0.4118	-0.3125	-0.6984	0.523598775598	0.4795	1	
20200423_223620.351661	0.324759526419	-0.4028	-0.3125	-0.6933	0.523598775598	0.4837	1	
20200423_223620.452826	0.324759526419	-0.395	-0.3125	-0.6888	0.523598775598	0.4834	1	
20200423_223620.552091	0.324759526419	-0.3859	-0.3125	-0.6836	0.523598775598	0.4817	1	
20200423_223620.651883	0.324759526419	-0.3779	-0.3125	-0.68	0.523598775598	0.4811	1	
20200423_223620.751850	0.324759526419	-0.3704	-0.3125	-0.6756	0.523598775598	0.4804	1	
20200423_223620.852430	0.324759526419	-0.3601	-0.3125	-0.67	0.523598775598	0.485	1	
20200423_223620.951755	0.324759526419	-0.3546	-0.3125	-0.6675	0.523598775598	0.4817	1	
20200423_223621.051726	0.324759526419	-0.345	-0.3125	-0.6629	0.523598775598	0.4822	1	
20200423_223621.152205	0.324759526419	-0.3369	-0.3125	-0.6583	0.523598775598	0.4839	1	
20200423_223621.251655	0.324759526419	-0.3291	-0.3125	-0.6532	0.523598775598	0.4773	1	
20200423_223621.351987	0.324759526419	-0.3191	-0.3125	-0.6482	0.523598775598	0.4745	1	
20200423_223621.452599	0.324759526419	-0.3117	-0.3125	-0.6442	0.523598775598	0.4777	1	
20200423_223621.551660	0.324759526419	-0.3026	-0.3125	-0.64	0.523598775598	0.4751	1	
20200423_223621.652206	0.324759526419	-0.2945	-0.3125	-0.6353	0.523598775598	0.4734	1	
20200423_223621.751703	0.324759526419	-0.286	-0.3125	-0.6304	0.523598775598	0.4709	1	
20200423_223621.852639	0.324759526419	-0.2774	-0.3125	-0.6255	0.523598775598	0.4655	1	
20200423_223621.952390	0.324759526419	-0.2699	-0.3125	-0.6212	0.523598775598	0.4701	1	
20200423_223622.051860	0.324759526419	-0.2603	-0.3125	-0.6161	0.523598775598	0.4697	1	
20200423_223622.151917	0.324759526419	-0.2535	-0.3125	-0.612	0.523598775598	0.4733	1	
20200423_223622.251831	0.324759526419	-0.2457	-0.3125	-0.6068	0.523598775598	0.4588	1	
20200423_223622.352143	0.324759526419	-0.2355	-0.3125	-0.6025	0.523598775598	0.4709	1	
20200423_223622.453082	0.324759526419	-0.2274	-0.3125	-0.5974	0.523598775598	0.4674	1	
20200423_223622.551966	0.324759526419	-0.2191	-0.3125	-0.5934	0.523598775598	0.4696	1	
20200423_223622.652097	0.324759526419	-0.2093	-0.3125	-0.5873	0.523598775598	0.4665	1	
20200423_223622.752179	0.324759526419	-0.2022	-0.3125	-0.5839	0.523598775598	0.4683	1	
20200423_223622.852845	0.324759526419	-0.1933	-0.3125	-0.5788	0.523598775598	0.4776	1	
20200423_223622.952621	0.324759526419	-0.1852	-0.3125	-0.5744	0.523598775598	0.4732	1	
20200423_223623.051604	0.324759526419	-0.177	-0.3125	-0.5701	0.523598775598	0.4774	1	
20200423_223623.152539	0.324759526419	-0.1684	-0.3125	-0.565	0.523598775598	0.4776	1	
20200423_223623.251818	0.324759526419	-0.1595	-0.3125	-0.5599	0.523598775598	0.47	1	
20200423_223623.351702	0.324759526419	-0.1516	-0.3125	-0.5558	0.523598775598	0.4733	1	
20200423_223623.453260	0.324759526419	-0.1429	-0.3125	-0.5505	0.523598775598	0.4755	1	
20200423_223623.552469	0.324759526419	-0.1325	-0.3125	-0.546	0.523598775598	0.4775	1	
20200423_223623.652048	0.324759526419	-0.1235	-0.3125	-0.5404	0.523598775598	0.473	1	
20200423_223623.752562	0.324759526419	-0.1154	-0.3125	-0.5361	0.523598775598	0.4703	1	
20200423_223623.852531	0.324759526419	-0.1069	-0.3125	-0.5313	0.523598775598	0.4678	1	
20200423_223623.952153	0.324759526419	-0.0987	-0.3125	-0.5265	0.523598775598	0.4696	1	
20200423_223624.052230	0.324759526419	-0.0892	-0.3125	-0.5222	0.523598775598	0.4746	1	
20200423_223624.151389	0.324759526419	-0.0791	-0.3125	-0.5166	0.523598775598	0.4729	1	
20200423_223624.253606	0.324759526419	-0.0731	-0.3125	-0.5132	0.523598775598	0.4687	1	
20200423_223624.352893	0.324759526419	-0.0639	-0.3125	-0.5083	0.523598775598	0.4717	1	
20200423_223624.452787	0.324759526419	-0.0551	-0.3125	-0.5031	0.523598775598	0.4695	1	
20200423_223624.552584	0.324759526419	-0.0459	-0.3125	-0.4991	0.523598775598	0.4659	1	
20200423_223624.652162	0.324759526419	-0.0373	-0.3125	-0.494	0.523598775598	0.4676	1	
20200423_223624.752268	0.324759526419	-0.0291	-0.3125	-0.4888	0.523598775598	0.4633	1	
20200423_223624.852315	0.324759526419	-0.0207	-0.3125	-0.4842	0.523598775598	0.4604	1	
20200423_223624.952831	0.324759526419	-0.0123	-0.3125	-0.4797	0.523598775598	0.461	1	
20200423_223625.052625	0.324759526419	-0.0039	-0.3125	-0.4753	0.523598775598	0.4619	1	
20200423_223625.151557	0.324759526419	0.0045	-0.3125	-0.4702	0.523598775598	0.465	1	
20200423_223625.251503	0.324759526419	0.014	-0.3125	-0.4658	0.523598775598	0.4644	1	
20200423_223625.351603	0.324759526419	0.023	-0.3125	-0.4605	0.523598775598	0.4645	1	
20200423_223625.451505	0.324759526419	0.0308	-0.3125	-0.4573	0.523598775598	0.4637	1	
20200423_223625.551633	0.324759526419	0.0407	-0.3125	-0.4516	0.523598775598	0.4625	1	
20200423_223625.651546	0.324759526419	0.0489	-0.3125	-0.4469	0.523598775598	0.4543	1	
20200423_223625.751495	0.324759526419	0.0553	-0.3125	-0.4436	0.523598775598	0.453	1	
20200423_223625.851553	0.324759526419	0.0653	-0.3125	-0.4381	0.523598775598	0.4494	1	
20200423_223625.951550	0.324759526419	0.0728	-0.3125	-0.4345	0.523598775598	0.4492	1	
20200423_223626.051575	0.324759526419	0.0822	-0.3125	-0.4292	0.523598775598	0.4527	1	
20200423_223626.151660	0.324759526419	0.0904	-0.3125	-0.4245	0.523598775598	0.4488	1	
20200423_223626.251601	0.324759526419	0.098	-0.3125	-0.4198	0.523598775598	0.4492	1	
20200423_223626.351578	0.324759526419	0.1073	-0.3125	-0.4153	0.523598775598	0.45	1	
20200423_223626.451576	0.324759526419	0.1148	-0.3125	-0.4112	0.523598775598	0.4453	1	
20200423_223626.552038	0.324759526419	0.125	-0.3125	-0.4063	0.523598775598	0.4458	1	
20200423_223626.651562	0.324759526419	0.1319	-0.3125	-0.4025	0.523598775598	0.4482	1	
20200423_223626.751566	0.324759526419	0.1433	-0.3125	-0.3972	0.523598775598	0.4505	1	
20200423_223626.851549	0.324759526419	0.15	-0.3125	-0.3935	0.523598775598	0.4491	1	
20200423_223626.951533	0.324759526419	0.1594	-0.3125	-0.3882	0.523598775598	0.4486	1	
20200423_223627.051457	0.324759526419	0.1685	-0.3125	-0.3841	0.523598775598	0.4436	1	
20200423_223627.151552	0.324759526419	0.1757	-0.3125	-0.3804	0.523598775598	0.4478	1	
20200423_223627.251619	0.324759526419	0.1868	-0.3125	-0.3745	0.523598775598	0.4409	1	
20200423_223627.351586	0.324759526419	0.193	-0.3125	-0.3713	0.523598775598	0.444	1	
20200423_223627.451469	0.324759526419	0.2032	-0.3125	-0.3661	0.523598775598	0.4426	1	
20200423_223627.551542	0.324759526419	0.21	-0.3125	-0.3623	0.523598775598	0.4386	1	
20200423_223627.651530	0.324759526419	0.2203	-0.3125	-0.3571	0.523598775598	0.4322	1	
20200423_223627.751498	0.324759526419	0.2301	-0.3125	-0.3524	0.523598775598	0.4367	1	
20200423_223627.851412	0.324759526419	0.2367	-0.3125	-0.3489	0.523598775598	0.4328	1	
20200423_223627.951517	0.324759526419	0.2474	-0.3125	-0.3436	0.523598775598	0.4324	1	
20200423_223628.051468	0.324759526419	0.2541	-0.3125	-0.3401	0.523598775598	0.4336	1	
20200423_223628.151518	0.324759526419	0.2639	-0.3125	-0.3354	0.523598775598	0.4335	1	
20200423_223628.251588	0.324759526419	0.272	-0.3125	-0.331	0.523598775598	0.4361	1	
20200423_223628.351555	0.324759526419	0.2802	-0.3125	-0.3266	0.523598775598	0.4287	1	
20200423_223628.451525	0.324759526419	0.2886	-0.3125	-0.3218	0.523598775598	0.3958	1	
20200423_223628.551939	0.324759526419	0.2906	-0.3125	-0.3213	0.523598775598	0.4034	1	
20200423_223628.651519	0.324759526419	0.2916	-0.3125	-0.321	0.523598775598	0.4349	1	
20200423_223628.751519	0.324759526419	0.2931	-0.3125	-0.3217	0.523598775598	0.4914	1	
20200423_223628.851535	0.324759526419	0.2939	-0.3125	-0.3221	0.523598775598	0.5301	0	
20200423_223628.851726	0.324759526419	0.294	-0.3125	-0.3222	0.523598775598	0.5353	0	
20200423_223628.857030	0.324759526419	0.294	-0.3125	-0.3223	0.523598775598	0.5369	0	
20200423_223628.864679	0.324759526419	0.2939	-0.3125	-0.3224	0.523598775598	0.5383	0	
20200423_223628.872717	0.324759526419	0.2939	-0.3125	-0.3225	0.523598775598	0.5404	0	
20200423_223628.881372	0.324759526419	0.2939	-0.3125	-0.3225	0.523598775598	0.5422	0	
20200423_223628.889866	0.324759526419	0.2939	-0.3125	-0.3225	0.523598775598	0.5416	0	
20200423_223628.898287	0.324759526419	0.2938	-0.3125	-0.3226	0.523598775598	0.5444	0	
20200423_223628.906024	0.324759526419	0.2938	-0.3125	-0.3226	0.523598775598	0.5447	0	
20200423_223628.915707	0.324759526419	0.2938	-0.3125	-0.3226	0.523598775598	0.5465	0	
20200423_223628.923304	0.324759526419	0.2938	-0.3125	-0.3227	0.523598775598	0.5463	0	
20200423_223628.931381	0.324759526419	0.2939	-0.3125	-0.3227	0.523598775598	0.5476	0	
20200423_223628.939504	0.324759526419	0.2939	-0.3125	-0.3228	0.523598775598	0.547	0	
20200423_223628.948341	0.324759526419	0.2939	-0.3125	-0.3228	0.523598775598	0.5483	0	
20200423_223628.956648	0.324759526419	0.2939	-0.3125	-0.3227	0.523598775598	0.549	0	
20200423_223628.964545	0.324759526419	0.2939	-0.3125	-0.3227	0.523598775598	0.549	0	
20200423_223628.972702	0.324759526419	0.2939	-0.3125	-0.3226	0.523598775598	0.5487	0	
20200423_223628.981167	0.324759526419	0.2938	-0.3125	-0.3226	0.523598775598	0.5485	0	
20200423_223628.989488	0.324759526419	0.2938	-0.3125	-0.3226	0.523598775598	0.5486	0	
20200423_223628.998107	0.324759526419	0.2939	-0.3125	-0.3227	0.523598775598	0.5482	0	
20200423_223629.007467	0.324759526419	0.2938	-0.3125	-0.3228	0.523598775598	0.5475	0	
20200423_223629.014901	0.324759526419	0.2939	-0.3125	-0.3227	0.523598775598	0.5483	0	
20200423_223629.023146	0.324759526419	0.2939	-0.3125	-0.3229	0.523598775598	0.5474	0	
20200423_223629.032729	0.324759526419	0.2939	-0.3125	-0.3228	0.523598775598	0.5485	0	
20200423_223629.040981	0.324759526419	0.2939	-0.3125	-0.3227	0.523598775598	0.5493	0	
20200423_223629.048298	0.324759526419	0.2939	-0.3125	-0.3227	0.523598775598	0.5493	0	
20200423_223629.056557	0.324759526419	0.2938	-0.3125	-0.3228	0.523598775598	0.5476	0	
20200423_223629.064321	0.324759526419	0.2938	-0.3125	-0.3228	0.523598775598	0.5473	0	
20200423_223629.073205	0.324759526419	0.2938	-0.3125	-0.3228	0.523598775598	0.5475	0	
20200423_223629.081481	0.324759526419	0.2938	-0.3125	-0.3228	0.523598775598	0.5475	0	
20200423_223629.089591	0.324759526419	0.2938	-0.3125	-0.3228	0.523598775598	0.5478	0	
20200423_223629.098022	0.324759526419	0.2938	-0.3125	-0.3228	0.523598775598	0.5489	0	
20200423_223629.105841	0.324759526419	0.2939	-0.3125	-0.3228	0.523598775598	0.5486	0	
20200423_223629.114686	0.324759526419	0.2938	-0.3125	-0.3228	0.523598775598	0.5479	0	
20200423_223629.123304	0.324759526419	0.2938	-0.3125	-0.3228	0.523598775598	0.5483	0	
20200423_223629.131528	0.324759526419	0.2938	-0.3125	-0.3228	0.523598775598	0.5481	0	
20200423_223629.139619	0.324759526419	0.2938	-0.3125	-0.3228	0.523598775598	0.5477	0	
20200423_223629.150510	0.324759526419	0.2938	-0.3125	-0.3228	0.523598775598	0.5475	0	
20200423_223629.156439	0.324759526419	0.2938	-0.3125	-0.3228	0.523598775598	0.5479	0	
20200423_223629.164738	0.324759526419	0.2938	-0.3125	-0.3228	0.523598775598	0.548	0	
20200423_223629.173262	0.324759526419	0.2938	-0.3125	-0.3228	0.523598775598	0.5481	0	
20200423_223629.181619	0.324759526419	0.2938	-0.3125	-0.3229	0.523598775598	0.5482	0	
20200423_223629.189515	0.324759526419	0.2938	-0.3125	-0.3229	0.523598775598	0.5481	0	
20200423_223629.198055	0.324759526419	0.2938	-0.3125	-0.3229	0.523598775598	0.548	0	
20200423_223629.206491	0.324759526419	0.2938	-0.3125	-0.3228	0.523598775598	0.5478	0	
20200423_223629.215199	0.324759526419	0.2938	-0.3125	-0.3228	0.523598775598	0.5476	0	
20200423_223629.223221	0.324759526419	0.2938	-0.3125	-0.3228	0.523598775598	0.5474	0	
20200423_223629.231579	0.324759526419	0.2938	-0.3125	-0.3228	0.523598775598	0.5475	0	
20200423_223629.239312	0.324759526419	0.2938	-0.3125	-0.3228	0.523598775598	0.548	0	
20200423_223629.249037	0.324759526419	0.2938	-0.3125	-0.3228	0.523598775598	0.5483	0	
20200423_223629.256521	0.324759526419	0.2938	-0.3125	-0.3229	0.523598775598	0.5479	0	
20200423_223629.264733	0.324759526419	0.2938	-0.3125	-0.3229	0.523598775598	0.5477	0	
20200423_223629.273374	0.324759526419	0.2938	-0.3125	-0.3229	0.523598775598	0.5478	0	
20200423_223629.282478	0.324759526419	0.2938	-0.3125	-0.3229	0.523598775598	0.5478	0	
20200423_223629.289435	0.324759526419	0.2938	-0.3125	-0.3229	0.523598775598	0.548	0	
20200423_223629.298015	0.324759526419	0.2937	-0.3125	-0.3229	0.523598775598	0.5479	0	
20200423_223629.306525	0.324759526419	0.2937	-0.3125	-0.3229	0.523598775598	0.548	0	
20200423_223629.314870	0.324759526419	0.2938	-0.3125	-0.3228	0.523598775598	0.548	0	
20200423_223629.323330	0.324759526419	0.2938	-0.3125	-0.3228	0.523598775598	0.5483	0	
20200423_223629.331344	0.324759526419	0.2938	-0.3125	-0.3229	0.523598775598	0.5481	0	
20200423_223629.339685	0.324759526419	0.2938	-0.3125	-0.3229	0.523598775598	0.5479	0	
20200423_223629.347962	0.324759526419	0.2938	-0.3125	-0.3229	0.523598775598	0.5478	0	
20200423_223629.356739	0.324759526419	0.2938	-0.3125	-0.3228	0.523598775598	0.5483	0	
20200423_223629.364381	0.324759526419	0.2938	-0.3125	-0.3228	0.523598775598	0.5485	0	
20200423_223629.373494	0.324759526419	0.2938	-0.3125	-0.3228	0.523598775598	0.5486	0	
20200423_223629.381442	0.324759526419	0.2938	-0.3125	-0.3228	0.523598775598	0.5484	0	
20200423_223629.389695	0.324759526419	0.2938	-0.3125	-0.3228	0.523598775598	0.5482	0	
20200423_223629.397954	0.324759526419	0.2938	-0.3125	-0.3228	0.523598775598	0.548	0	
20200423_223629.406198	0.324759526419	0.2938	-0.3125	-0.3228	0.523598775598	0.5481	0	
20200423_223629.415583	0.324759526419	0.2938	-0.3125	-0.3228	0.523598775598	0.548	0	
20200423_223629.423130	0.324759526419	0.2938	-0.3125	-0.3229	0.523598775598	0.5479	0	
20200423_223629.431104	0.324759526419	0.2938	-0.3125	-0.3229	0.523598775598	0.5479	0	
20200423_223629.439460	0.324759526419	0.2938	-0.3125	-0.3228	0.523598775598	0.5483	0	
20200423_223629.448090	0.324759526419	0.2938	-0.3125	-0.3228	0.523598775598	0.5486	0	
20200423_223629.456077	0.324759526419	0.2938	-0.3125	-0.3229	0.523598775598	0.5482	0	
20200423_223629.464891	0.324759526419	0.2938	-0.3125	-0.3229	0.523598775598	0.5477	0	
20200423_223629.473392	0.324759526419	0.2938	-0.3125	-0.3229	0.523598775598	0.5477	0	
20200423_223629.482644	0.324759526419	0.2937	-0.3125	-0.3229	0.523598775598	0.548	0	
20200423_223629.489601	0.324759526419	0.2937	-0.3125	-0.3229	0.523598775598	0.548	0	
20200423_223629.498248	0.324759526419	0.2937	-0.3125	-0.3229	0.523598775598	0.548	0	
20200423_223629.506136	0.324759526419	0.2937	-0.3125	-0.3229	0.523598775598	0.5482	0	
20200423_223629.515090	0.324759526419	0.2938	-0.3125	-0.3229	0.523598775598	0.5483	0	
20200423_223629.523448	0.324759526419	0.2938	-0.3125	-0.3229	0.523598775598	0.5487	0	
20200423_223629.531785	0.324759526419	0.2938	-0.3125	-0.3229	0.523598775598	0.5485	0	
20200423_223629.539508	0.324759526419	0.2938	-0.3125	-0.3229	0.523598775598	0.548	0	
20200423_223629.547902	0.324759526419	0.2937	-0.3125	-0.3229	0.523598775598	0.5479	0	
20200423_223629.557020	0.324759526419	0.2937	-0.3125	-0.3228	0.523598775598	0.5484	0	
20200423_223629.564580	0.324759526419	0.2937	-0.3125	-0.3228	0.523598775598	0.5485	0	
20200423_223629.572507	0.324759526419	0.2937	-0.3125	-0.3228	0.523598775598	0.5487	0	
20200423_223629.580903	0.324759526419	0.2937	-0.3125	-0.3229	0.523598775598	0.5486	0	
20200423_223629.589444	0.324759526419	0.2938	-0.3125	-0.3229	0.523598775598	0.5484	0	
20200423_223629.597434	0.324759526419	0.2938	-0.3125	-0.3229	0.523598775598	0.5485	0	
20200423_223629.605731	0.324759526419	0.2938	-0.3125	-0.3229	0.523598775598	0.5485	0	
20200423_223629.614953	0.324759526419	0.2938	-0.3125	-0.3229	0.523598775598	0.548	0	
20200423_223629.622640	0.324759526419	0.2937	-0.3125	-0.3229	0.523598775598	0.5476	0	
20200423_223629.630885	0.324759526419	0.2937	-0.3125	-0.3228	0.523598775598	0.5477	0	
20200423_223629.639410	0.324759526419	0.2937	-0.3125	-0.3228	0.523598775598	0.5481	0	
20200423_223629.648112	0.324759526419	0.2937	-0.3125	-0.3228	0.523598775598	0.5484	0	
20200423_223629.655997	0.324759526419	0.2937	-0.3125	-0.3229	0.523598775598	0.5481	0	
20200423_223629.664415	0.324759526419	0.2937	-0.3125	-0.323	0.523598775598	0.5479	0	
20200423_223629.672714	0.324759526419	0.2938	-0.3125	-0.323	0.523598775598	0.548	0	
20200423_223629.681352	0.324759526419	0.2937	-0.3125	-0.3229	0.523598775598	0.5483	0	
20200423_223629.689830	0.324759526419	0.2937	-0.3125	-0.3229	0.523598775598	0.5484	0	
20200423_223629.697878	0.324759526419	0.2937	-0.3125	-0.3229	0.523598775598	0.5482	0	
20200423_223629.706480	0.324759526419	0.2937	-0.3125	-0.3228	0.523598775598	0.548	0	
20200423_223629.715324	0.324759526419	0.2937	-0.3125	-0.3228	0.523598775598	0.548	0	
20200423_223629.722803	0.324759526419	0.2937	-0.3125	-0.3228	0.523598775598	0.5483	0	
20200423_223629.731332	0.324759526419	0.2938	-0.3125	-0.3229	0.523598775598	0.5484	0	
20200423_223629.739695	0.324759526419	0.2938	-0.3125	-0.323	0.523598775598	0.5483	0	
20200423_223629.748433	0.324759526419	0.2938	-0.3125	-0.323	0.523598775598	0.5481	0	
20200423_223629.756354	0.324759526419	0.2938	-0.3125	-0.3229	0.523598775598	0.5485	0	
20200423_223629.764646	0.324759526419	0.2938	-0.3125	-0.3229	0.523598775598	0.5488	0	
20200423_223629.772828	0.324759526419	0.2937	-0.3125	-0.3228	0.523598775598	0.5488	0	
20200423_223629.781572	0.324759526419	0.2937	-0.3125	-0.3228	0.523598775598	0.5484	0	
20200423_223629.789815	0.324759526419	0.2937	-0.3125	-0.3228	0.523598775598	0.5482	0	
20200423_223629.798258	0.324759526419	0.2937	-0.3125	-0.3229	0.523598775598	0.5482	0	
20200423_223629.806549	0.324759526419	0.2937	-0.3125	-0.3229	0.523598775598	0.5484	0	
20200423_223629.818390	0.324759526419	0.2938	-0.3125	-0.3229	0.523598775598	0.5484	0	
20200423_223629.823463	0.324759526419	0.2938	-0.3125	-0.3229	0.523598775598	0.5484	0	
20200423_223629.831231	0.324759526419	0.2938	-0.3125	-0.3229	0.523598775598	0.5484	0	
20200423_223629.839597	0.324759526419	0.2938	-0.3125	-0.3229	0.523598775598	0.5486	0	
20200423_223629.848563	0.324759526419	0.2938	-0.3125	-0.3228	0.523598775598	0.5487	0	
20200423_223629.856603	0.324759526419	0.2937	-0.3125	-0.3228	0.523598775598	0.5481	0	
20200423_223629.864787	0.324759526419	0.2937	-0.3125	-0.3229	0.523598775598	0.5477	0	
20200423_223629.872761	0.324759526419	0.2937	-0.3125	-0.3229	0.523598775598	0.5478	0	
20200423_223629.881453	0.324759526419	0.2937	-0.3125	-0.3229	0.523598775598	0.5478	0	
20200423_223629.890017	0.324759526419	0.2937	-0.3125	-0.323	0.523598775598	0.5481	0	
20200423_223629.897740	0.324759526419	0.2937	-0.3125	-0.323	0.523598775598	0.5485	0	
20200423_223629.906342	0.324759526419	0.2937	-0.3125	-0.323	0.523598775598	0.5486	0	
20200423_223629.915016	0.324759526419	0.2938	-0.3125	-0.3229	0.523598775598	0.5485	0	
20200423_223629.923464	0.324759526419	0.2938	-0.3125	-0.3229	0.523598775598	0.5487	0	
20200423_223629.931301	0.324759526419	0.2937	-0.3125	-0.3229	0.523598775598	0.5483	0	
20200423_223629.939641	0.324759526419	0.2937	-0.3125	-0.3229	0.523598775598	0.5479	0	
20200423_223629.948397	0.324759526419	0.2937	-0.3125	-0.3229	0.523598775598	0.5478	0	
20200423_223629.956430	0.324759526419	0.2937	-0.3125	-0.3229	0.523598775598	0.5482	0	
20200423_223629.964624	0.324759526419	0.2937	-0.3125	-0.3229	0.523598775598	0.5485	0	
20200423_223629.973061	0.324759526419	0.2937	-0.3125	-0.3229	0.523598775598	0.5489	0	
20200423_223629.981233	0.324759526419	0.2937	-0.3125	-0.323	0.523598775598	0.5486	0	
20200423_223629.989299	0.324759526419	0.2937	-0.3125	-0.3229	0.523598775598	0.5488	0	
20200423_223629.998379	0.324759526419	0.2937	-0.3125	-0.3229	0.523598775598	0.5484	0	
20200423_223630.006059	0.324759526419	0.2937	-0.3125	-0.3229	0.523598775598	0.5483	0	
20200423_223630.014776	0.324759526419	0.2937	-0.3125	-0.3229	0.523598775598	0.5479	0	
20200423_223630.022943	0.324759526419	0.2937	-0.3125	-0.3229	0.523598775598	0.5476	0	
20200423_223630.031429	0.324759526419	0.2937	-0.3125	-0.3229	0.523598775598	0.5478	0	
20200423_223630.040031	0.324759526419	0.2937	-0.3125	-0.3229	0.523598775598	0.5482	0	
20200423_223630.047918	0.324759526419	0.2938	-0.3125	-0.3229	0.523598775598	0.5488	0	
20200423_223630.057176	0.324759526419	0.2938	-0.3125	-0.3229	0.523598775598	0.549	0	
20200423_223630.064466	0.324759526419	0.2937	-0.3125	-0.323	0.523598775598	0.5482	0	
20200423_223630.072920	0.324759526419	0.2937	-0.3125	-0.323	0.523598775598	0.5479	0	
20200423_223630.081542	0.324759526419	0.2937	-0.3125	-0.3229	0.523598775598	0.5479	0	
20200423_223630.090334	0.324759526419	0.2937	-0.3125	-0.3229	0.523598775598	0.5478	0	
20200423_223630.097795	0.324759526419	0.2937	-0.3125	-0.3229	0.523598775598	0.5479	0	
20200423_223630.105986	0.324759526419	0.2937	-0.3125	-0.3229	0.523598775598	0.5478	0	
20200423_223630.114620	0.324759526419	0.2937	-0.3125	-0.3229	0.523598775598	0.5478	0	
20200423_223630.122855	0.324759526419	0.2937	-0.3125	-0.323	0.523598775598	0.5483	0	
20200423_223630.131187	0.324759526419	0.2937	-0.3125	-0.323	0.523598775598	0.5486	0	
20200423_223630.139227	0.324759526419	0.2938	-0.3125	-0.323	0.523598775598	0.5486	0	
20200423_223630.151620	0.324759526419	0.2938	-0.3125	-0.323	0.523598775598	0.5481	0	
20200423_223630.156416	0.324759526419	0.2937	-0.3125	-0.3229	0.523598775598	0.5481	0	
20200423_223630.164466	0.324759526419	0.2937	-0.3125	-0.3229	0.523598775598	0.5482	0	
20200423_223630.172682	0.324759526419	0.2937	-0.3125	-0.3228	0.523598775598	0.5484	0	
20200423_223630.181501	0.324759526419	0.2937	-0.3125	-0.3229	0.523598775598	0.5481	0	
20200423_223630.189904	0.324759526419	0.2937	-0.3125	-0.3229	0.523598775598	0.5484	0	
20200423_223630.198790	0.324759526419	0.2937	-0.3125	-0.3229	0.523598775598	0.5484	0	
20200423_223630.206241	0.324759526419	0.2937	-0.3125	-0.323	0.523598775598	0.5486	0	
20200423_223630.215285	0.324759526419	0.2937	-0.3125	-0.323	0.523598775598	0.5486	0	
20200423_223630.223562	0.324759526419	0.2938	-0.3125	-0.323	0.523598775598	0.5485	0	
20200423_223630.231126	0.324759526419	0.2937	-0.3125	-0.3229	0.523598775598	0.5481	0	
20200423_223630.239855	0.324759526419	0.2937	-0.3125	-0.3229	0.523598775598	0.548	0	
20200423_223630.248727	0.324759526419	0.2937	-0.3125	-0.3228	0.523598775598	0.5483	0	
20200423_223630.256429	0.324759526419	0.2937	-0.3125	-0.3229	0.523598775598	0.5485	0	
20200423_223630.264980	0.324759526419	0.2937	-0.3125	-0.3229	0.523598775598	0.548	0	
20200423_223630.272829	0.324759526419	0.2937	-0.3125	-0.323	0.523598775598	0.548	0	
20200423_223630.281376	0.324759526419	0.2937	-0.3125	-0.323	0.523598775598	0.5483	0	
20200423_223630.289967	0.324759526419	0.2937	-0.3125	-0.323	0.523598775598	0.5485	0	
20200423_223630.298162	0.324759526419	0.2937	-0.3125	-0.323	0.523598775598	0.5483	0	
20200423_223630.306350	0.324759526419	0.2937	-0.3125	-0.323	0.523598775598	0.5482	0	
20200423_223630.314634	0.324759526419	0.2937	-0.3125	-0.3229	0.523598775598	0.5479	0	
20200423_223630.323147	0.324759526419	0.2937	-0.3125	-0.3229	0.523598775598	0.5483	0	
20200423_223630.331183	0.324759526419	0.2937	-0.3125	-0.3229	0.523598775598	0.5483	0	
20200423_223630.340369	0.324759526419	0.2937	-0.3125	-0.3229	0.523598775598	0.5482	0	
20200423_223630.347689	0.324759526419	0.2937	-0.3125	-0.3229	0.523598775598	0.5482	0	
20200423_223630.357649	0.324759526419	0.2937	-0.3125	-0.3229	0.523598775598	0.5488	0	
20200423_223630.364435	0.324759526419	0.2937	-0.3125	-0.3229	0.523598775598	0.5491	0	
20200423_223630.372838	0.324759526419	0.2937	-0.3125	-0.3229	0.523598775598	0.5493	0	
20200423_223630.381380	0.324759526419	0.2937	-0.3125	-0.3229	0.523598775598	0.5489	0	
20200423_223630.389691	0.324759526419	0.2937	-0.3125	-0.3229	0.523598775598	0.5486	0	
20200423_223630.397626	0.324759526419	0.2937	-0.3125	-0.3229	0.523598775598	0.5485	0	
20200423_223630.406490	0.324759526419	0.2937	-0.3125	-0.3229	0.523598775598	0.5484	0	
20200423_223630.415278	0.324759526419	0.2937	-0.3125	-0.3229	0.523598775598	0.5482	0	
20200423_223630.422853	0.324759526419	0.2937	-0.3125	-0.3229	0.523598775598	0.5482	0	
20200423_223630.431332	0.324759526419	0.2937	-0.3125	-0.323	0.523598775598	0.5482	0	
20200423_223630.439784	0.324759526419	0.2938	-0.3125	-0.3229	0.523598775598	0.5484	0	
20200423_223630.447887	0.324759526419	0.2937	-0.3125	-0.3228	0.523598775598	0.549	0	
20200423_223630.456551	0.324759526419	0.2937	-0.3125	-0.3229	0.523598775598	0.5489	0	
20200423_223630.464440	0.324759526419	0.2937	-0.3125	-0.3228	0.523598775598	0.5485	0	
20200423_223630.472664	0.324759526419	0.2937	-0.3125	-0.3229	0.523598775598	0.5481	0	
20200423_223630.481332	0.324759526419	0.2937	-0.3125	-0.3229	0.523598775598	0.5483	0	
20200423_223630.489296	0.324759526419	0.2937	-0.3125	-0.3229	0.523598775598	0.5483	0	
20200423_223630.498119	0.324759526419	0.2937	-0.3125	-0.3229	0.523598775598	0.5483	0	
20200423_223630.506197	0.324759526419	0.2937	-0.3125	-0.323	0.523598775598	0.5485	0	
20200423_223630.515509	0.324759526419	0.2937	-0.3125	-0.323	0.523598775598	0.5484	0	
20200423_223630.523237	0.324759526419	0.2937	-0.3125	-0.3229	0.523598775598	0.5487	0	
20200423_223630.531779	0.324759526419	0.2937	-0.3125	-0.3229	0.523598775598	0.5488	0	
20200423_223630.539189	0.324759526419	0.2937	-0.3125	-0.3229	0.523598775598	0.5482	0	
20200423_223630.548003	0.324759526419	0.2937	-0.3125	-0.3229	0.523598775598	0.5477	0	
20200423_223630.557869	0.324759526419	0.2937	-0.3125	-0.3229	0.523598775598	0.5482	0	
20200423_223630.564678	0.324759526419	0.2937	-0.3125	-0.3229	0.523598775598	0.5486	0	
20200423_223630.572505	0.324759526419	0.2937	-0.3125	-0.3229	0.523598775598	0.5487	0	
20200423_223630.581834	0.324759526419	0.2937	-0.3125	-0.3229	0.523598775598	0.5486	0	
20200423_223630.589359	0.324759526419	0.2937	-0.3125	-0.323	0.523598775598	0.5488	0	
20200423_223630.597531	0.324759526419	0.2937	-0.3125	-0.323	0.523598775598	0.5485	0	
20200423_223630.605810	0.324759526419	0.2937	-0.3125	-0.3229	0.523598775598	0.5487	0	
20200423_223630.614198	0.324759526419	0.2937	-0.3125	-0.3229	0.523598775598	0.5485	0	
20200423_223630.623234	0.324759526419	0.2937	-0.3125	-0.3229	0.523598775598	0.5478	0	
20200423_223630.630788	0.324759526419	0.2937	-0.3125	-0.3229	0.523598775598	0.5476	0	
20200423_223630.639644	0.324759526419	0.2937	-0.3125	-0.3229	0.523598775598	0.5481	0	
20200423_223630.648708	0.324759526419	0.2937	-0.3125	-0.3229	0.523598775598	0.5489	0	
20200423_223630.655993	0.324759526419	0.2937	-0.3125	-0.3229	0.523598775598	0.5489	0	
20200423_223630.664706	0.324759526419	0.2937	-0.3125	-0.3229	0.523598775598	0.5488	0	
20200423_223630.672677	0.324759526419	0.2937	-0.3125	-0.323	0.523598775598	0.5482	0	
20200423_223630.682194	0.324759526419	0.2937	-0.3125	-0.323	0.523598775598	0.5485	0	
20200423_223630.689358	0.324759526419	0.2937	-0.3125	-0.323	0.523598775598	0.5484	0	
20200423_223630.697795	0.324759526419	0.2937	-0.3125	-0.323	0.523598775598	0.5481	0	
20200423_223630.706037	0.324759526419	0.2937	-0.3125	-0.323	0.523598775598	0.5481	0	
20200423_223630.715037	0.324759526419	0.2937	-0.3125	-0.323	0.523598775598	0.548	0	
20200423_223630.722509	0.324759526419	0.2937	-0.3125	-0.3229	0.523598775598	0.5485	0	
20200423_223630.731283	0.324759526419	0.2937	-0.3125	-0.323	0.523598775598	0.5485	0	
20200423_223630.739253	0.324759526419	0.2937	-0.3125	-0.323	0.523598775598	0.5481	0	
20200423_223630.748197	0.324759526419	0.2937	-0.3125	-0.323	0.523598775598	0.5482	0	
20200423_223630.756054	0.324759526419	0.2937	-0.3125	-0.323	0.523598775598	0.5483	0	
20200423_223630.764528	0.324759526419	0.2937	-0.3125	-0.3229	0.523598775598	0.5487	0	
20200423_223630.772860	0.324759526419	0.2937	-0.3125	-0.3229	0.523598775598	0.5486	0	
20200423_223630.781946	0.324759526419	0.2937	-0.3125	-0.3229	0.523598775598	0.5485	0	
20200423_223630.789679	0.324759526419	0.2937	-0.3125	-0.3229	0.523598775598	0.5484	0	
20200423_223630.798687	0.324759526419	0.2937	-0.3125	-0.3229	0.523598775598	0.5485	0	
20200423_223630.805935	0.324759526419	0.2937	-0.3125	-0.3229	0.523598775598	0.5484	0	
20200423_223630.814911	0.324759526419	0.2937	-0.3125	-0.3229	0.523598775598	0.5484	0	
20200423_223630.823158	0.324759526419	0.2937	-0.3125	-0.323	0.523598775598	0.548	0	
20200423_223630.831760	0.324759526419	0.2937	-0.3125	-0.323	0.523598775598	0.5479	0	
20200423_223630.840107	0.324759526419	0.2937	-0.3125	-0.3229	0.523598775598	0.5481	0	
20200423_223630.849898	0.324759526419	0.2937	-0.3125	-0.3229	0.523598775598	0.5489	0	
20200423_223630.856696	0.324759526419	0.2937	-0.3125	-0.3229	0.523598775598	0.5489	0	
20200423_223630.864610	0.324759526419	0.2936	-0.3125	-0.3229	0.523598775598	0.5488	0	
20200423_223630.872643	0.324759526419	0.2937	-0.3125	-0.323	0.523598775598	0.5481	0	
20200423_223630.881267	0.324759526419	0.2937	-0.3125	-0.323	0.523598775598	0.5483	0	
20200423_223630.889470	0.324759526419	0.2937	-0.3125	-0.323	0.523598775598	0.5484	0	
20200423_223630.898307	0.324759526419	0.2937	-0.3125	-0.323	0.523598775598	0.5483	0	
20200423_223630.906449	0.324759526419	0.2937	-0.3125	-0.323	0.523598775598	0.5482	0	
20200423_223630.915088	0.324759526419	0.2937	-0.3125	-0.323	0.523598775598	0.5483	0	
20200423_223630.922971	0.324759526419	0.2937	-0.3125	-0.3229	0.523598775598	0.5483	0	
20200423_223630.931505	0.324759526419	0.2937	-0.3125	-0.3229	0.523598775598	0.5486	0	
20200423_223630.939275	0.324759526419	0.2937	-0.3125	-0.3229	0.523598775598	0.5483	0	
20200423_223630.948861	0.324759526419	0.2937	-0.3125	-0.323	0.523598775598	0.5481	0	
20200423_223630.956322	0.324759526419	0.2937	-0.3125	-0.323	0.523598775598	0.5482	0	
20200423_223630.965529	0.324759526419	0.2937	-0.3125	-0.3229	0.523598775598	0.5486	0	
20200423_223630.973095	0.324759526419	0.2937	-0.3125	-0.3229	0.523598775598	0.549	0	
20200423_223630.983153	0.324759526419	0.2937	-0.3125	-0.3229	0.523598775598	0.5487	0	
20200423_223630.989347	0.324759526419	0.2937	-0.3125	-0.3229	0.523598775598	0.5485	0	
20200423_223630.998115	0.324759526419	0.2937	-0.3125	-0.3229	0.523598775598	0.5483	0	
20200423_223631.006414	0.324759526419	0.2937	-0.3125	-0.323	0.523598775598	0.5481	0	
20200423_223631.015204	0.324759526419	0.2937	-0.3125	-0.323	0.523598775598	0.5482	0	
20200423_223631.023178	0.324759526419	0.2937	-0.3125	-0.323	0.523598775598	0.5479	0	
20200423_223631.031338	0.324759526419	0.2937	-0.3125	-0.323	0.523598775598	0.548	0	
20200423_223631.039578	0.324759526419	0.2937	-0.3125	-0.323	0.523598775598	0.5483	0	
20200423_223631.048194	0.324759526419	0.2937	-0.3125	-0.3229	0.523598775598	0.5488	0	
20200423_223631.056331	0.324759526419	0.2937	-0.3125	-0.3229	0.523598775598	0.5489	0	
20200423_223631.064298	0.324759526419	0.2936	-0.3125	-0.3229	0.523598775598	0.5485	0	
20200423_223631.072455	0.324759526419	0.2937	-0.3125	-0.323	0.523598775598	0.548	0	
20200423_223631.081388	0.324759526419	0.2937	-0.3125	-0.323	0.523598775598	0.5483	0	
20200423_223631.089412	0.324759526419	0.2937	-0.3125	-0.323	0.523598775598	0.5486	0	
20200423_223631.097767	0.324759526419	0.2937	-0.3125	-0.323	0.523598775598	0.5487	0	
20200423_223631.106735	0.324759526419	0.2937	-0.3125	-0.323	0.523598775598	0.5488	0	
20200423_223631.114820	0.324759526419	0.2937	-0.3125	-0.323	0.523598775598	0.5482	0	
20200423_223631.123288	0.324759526419	0.2937	-0.3125	-0.3229	0.523598775598	0.5492	0	
20200423_223631.131422	0.324759526419	0.2937	-0.3125	-0.3229	0.523598775598	0.549	0	
20200423_223631.139336	0.324759526419	0.2937	-0.3125	-0.3229	0.523598775598	0.5486	0	
20200423_223631.148373	0.324759526419	0.2937	-0.3125	-0.3229	0.523598775598	0.5484	0	
20200423_223631.159645	0.324759526419	0.2937	-0.3125	-0.3229	0.523598775598	0.5483	0	
20200423_223631.164546	0.324759526419	0.2937	-0.3125	-0.3229	0.523598775598	0.5489	0	
20200423_223631.172836	0.324759526419	0.2937	-0.3125	-0.3229	0.523598775598	0.549	0	
20200423_223631.181627	0.324759526419	0.2937	-0.3125	-0.323	0.523598775598	0.5487	0	
20200423_223631.189738	0.324759526419	0.2937	-0.3125	-0.323	0.523598775598	0.5486	0	
20200423_223631.197658	0.324759526419	0.2936	-0.3125	-0.323	0.523598775598	0.5484	0	
20200423_223631.206415	0.324759526419	0.2937	-0.3125	-0.323	0.523598775598	0.5481	0	
20200423_223631.220856	0.324759526419	0.2937	-0.3125	-0.323	0.523598775598	0.5482	0	
20200423_223631.223384	0.324759526419	0.2937	-0.3125	-0.323	0.523598775598	0.5478	0	
20200423_223631.231319	0.324759526419	0.2937	-0.3125	-0.323	0.523598775598	0.548	0	
20200423_223631.239492	0.324759526419	0.2937	-0.3125	-0.323	0.523598775598	0.5481	0	
20200423_223631.250494	0.324759526419	0.2937	-0.3125	-0.3229	0.523598775598	0.5487	0	
20200423_223631.255961	0.324759526419	0.2937	-0.3125	-0.3229	0.523598775598	0.5489	0	
20200423_223631.264141	0.324759526419	0.2937	-0.3125	-0.323	0.523598775598	0.5485	0	
20200423_223631.272491	0.324759526419	0.2937	-0.3125	-0.3231	0.523598775598	0.5482	0	
20200423_223631.281058	0.324759526419	0.2937	-0.3125	-0.323	0.523598775598	0.5485	0	
20200423_223631.289845	0.324759526419	0.2937	-0.3125	-0.323	0.523598775598	0.5484	0	
20200423_223631.297961	0.324759526419	0.2937	-0.3125	-0.323	0.523598775598	0.5483	0	
20200423_223631.306473	0.324759526419	0.2937	-0.3125	-0.323	0.523598775598	0.5484	0	
20200423_223631.315013	0.324759526419	0.2938	-0.3125	-0.323	0.523598775598	0.5475	0	
20200423_223631.323431	0.324759526419	0.2937	-0.3125	-0.3229	0.523598775598	0.5487	0	
20200423_223631.331178	0.324759526419	0.2937	-0.3125	-0.323	0.523598775598	0.5486	0	
20200423_223631.339486	0.324759526419	0.2937	-0.3125	-0.323	0.523598775598	0.5487	0	
20200423_223631.348055	0.324759526419	0.2937	-0.3125	-0.323	0.523598775598	0.5483	0	
20200423_223631.356451	0.324759526419	0.2937	-0.3125	-0.323	0.523598775598	0.5483	0	
20200423_223631.364493	0.324759526419	0.2937	-0.3125	-0.3229	0.523598775598	0.5486	0	
20200423_223631.372739	0.324759526419	0.2936	-0.3125	-0.3229	0.523598775598	0.5487	0	
20200423_223631.381980	0.324759526419	0.2936	-0.3125	-0.3229	0.523598775598	0.5485	0	
20200423_223631.389278	0.324759526419	0.2936	-0.3125	-0.3229	0.523598775598	0.5484	0	
20200423_223631.397695	0.324759526419	0.2936	-0.3125	-0.3229	0.523598775598	0.548	0	
20200423_223631.406371	0.324759526419	0.2937	-0.3125	-0.323	0.523598775598	0.5484	0	
20200423_223631.414822	0.324759526419	0.2937	-0.3125	-0.323	0.523598775598	0.5484	0	
20200423_223631.422788	0.324759526419	0.2937	-0.3125	-0.323	0.523598775598	0.5481	0	
20200423_223631.432427	0.324759526419	0.2937	-0.3125	-0.323	0.523598775598	0.548	0	
20200423_223631.439846	0.324759526419	0.2937	-0.3125	-0.323	0.523598775598	0.5481	0	
20200423_223631.447964	0.324759526419	0.2937	-0.3125	-0.323	0.523598775598	0.5485	0	
20200423_223631.456570	0.324759526419	0.2937	-0.3125	-0.3229	0.523598775598	0.5487	0	
20200423_223631.464803	0.324759526419	0.2937	-0.3125	-0.323	0.523598775598	0.548	0	
20200423_223631.472920	0.324759526419	0.2937	-0.3125	-0.323	0.523598775598	0.5477	0	
20200423_223631.481887	0.324759526419	0.2937	-0.3125	-0.323	0.523598775598	0.5483	0	
20200423_223631.489890	0.324759526419	0.2937	-0.3125	-0.3231	0.523598775598	0.5484	0	
20200423_223631.497803	0.324759526419	0.2937	-0.3125	-0.3231	0.523598775598	0.5484	0	
20200423_223631.506078	0.324759526419	0.2937	-0.3125	-0.323	0.523598775598	0.5486	0	
20200423_223631.515299	0.324759526419	0.2938	-0.3125	-0.323	0.523598775598	0.5473	0	
20200423_223631.522800	0.324759526419	0.2937	-0.3125	-0.323	0.523598775598	0.5485	0	
20200423_223631.531394	0.324759526419	0.2937	-0.3125	-0.3229	0.523598775598	0.5486	0	
20200423_223631.539795	0.324759526419	0.2937	-0.3125	-0.3229	0.523598775598	0.5484	0	
20200423_223631.548391	0.324759526419	0.2937	-0.3125	-0.323	0.523598775598	0.5481	0	
20200423_223631.556373	0.324759526419	0.2937	-0.3125	-0.323	0.523598775598	0.5481	0	
20200423_223631.564295	0.324759526419	0.2938	-0.3125	-0.323	0.523598775598	0.5498	0	
20200423_223631.572428	0.324759526419	0.2937	-0.3125	-0.323	0.523598775598	0.5489	0	
20200423_223631.580836	0.324759526419	0.2937	-0.3125	-0.323	0.523598775598	0.5488	0	
20200423_223631.589174	0.324759526419	0.2936	-0.3125	-0.323	0.523598775598	0.5486	0	
20200423_223631.597314	0.324759526419	0.2937	-0.3125	-0.323	0.523598775598	0.5486	0	
20200423_223631.605779	0.324759526419	0.2937	-0.3125	-0.3231	0.523598775598	0.5496	0	
20200423_223631.614125	0.324759526419	0.2936	-0.3125	-0.323	0.523598775598	0.5483	0	
20200423_223631.623575	0.324759526419	0.2937	-0.3125	-0.323	0.523598775598	0.548	0	
20200423_223631.631089	0.324759526419	0.2937	-0.3125	-0.323	0.523598775598	0.5478	0	
20200423_223631.639081	0.324759526419	0.2937	-0.3125	-0.323	0.523598775598	0.548	0	
20200423_223631.647673	0.324759526419	0.2937	-0.3125	-0.323	0.523598775598	0.5485	0	
20200423_223631.656212	0.324759526419	0.2937	-0.3125	-0.323	0.523598775598	0.5489	0	
20200423_223631.664916	0.324759526419	0.2937	-0.3125	-0.323	0.523598775598	0.5485	0	
20200423_223631.673063	0.324759526419	0.2937	-0.3125	-0.3231	0.523598775598	0.5481	0	
20200423_223631.682097	0.324759526419	0.2938	-0.3125	-0.3231	0.523598775598	0.5495	0	
20200423_223631.689885	0.324759526419	0.2937	-0.3125	-0.323	0.523598775598	0.5487	0	
20200423_223631.697971	0.324759526419	0.2937	-0.3125	-0.323	0.523598775598	0.5483	0	
20200423_223631.706162	0.324759526419	0.2936	-0.3125	-0.323	0.523598775598	0.5482	0	
20200423_223631.715266	0.324759526419	0.2937	-0.3125	-0.323	0.523598775598	0.5474	0	
20200423_223631.724209	0.324759526419	0.2937	-0.3125	-0.323	0.523598775598	0.5486	0	
20200423_223631.731796	0.324759526419	0.2937	-0.3125	-0.323	0.523598775598	0.5487	0	
20200423_223631.739372	0.324759526419	0.2937	-0.3125	-0.323	0.523598775598	0.5486	0	
20200423_223631.748028	0.324759526419	0.2937	-0.3125	-0.323	0.523598775598	0.5484	0	
20200423_223631.756599	0.324759526419	0.2937	-0.3125	-0.323	0.523598775598	0.5485	0	
20200423_223631.764590	0.324759526419	0.2937	-0.3125	-0.3229	0.523598775598	0.5489	0	
20200423_223631.772796	0.324759526419	0.2937	-0.3125	-0.3229	0.523598775598	0.5488	0	
20200423_223631.781330	0.324759526419	0.2937	-0.3125	-0.323	0.523598775598	0.5498	0	
20200423_223631.789756	0.324759526419	0.2936	-0.3125	-0.323	0.523598775598	0.5486	0	
20200423_223631.797823	0.324759526419	0.2937	-0.3125	-0.323	0.523598775598	0.5488	0	
20200423_223631.806377	0.324759526419	0.2937	-0.3125	-0.323	0.523598775598	0.5487	0	
20200423_223631.814593	0.324759526419	0.2937	-0.3125	-0.323	0.523598775598	0.5488	0	
20200423_223631.823062	0.324759526419	0.2937	-0.3125	-0.323	0.523598775598	0.5485	0	
20200423_223631.831319	0.324759526419	0.2937	-0.3125	-0.323	0.523598775598	0.548	0	
20200423_223631.840295	0.324759526419	0.2937	-0.3125	-0.323	0.523598775598	0.5482	0	
20200423_223631.848513	0.324759526419	0.2938	-0.3125	-0.323	0.523598775598	0.5498	0	
20200423_223631.856327	0.324759526419	0.2931	-0.3125	-0.3229	0.523598775598	0.5441	0	
20200423_223631.864385	0.324759526419	0.2937	-0.3125	-0.323	0.523598775598	0.5482	0	
20200423_223631.873013	0.324759526419	0.2937	-0.3125	-0.323	0.523598775598	0.5478	0	
20200423_223631.882859	0.324759526419	0.2938	-0.3125	-0.3232	0.523598775598	0.5491	0	
20200423_223631.889520	0.324759526419	0.2933	-0.3125	-0.3229	0.523598775598	0.5478	0	
20200423_223631.897830	0.324759526419	0.2938	-0.3125	-0.3232	0.523598775598	0.5495	0	
20200423_223631.906293	0.324759526419	0.2937	-0.3125	-0.3231	0.523598775598	0.5485	0	
20200423_223631.917018	0.324759526419	0.2938	-0.3125	-0.3231	0.523598775598	0.549	0	
20200423_223631.922970	0.324759526419	0.2937	-0.3125	-0.323	0.523598775598	0.5485	0	
20200423_223631.931260	0.324759526419	0.2936	-0.3125	-0.3229	0.523598775598	0.5485	0	
20200423_223631.939061	0.324759526419	0.2937	-0.3125	-0.3229	0.523598775598	0.5484	0	
20200423_223631.947872	0.324759526419	0.2937	-0.3125	-0.323	0.523598775598	0.5483	0	
20200423_223631.956239	0.324759526419	0.2938	-0.3125	-0.3231	0.523598775598	0.5492	0	
20200423_223631.964922	0.324759526419	0.2937	-0.3125	-0.323	0.523598775598	0.5488	0	
20200423_223631.973214	0.324759526419	0.2937	-0.3125	-0.323	0.523598775598	0.5489	0	
20200423_223631.981614	0.324759526419	0.2937	-0.3125	-0.323	0.523598775598	0.5491	0	
20200423_223631.989336	0.324759526419	0.2937	-0.3125	-0.323	0.523598775598	0.5485	0	
20200423_223631.998055	0.324759526419	0.2936	-0.3125	-0.323	0.523598775598	0.5483	0	
20200423_223632.006571	0.324759526419	0.2936	-0.3125	-0.323	0.523598775598	0.548	0	
20200423_223632.015433	0.324759526419	0.2936	-0.3125	-0.323	0.523598775598	0.548	0	
20200423_223632.022971	0.324759526419	0.2937	-0.3125	-0.323	0.523598775598	0.5479	0	
20200423_223632.031034	0.324759526419	0.2937	-0.3125	-0.323	0.523598775598	0.5479	0	
20200423_223632.040345	0.324759526419	0.2937	-0.3125	-0.323	0.523598775598	0.5482	0	
20200423_223632.048753	0.324759526419	0.2937	-0.3125	-0.323	0.523598775598	0.5488	0	
20200423_223632.056107	0.324759526419	0.2937	-0.3125	-0.323	0.523598775598	0.5493	0	
20200423_223632.065050	0.324759526419	0.2936	-0.3125	-0.323	0.523598775598	0.5487	0	
20200423_223632.073291	0.324759526419	0.2936	-0.3125	-0.323	0.523598775598	0.5481	0	
20200423_223632.082143	0.324759526419	0.2936	-0.3125	-0.323	0.523598775598	0.5482	0	
20200423_223632.089796	0.324759526419	0.2937	-0.3125	-0.323	0.523598775598	0.5492	0	
20200423_223632.097865	0.324759526419	0.2936	-0.3125	-0.323	0.523598775598	0.5483	0	
20200423_223632.107112	0.324759526419	0.2936	-0.3125	-0.323	0.523598775598	0.5484	0	
20200423_223632.114388	0.324759526419	0.2936	-0.3125	-0.323	0.523598775598	0.5486	0	
20200423_223632.122790	0.324759526419	0.2937	-0.3125	-0.3231	0.523598775598	0.5497	0	
20200423_223632.131845	0.324759526419	0.2937	-0.3125	-0.323	0.523598775598	0.5488	0	
20200423_223632.139499	0.324759526419	0.2937	-0.3125	-0.323	0.523598775598	0.5485	0	
20200423_223632.148296	0.324759526419	0.2938	-0.3125	-0.3231	0.523598775598	0.5493	0	
20200423_223632.157240	0.324759526419	0.2937	-0.3125	-0.323	0.523598775598	0.5481	0	
20200423_223632.165495	0.324759526419	0.2937	-0.3125	-0.323	0.523598775598	0.5487	0	
20200423_223632.172667	0.324759526419	0.2937	-0.3125	-0.3229	0.523598775598	0.5488	0	
