Time	X_Setpt	X_FB	Y_Setpt	Y_FB	Theta_Setpt	Theta_FB	Motion Status	
20200423_223611.256003	0.974278579257	0.1713	0.0625	0.7292	0.523598775598	-1.0898	1	
20200423_223611.349655	0.974278579257	0.1712	0.0625	0.7291	0.523598775598	-1.087	1	
20200423_223611.449688	0.974278579257	0.1734	0.0625	0.7223	0.523598775598	-1.0287	1	
20200423_223611.549516	0.974278579257	0.1769	0.0625	0.713	0.523598775598	-0.9599	1	
20200423_223611.649513	0.974278579257	0.1809	0.0625	0.7033	0.523598775598	-0.8875	1	
20200423_223611.749621	0.974278579257	0.1854	0.0625	0.6938	0.523598775598	-0.8133	1	
20200423_223611.849603	0.974278579257	0.1919	0.0625	0.6838	0.523598775598	-0.7356	1	
20200423_223611.949556	0.974278579257	0.1982	0.0625	0.6751	0.523598775598	-0.6667	1	
20200423_223612.049610	0.974278579257	0.2048	0.0625	0.6683	0.523598775598	-0.6347	1	
20200423_223612.149628	0.974278579257	0.2121	0.0625	0.6624	0.523598775598	-0.6309	1	
20200423_223612.249568	0.974278579257	0.2188	0.0625	0.6577	0.523598775598	-0.6279	1	
20200423_223612.349610	0.974278579257	0.2279	0.0625	0.6511	0.523598775598	-0.6323	1	
20200423_223612.449605	0.974278579257	0.2352	0.0625	0.6459	0.523598775598	-0.6318	1	
20200423_223612.549566	0.974278579257	0.2436	0.0625	0.6391	0.523598775598	-0.6253	1	
20200423_223612.649598	0.974278579257	0.2525	0.0625	0.6334	0.523598775598	-0.6279	1	
20200423_223612.749542	0.974278579257	0.2596	0.0625	0.6276	0.523598775598	-0.6262	1	
20200423_223612.849658	0.974278579257	0.2685	0.0625	0.6214	0.523598775598	-0.6274	1	
20200423_223612.949589	0.974278579257	0.2757	0.0625	0.6165	0.523598775598	-0.627	1	
20200423_223613.049556	0.974278579257	0.2851	0.0625	0.6094	0.523598775598	-0.6243	1	
20200423_223613.149566	0.974278579257	0.2909	0.0625	0.6054	0.523598775598	-0.6268	1	
20200423_223613.249649	0.974278579257	0.2995	0.0625	0.5995	0.523598775598	-0.6281	1	
20200423_223613.349564	0.974278579257	0.3079	0.0625	0.5933	0.523598775598	-0.6285	1	
20200423_223613.449652	0.974278579257	0.3146	0.0625	0.5881	0.523598775598	-0.6266	1	
20200423_223613.549615	0.974278579257	0.3231	0.0625	0.582	0.523598775598	-0.6265	1	
20200423_223613.649585	0.974278579257	0.3309	0.0625	0.5767	0.523598775598	-0.6268	1	
20200423_223613.749567	0.974278579257	0.3387	0.0625	0.5711	0.523598775598	-0.62	1	
20200423_223613.849572	0.974278579257	0.3475	0.0625	0.5646	0.523598775598	-0.6155	1	
20200423_223613.949624	0.974278579257	0.3561	0.0625	0.558	0.523598775598	-0.6173	1	
20200423_223614.049645	0.974278579257	0.3632	0.0625	0.5531	0.523598775598	-0.6201	1	
20200423_223614.149592	0.974278579257	0.3713	0.0625	0.5479	0.523598775598	-0.6219	1	
20200423_223614.249817	0.974278579257	0.3799	0.0625	0.5415	0.523598775598	-0.6246	1	
20200423_223614.349530	0.974278579257	0.3872	0.0625	0.5355	0.523598775598	-0.5982	1	
20200423_223614.449682	0.974278579257	0.3946	0.0625	0.5297	0.523598775598	-0.5952	1	
20200423_223614.549558	0.974278579257	0.4023	0.0625	0.5245	0.523598775598	-0.5979	1	
20200423_223614.649519	0.974278579257	0.4105	0.0625	0.5189	0.523598775598	-0.5977	1	
20200423_223614.749532	0.974278579257	0.419	0.0625	0.5125	0.523598775598	-0.5996	1	
20200423_223614.849662	0.974278579257	0.4266	0.0625	0.5072	0.523598775598	-0.6029	1	
20200423_223614.949564	0.974278579257	0.4352	0.0625	0.501	0.523598775598	-0.6008	1	
20200423_223615.049619	0.974278579257	0.4434	0.0625	0.4958	0.523598775598	-0.5964	1	
20200423_223615.149703	0.974278579257	0.4519	0.0625	0.4892	0.523598775598	-0.6035	1	
20200423_223615.249617	0.974278579257	0.4603	0.0625	0.4855	0.523598775598	-0.6467	1	
20200423_223615.349624	0.974278579257	0.4682	0.0625	0.4801	0.523598775598	-0.6702	1	
20200423_223615.449692	0.974278579257	0.475	0.0625	0.4741	0.523598775598	-0.6739	1	
20200423_223615.549537	0.974278579257	0.4833	0.0625	0.4674	0.523598775598	-0.6714	1	
20200423_223615.649593	0.974278579257	0.4904	0.0625	0.4614	0.523598775598	-0.6681	1	
20200423_223615.749626	0.974278579257	0.4971	0.0625	0.4555	0.523598775598	-0.6664	1	
20200423_223615.849555	0.974278579257	0.5062	0.0625	0.4481	0.523598775598	-0.6675	1	
20200423_223615.949605	0.974278579257	0.5125	0.0625	0.4424	0.523598775598	-0.6678	1	
20200423_223616.049607	0.974278579257	0.5202	0.0625	0.4369	0.523598775598	-0.6678	1	
20200423_223616.149594	0.974278579257	0.5285	0.0625	0.4296	0.523598775598	-0.6709	1	
20200423_223616.249427	0.974278579257	0.5357	0.0625	0.4243	0.523598775598	-0.6704	1	
20200423_223616.349478	0.974278579257	0.5433	0.0625	0.4175	0.523598775598	-0.6704	1	
20200423_223616.449551	0.974278579257	0.5507	0.0625	0.4113	0.523598775598	-0.6693	1	
20200423_223616.549644	0.974278579257	0.5579	0.0625	0.4059	0.523598775598	-0.6697	1	
20200423_223616.649534	0.974278579257	0.5649	0.0625	0.3996	0.523598775598	-0.671	1	
20200423_223616.749599	0.974278579257	0.5733	0.0625	0.3935	0.523598775598	-0.6738	1	
20200423_223616.849689	0.974278579257	0.5801	0.0625	0.3872	0.523598775598	-0.675	1	
20200423_223616.949640	0.974278579257	0.5881	0.0625	0.3807	0.523598775598	-0.6752	1	
20200423_223617.049620	0.974278579257	0.5968	0.0625	0.3741	0.523598775598	-0.695	1	
20200423_223617.149638	0.974278579257	0.6036	0.0625	0.3685	0.523598775598	-0.6991	1	
20200423_223617.249728	0.974278579257	0.6125	0.0625	0.3612	0.523598775598	-0.6962	1	
20200423_223617.349626	0.974278579257	0.6202	0.0625	0.3551	0.523598775598	-0.7013	1	
20200423_223617.449553	0.974278579257	0.6272	0.0625	0.3493	0.523598775598	-0.6995	1	
20200423_223617.549560	0.974278579257	0.6341	0.0625	0.343	0.523598775598	-0.6988	1	
20200423_223617.649544	0.974278579257	0.6429	0.0625	0.3353	0.523598775598	-0.6887	1	
20200423_223617.749567	0.974278579257	0.6497	0.0625	0.3294	0.523598775598	-0.6883	1	
20200423_223617.849663	0.974278579257	0.6583	0.0625	0.3223	0.523598775598	-0.6922	1	
20200423_223617.949728	0.974278579257	0.6656	0.0625	0.3159	0.523598775598	-0.6939	1	
20200423_223618.049575	0.974278579257	0.6715	0.0625	0.3104	0.523598775598	-0.6891	1	
20200423_223618.149593	0.974278579257	0.6807	0.0625	0.3025	0.523598775598	-0.6895	1	
20200423_223618.249599	0.974278579257	0.688	0.0625	0.2964	0.523598775598	-0.6912	1	
20200423_223618.349644	0.974278579257	0.6955	0.0625	0.29	0.523598775598	-0.6924	1	
20200423_223618.449648	0.974278579257	0.7027	0.0625	0.2839	0.523598775598	-0.6888	1	
20200423_223618.549686	0.974278579257	0.7108	0.0625	0.2767	0.523598775598	-0.6876	1	
20200423_223618.649488	0.974278579257	0.7173	0.0625	0.2714	0.523598775598	-0.6902	1	
20200423_223618.749626	0.974278579257	0.7248	0.0625	0.2654	0.523598775598	-0.6928	1	
20200423_223618.849601	0.974278579257	0.7333	0.0625	0.2583	0.523598775598	-0.6925	1	
20200423_223618.949678	0.974278579257	0.74	0.0625	0.2522	0.523598775598	-0.6894	1	
20200423_223619.049645	0.974278579257	0.7486	0.0625	0.2455	0.523598775598	-0.6905	1	
20200423_223619.149618	0.974278579257	0.7562	0.0625	0.2394	0.523598775598	-0.6912	1	
20200423_223619.249643	0.974278579257	0.7635	0.0625	0.2335	0.523598775598	-0.6919	1	
20200423_223619.349638	0.974278579257	0.7713	0.0625	0.2272	0.523598775598	-0.6923	1	
20200423_223619.449550	0.974278579257	0.7795	0.0625	0.2204	0.523598775598	-0.687	1	
20200423_223619.549628	0.974278579257	0.7858	0.0625	0.2154	0.523598775598	-0.6901	1	
20200423_223619.649620	0.974278579257	0.7934	0.0625	0.2092	0.523598775598	-0.6866	1	
20200423_223619.749638	0.974278579257	0.8012	0.0625	0.2025	0.523598775598	-0.6847	1	
20200423_223619.849649	0.974278579257	0.8081	0.0625	0.1967	0.523598775598	-0.6845	1	
20200423_223619.949485	0.974278579257	0.817	0.0625	0.1895	0.523598775598	-0.6856	1	
20200423_223620.049613	0.974278579257	0.8232	0.0625	0.1843	0.523598775598	-0.6798	1	
20200423_223620.149739	0.974278579257	0.8303	0.0625	0.1778	0.523598775598	-0.6742	1	
20200423_223620.249522	0.974278579257	0.8389	0.0625	0.1709	0.523598775598	-0.6747	1	
20200423_223620.349615	0.974278579257	0.8459	0.0625	0.1652	0.523598775598	-0.6829	1	
20200423_223620.449591	0.974278579257	0.8531	0.0625	0.1593	0.523598775598	-0.6827	1	
20200423_223620.549503	0.974278579257	0.8608	0.0625	0.1531	0.523598775598	-0.6807	1	
20200423_223620.649553	0.974278579257	0.8683	0.0625	0.1465	0.523598775598	-0.6804	1	
20200423_223620.749504	0.974278579257	0.8751	0.0625	0.1409	0.523598775598	-0.6794	1	
20200423_223620.849573	0.974278579257	0.8826	0.0625	0.1344	0.523598775598	-0.6699	1	
20200423_223620.949669	0.974278579257	0.8893	0.0625	0.1296	0.523598775598	-0.679	1	
20200423_223621.049643	0.974278579257	0.8973	0.0625	0.1232	0.523598775598	-0.6807	1	
20200423_223621.149581	0.974278579257	0.9057	0.0625	0.1164	0.523598775598	-0.6841	1	
20200423_223621.249435	0.974278579257	0.9119	0.0625	0.1111	0.523598775598	-0.6842	1	
20200423_223621.349587	0.974278579257	0.9203	0.0625	0.1041	0.523598775598	-0.6712	1	
20200423_223621.449566	0.974278579257	0.9277	0.0625	0.0983	0.523598775598	-0.6796	1	
20200423_223621.549492	0.974278579257	0.9342	0.0625	0.0922	0.523598775598	-0.6726	1	
20200423_223621.649452	0.974278579257	0.9433	0.0625	0.0849	0.523598775598	-0.6714	1	
20200423_223621.749594	0.974278579257	0.9435	0.0625	0.0827	0.523598775598	-0.6132	1	
20200423_223621.849614	0.974278579257	0.9436	0.0625	0.0799	0.523598775598	-0.5427	1	
20200423_223621.949600	0.974278579257	0.9438	0.0625	0.0769	0.523598775598	-0.4611	1	
20200423_223622.049647	0.974278579257	0.9432	0.0625	0.0746	0.523598775598	-0.3831	1	
20200423_223622.149571	0.974278579257	0.9446	0.0625	0.0721	0.523598775598	-0.311	1	
20200423_223622.249620	0.974278579257	0.9436	0.0625	0.0695	0.523598775598	-0.2278	1	
20200423_223622.349566	0.974278579257	0.944	0.0625	0.0673	0.523598775598	-0.1518	1	
20200423_223622.449607	0.974278579257	0.9441	0.0625	0.065	0.523598775598	-0.079	1	
20200423_223622.549713	0.974278579257	0.9445	0.0625	0.0633	0.523598775598	-0.0109	1	
20200423_223622.649537	0.974278579257	0.946	0.0625	0.0609	0.523598775598	0.0439	1	
20200423_223622.749526	0.974278579257	0.9455	0.0625	0.0586	0.523598775598	0.1116	1	
20200423_223622.849586	0.974278579257	0.946	0.0625	0.0569	0.523598775598	0.1738	1	
20200423_223622.949540	0.974278579257	0.9473	0.0625	0.055	0.523598775598	0.2353	1	
20200423_223623.049650	0.974278579257	0.9484	0.0625	0.0533	0.523598775598	0.2955	1	
20200423_223623.149601	0.974278579257	0.9494	0.0625	0.0517	0.523598775598	0.353	1	
20200423_223623.249629	0.974278579257	0.9502	0.0625	0.0502	0.523598775598	0.4122	1	
20200423_223623.349632	0.974278579257	0.9519	0.0625	0.0492	0.523598775598	0.4645	1	
20200423_223623.449719	0.974278579257	0.9536	0.0625	0.0484	0.523598775598	0.5145	0	
20200423_223623.450046	0.974278579257	0.9537	0.0625	0.0482	0.523598775598	0.5187	0	
20200423_223623.456370	0.974278579257	0.9537	0.0625	0.0482	0.523598775598	0.5209	0	
20200423_223623.464326	0.974278579257	0.9536	0.0625	0.0481	0.523598775598	0.5232	0	
20200423_223623.472551	0.974278579257	0.9536	0.0625	0.0481	0.523598775598	0.5251	0	
20200423_223623.481261	0.974278579257	0.9536	0.0625	0.048	0.523598775598	0.527	0	
20200423_223623.489348	0.974278579257	0.9537	0.0625	0.0479	0.523598775598	0.5286	0	
20200423_223623.498040	0.974278579257	0.9538	0.0625	0.0479	0.523598775598	0.5315	0	
20200423_223623.506051	0.974278579257	0.9538	0.0625	0.0478	0.523598775598	0.533	0	
20200423_223623.514784	0.974278579257	0.9537	0.0625	0.0479	0.523598775598	0.5325	0	
20200423_223623.523006	0.974278579257	0.9538	0.0625	0.0478	0.523598775598	0.5351	0	
20200423_223623.532573	0.974278579257	0.9538	0.0625	0.0478	0.523598775598	0.5337	0	
20200423_223623.539580	0.974278579257	0.9538	0.0625	0.0478	0.523598775598	0.5347	0	
20200423_223623.548101	0.974278579257	0.9538	0.0625	0.0478	0.523598775598	0.535	0	
20200423_223623.556014	0.974278579257	0.9539	0.0625	0.0479	0.523598775598	0.5339	0	
20200423_223623.564325	0.974278579257	0.954	0.0625	0.0479	0.523598775598	0.5347	0	
20200423_223623.572546	0.974278579257	0.954	0.0625	0.0479	0.523598775598	0.5348	0	
20200423_223623.581687	0.974278579257	0.9539	0.0625	0.0479	0.523598775598	0.5349	0	
20200423_223623.589509	0.974278579257	0.9539	0.0625	0.0479	0.523598775598	0.535	0	
20200423_223623.597280	0.974278579257	0.9539	0.0625	0.0478	0.523598775598	0.5349	0	
20200423_223623.605711	0.974278579257	0.9538	0.0625	0.0476	0.523598775598	0.5381	0	
20200423_223623.615105	0.974278579257	0.9538	0.0625	0.0477	0.523598775598	0.5367	0	
20200423_223623.622692	0.974278579257	0.9537	0.0625	0.0477	0.523598775598	0.5376	0	
20200423_223623.630740	0.974278579257	0.9538	0.0625	0.0477	0.523598775598	0.538	0	
20200423_223623.639328	0.974278579257	0.9537	0.0625	0.0477	0.523598775598	0.5376	0	
20200423_223623.648399	0.974278579257	0.9537	0.0625	0.0477	0.523598775598	0.5374	0	
20200423_223623.656118	0.974278579257	0.9537	0.0625	0.0477	0.523598775598	0.5372	0	
20200423_223623.664171	0.974278579257	0.9537	0.0625	0.0477	0.523598775598	0.5375	0	
20200423_223623.673159	0.974278579257	0.9538	0.0625	0.0478	0.523598775598	0.5354	0	
20200423_223623.681686	0.974278579257	0.9538	0.0625	0.0478	0.523598775598	0.5354	0	
20200423_223623.689529	0.974278579257	0.9538	0.0625	0.0478	0.523598775598	0.5351	0	
20200423_223623.697905	0.974278579257	0.9538	0.0625	0.0478	0.523598775598	0.535	0	
20200423_223623.705928	0.974278579257	0.9537	0.0625	0.0476	0.523598775598	0.5372	0	
20200423_223623.721143	0.974278579257	0.9537	0.0625	0.0476	0.523598775598	0.5371	0	
20200423_223623.722882	0.974278579257	0.9539	0.0625	0.0477	0.523598775598	0.5321	0	
20200423_223623.731000	0.974278579257	0.9538	0.0625	0.0476	0.523598775598	0.5386	0	
20200423_223623.739089	0.974278579257	0.9537	0.0625	0.0476	0.523598775598	0.5371	0	
20200423_223623.748085	0.974278579257	0.9537	0.0625	0.0476	0.523598775598	0.5374	0	
20200423_223623.756261	0.974278579257	0.9537	0.0625	0.0476	0.523598775598	0.5369	0	
20200423_223623.764486	0.974278579257	0.9538	0.0625	0.0477	0.523598775598	0.5373	0	
20200423_223623.772924	0.974278579257	0.9538	0.0625	0.0477	0.523598775598	0.5375	0	
20200423_223623.781227	0.974278579257	0.9538	0.0625	0.0477	0.523598775598	0.5374	0	
20200423_223623.789627	0.974278579257	0.9538	0.0625	0.0477	0.523598775598	0.5376	0	
20200423_223623.797604	0.974278579257	0.9538	0.0625	0.0476	0.523598775598	0.5372	0	
20200423_223623.806028	0.974278579257	0.9538	0.0625	0.0476	0.523598775598	0.5369	0	
20200423_223623.815695	0.974278579257	0.9538	0.0625	0.0476	0.523598775598	0.5372	0	
20200423_223623.822841	0.974278579257	0.9538	0.0625	0.0476	0.523598775598	0.5372	0	
20200423_223623.831480	0.974278579257	0.9538	0.0625	0.0476	0.523598775598	0.5382	0	
20200423_223623.839364	0.974278579257	0.9537	0.0625	0.0476	0.523598775598	0.5377	0	
20200423_223623.849557	0.974278579257	0.9538	0.0625	0.0477	0.523598775598	0.5354	0	
20200423_223623.856023	0.974278579257	0.9538	0.0625	0.0477	0.523598775598	0.5359	0	
20200423_223623.864310	0.974278579257	0.9538	0.0625	0.0477	0.523598775598	0.5354	0	
20200423_223623.872711	0.974278579257	0.9538	0.0625	0.0477	0.523598775598	0.5357	0	
20200423_223623.883115	0.974278579257	0.9538	0.0625	0.0477	0.523598775598	0.5361	0	
20200423_223623.889430	0.974278579257	0.9539	0.0625	0.0477	0.523598775598	0.5374	0	
20200423_223623.897939	0.974278579257	0.9538	0.0625	0.0477	0.523598775598	0.5357	0	
20200423_223623.906109	0.974278579257	0.9538	0.0625	0.0477	0.523598775598	0.5358	0	
20200423_223623.918064	0.974278579257	0.9538	0.0625	0.0477	0.523598775598	0.5357	0	
20200423_223623.922972	0.974278579257	0.954	0.0625	0.0478	0.523598775598	0.5304	0	
20200423_223623.931106	0.974278579257	0.9538	0.0625	0.0477	0.523598775598	0.5352	0	
20200423_223623.939443	0.974278579257	0.9538	0.0625	0.0477	0.523598775598	0.5369	0	
20200423_223623.948336	0.974278579257	0.9537	0.0625	0.0478	0.523598775598	0.5364	0	
20200423_223623.956019	0.974278579257	0.9536	0.0625	0.0478	0.523598775598	0.5472	0	
20200423_223623.965079	0.974278579257	0.9537	0.0625	0.0476	0.523598775598	0.5375	0	
20200423_223623.972741	0.974278579257	0.9537	0.0625	0.0476	0.523598775598	0.5375	0	
20200423_223623.982291	0.974278579257	0.9537	0.0625	0.0476	0.523598775598	0.5375	0	
20200423_223623.989400	0.974278579257	0.9537	0.0625	0.0476	0.523598775598	0.5374	0	
20200423_223623.997853	0.974278579257	0.9537	0.0625	0.0476	0.523598775598	0.538	0	
20200423_223624.006666	0.974278579257	0.9537	0.0625	0.0476	0.523598775598	0.5373	0	
20200423_223624.016996	0.974278579257	0.9536	0.0625	0.0476	0.523598775598	0.537	0	
20200423_223624.022748	0.974278579257	0.9536	0.0625	0.0476	0.523598775598	0.5373	0	
20200423_223624.036309	0.974278579257	0.9537	0.0625	0.0476	0.523598775598	0.5376	0	
20200423_223624.039590	0.974278579257	0.9537	0.0625	0.0476	0.523598775598	0.5376	0	
20200423_223624.047844	0.974278579257	0.9536	0.0625	0.0476	0.523598775598	0.5374	0	
20200423_223624.056120	0.974278579257	0.9537	0.0625	0.0476	0.523598775598	0.5373	0	
20200423_223624.064440	0.974278579257	0.9537	0.0625	0.0476	0.523598775598	0.5389	0	
20200423_223624.072675	0.974278579257	0.9537	0.0625	0.0476	0.523598775598	0.5385	0	
20200423_223624.081475	0.974278579257	0.9536	0.0625	0.0476	0.523598775598	0.5376	0	
20200423_223624.089463	0.974278579257	0.9537	0.0625	0.0476	0.523598775598	0.5386	0	
20200423_223624.097821	0.974278579257	0.9537	0.0625	0.0476	0.523598775598	0.5375	0	
20200423_223624.106347	0.974278579257	0.9537	0.0625	0.0476	0.523598775598	0.5384	0	
20200423_223624.114978	0.974278579257	0.9537	0.0625	0.0476	0.523598775598	0.5376	0	
20200423_223624.123106	0.974278579257	0.9539	0.0625	0.0476	0.523598775598	0.5342	0	
20200423_223624.131383	0.974278579257	0.9537	0.0625	0.0477	0.523598775598	0.5377	0	
20200423_223624.139586	0.974278579257	0.9537	0.0625	0.0477	0.523598775598	0.5381	0	
20200423_223624.148522	0.974278579257	0.9537	0.0625	0.0477	0.523598775598	0.5381	0	
20200423_223624.155660	0.974278579257	0.9537	0.0625	0.0477	0.523598775598	0.5384	0	
20200423_223624.164173	0.974278579257	0.9538	0.0625	0.0477	0.523598775598	0.5391	0	
20200423_223624.172545	0.974278579257	0.9537	0.0625	0.0477	0.523598775598	0.5383	0	
20200423_223624.181283	0.974278579257	0.9537	0.0625	0.0477	0.523598775598	0.5391	0	
20200423_223624.189309	0.974278579257	0.9537	0.0625	0.0477	0.523598775598	0.5378	0	
20200423_223624.197506	0.974278579257	0.9538	0.0625	0.0476	0.523598775598	0.539	0	
20200423_223624.206244	0.974278579257	0.9537	0.0625	0.0476	0.523598775598	0.5374	0	
20200423_223624.214442	0.974278579257	0.9538	0.0625	0.0476	0.523598775598	0.5387	0	
20200423_223624.222756	0.974278579257	0.9537	0.0625	0.0477	0.523598775598	0.5381	0	
20200423_223624.231566	0.974278579257	0.9537	0.0625	0.0477	0.523598775598	0.538	0	
20200423_223624.239413	0.974278579257	0.9537	0.0625	0.0476	0.523598775598	0.5393	0	
20200423_223624.250835	0.974278579257	0.9536	0.0625	0.0476	0.523598775598	0.537	0	
20200423_223624.256806	0.974278579257	0.9536	0.0625	0.0476	0.523598775598	0.5374	0	
20200423_223624.264177	0.974278579257	0.9536	0.0625	0.0476	0.523598775598	0.5372	0	
20200423_223624.272298	0.974278579257	0.9537	0.0625	0.0476	0.523598775598	0.5393	0	
20200423_223624.280805	0.974278579257	0.9537	0.0625	0.0475	0.523598775598	0.5394	0	
20200423_223624.289228	0.974278579257	0.9537	0.0625	0.0475	0.523598775598	0.5397	0	
20200423_223624.297665	0.974278579257	0.9537	0.0625	0.0476	0.523598775598	0.5387	0	
20200423_223624.306241	0.974278579257	0.9536	0.0625	0.0476	0.523598775598	0.5374	0	
20200423_223624.315169	0.974278579257	0.9537	0.0625	0.0476	0.523598775598	0.5371	0	
20200423_223624.323050	0.974278579257	0.9539	0.0625	0.0476	0.523598775598	0.5338	0	
20200423_223624.331044	0.974278579257	0.9537	0.0625	0.0475	0.523598775598	0.5384	0	
20200423_223624.339447	0.974278579257	0.9537	0.0625	0.0475	0.523598775598	0.539	0	
20200423_223624.348730	0.974278579257	0.9537	0.0625	0.0475	0.523598775598	0.5396	0	
20200423_223624.356270	0.974278579257	0.9537	0.0625	0.0475	0.523598775598	0.5393	0	
20200423_223624.364503	0.974278579257	0.9537	0.0625	0.0476	0.523598775598	0.5393	0	
20200423_223624.372516	0.974278579257	0.9537	0.0625	0.0476	0.523598775598	0.5396	0	
20200423_223624.382499	0.974278579257	0.9537	0.0625	0.0476	0.523598775598	0.54	0	
20200423_223624.389195	0.974278579257	0.9537	0.0625	0.0476	0.523598775598	0.5397	0	
20200423_223624.397750	0.974278579257	0.9537	0.0625	0.0476	0.523598775598	0.5399	0	
20200423_223624.406122	0.974278579257	0.9537	0.0625	0.0476	0.523598775598	0.538	0	
20200423_223624.416861	0.974278579257	0.9537	0.0625	0.0476	0.523598775598	0.5375	0	
20200423_223624.422760	0.974278579257	0.9538	0.0625	0.0475	0.523598775598	0.5398	0	
20200423_223624.431067	0.974278579257	0.9537	0.0625	0.0476	0.523598775598	0.5384	0	
20200423_223624.439576	0.974278579257	0.9537	0.0625	0.0476	0.523598775598	0.5381	0	
20200423_223624.447992	0.974278579257	0.9537	0.0625	0.0475	0.523598775598	0.5395	0	
20200423_223624.456113	0.974278579257	0.9537	0.0625	0.0476	0.523598775598	0.5375	0	
20200423_223624.464625	0.974278579257	0.9537	0.0625	0.0476	0.523598775598	0.5374	0	
20200423_223624.472592	0.974278579257	0.9536	0.0625	0.0476	0.523598775598	0.5375	0	
20200423_223624.481112	0.974278579257	0.9537	0.0625	0.0477	0.523598775598	0.5356	0	
20200423_223624.489335	0.974278579257	0.9537	0.0625	0.0476	0.523598775598	0.539	0	
20200423_223624.497639	0.974278579257	0.9537	0.0625	0.0476	0.523598775598	0.5379	0	
20200423_223624.505953	0.974278579257	0.9537	0.0625	0.0475	0.523598775598	0.5394	0	
20200423_223624.516761	0.974278579257	0.9538	0.0625	0.0475	0.523598775598	0.5397	0	
20200423_223624.522789	0.974278579257	0.9539	0.0625	0.0476	0.523598775598	0.5343	0	
20200423_223624.531112	0.974278579257	0.9537	0.0625	0.0476	0.523598775598	0.5395	0	
20200423_223624.539873	0.974278579257	0.9537	0.0625	0.0476	0.523598775598	0.539	0	
20200423_223624.548466	0.974278579257	0.9537	0.0625	0.0476	0.523598775598	0.5392	0	
20200423_223624.556913	0.974278579257	0.9537	0.0625	0.0476	0.523598775598	0.5393	0	
20200423_223624.564027	0.974278579257	0.9537	0.0625	0.0476	0.523598775598	0.5393	0	
20200423_223624.572424	0.974278579257	0.9538	0.0625	0.0476	0.523598775598	0.5394	0	
20200423_223624.581042	0.974278579257	0.9538	0.0625	0.0476	0.523598775598	0.5389	0	
20200423_223624.589097	0.974278579257	0.9538	0.0625	0.0476	0.523598775598	0.5393	0	
20200423_223624.597508	0.974278579257	0.9537	0.0625	0.0476	0.523598775598	0.5375	0	
20200423_223624.605685	0.974278579257	0.9537	0.0625	0.0475	0.523598775598	0.5392	0	
20200423_223624.614385	0.974278579257	0.9537	0.0625	0.0475	0.523598775598	0.5382	0	
20200423_223624.622443	0.974278579257	0.9537	0.0625	0.0475	0.523598775598	0.5389	0	
20200423_223624.631659	0.974278579257	0.9538	0.0625	0.0476	0.523598775598	0.538	0	
20200423_223624.639148	0.974278579257	0.9538	0.0625	0.0476	0.523598775598	0.5379	0	
20200423_223624.647910	0.974278579257	0.9537	0.0625	0.0475	0.523598775598	0.5389	0	
20200423_223624.656115	0.974278579257	0.9537	0.0625	0.0475	0.523598775598	0.5391	0	
20200423_223624.664257	0.974278579257	0.9537	0.0625	0.0476	0.523598775598	0.5375	0	
20200423_223624.672835	0.974278579257	0.9537	0.0625	0.0475	0.523598775598	0.5395	0	
20200423_223624.681475	0.974278579257	0.9537	0.0625	0.0475	0.523598775598	0.5392	0	
20200423_223624.689475	0.974278579257	0.9538	0.0625	0.0476	0.523598775598	0.5375	0	
20200423_223624.698285	0.974278579257	0.9538	0.0625	0.0476	0.523598775598	0.537	0	
20200423_223624.705836	0.974278579257	0.9536	0.0625	0.0476	0.523598775598	0.5376	0	
20200423_223624.716642	0.974278579257	0.9537	0.0625	0.0475	0.523598775598	0.5391	0	
20200423_223624.722862	0.974278579257	0.9539	0.0625	0.0476	0.523598775598	0.5336	0	
20200423_223624.731101	0.974278579257	0.9537	0.0625	0.0475	0.523598775598	0.5389	0	
20200423_223624.739486	0.974278579257	0.9537	0.0625	0.0475	0.523598775598	0.5388	0	
20200423_223624.748454	0.974278579257	0.9537	0.0625	0.0475	0.523598775598	0.5391	0	
20200423_223624.756665	0.974278579257	0.9537	0.0625	0.0475	0.523598775598	0.5392	0	
20200423_223624.764612	0.974278579257	0.9537	0.0625	0.0475	0.523598775598	0.5388	0	
20200423_223624.772932	0.974278579257	0.9537	0.0625	0.0475	0.523598775598	0.5386	0	
20200423_223624.781690	0.974278579257	0.9537	0.0625	0.0475	0.523598775598	0.5386	0	
20200423_223624.789510	0.974278579257	0.9538	0.0625	0.0476	0.523598775598	0.5369	0	
20200423_223624.797758	0.974278579257	0.9538	0.0625	0.0476	0.523598775598	0.5368	0	
20200423_223624.805906	0.974278579257	0.9538	0.0625	0.0476	0.523598775598	0.537	0	
20200423_223624.814759	0.974278579257	0.9538	0.0625	0.0476	0.523598775598	0.5363	0	
20200423_223624.822964	0.974278579257	0.9537	0.0625	0.0475	0.523598775598	0.5382	0	
20200423_223624.830908	0.974278579257	0.9537	0.0625	0.0476	0.523598775598	0.5379	0	
20200423_223624.839381	0.974278579257	0.9537	0.0625	0.0475	0.523598775598	0.5393	0	
20200423_223624.847816	0.974278579257	0.9537	0.0625	0.0475	0.523598775598	0.5382	0	
20200423_223624.856098	0.974278579257	0.9537	0.0625	0.0475	0.523598775598	0.5382	0	
20200423_223624.864226	0.974278579257	0.9538	0.0625	0.0475	0.523598775598	0.5381	0	
20200423_223624.872840	0.974278579257	0.9537	0.0625	0.0475	0.523598775598	0.5381	0	
20200423_223624.881170	0.974278579257	0.9537	0.0625	0.0475	0.523598775598	0.5387	0	
20200423_223624.889427	0.974278579257	0.9538	0.0625	0.0475	0.523598775598	0.5385	0	
20200423_223624.897811	0.974278579257	0.9538	0.0625	0.0476	0.523598775598	0.5371	0	
20200423_223624.906076	0.974278579257	0.9539	0.0625	0.0476	0.523598775598	0.537	0	
20200423_223624.914565	0.974278579257	0.9538	0.0625	0.0476	0.523598775598	0.5371	0	
20200423_223624.922989	0.974278579257	0.954	0.0625	0.0477	0.523598775598	0.5317	0	
20200423_223624.931285	0.974278579257	0.9537	0.0625	0.0475	0.523598775598	0.5391	0	
20200423_223624.939290	0.974278579257	0.9537	0.0625	0.0475	0.523598775598	0.5392	0	
20200423_223624.948234	0.974278579257	0.9537	0.0625	0.0475	0.523598775598	0.539	0	
20200423_223624.956809	0.974278579257	0.9537	0.0625	0.0475	0.523598775598	0.5392	0	
20200423_223624.964255	0.974278579257	0.9537	0.0625	0.0475	0.523598775598	0.5393	0	
20200423_223624.972747	0.974278579257	0.9537	0.0625	0.0475	0.523598775598	0.5394	0	
20200423_223624.982178	0.974278579257	0.9537	0.0625	0.0475	0.523598775598	0.5393	0	
20200423_223624.989541	0.974278579257	0.9537	0.0625	0.0476	0.523598775598	0.5391	0	
20200423_223624.997947	0.974278579257	0.9538	0.0625	0.0475	0.523598775598	0.539	0	
20200423_223625.006438	0.974278579257	0.9537	0.0625	0.0476	0.523598775598	0.5392	0	
20200423_223625.014715	0.974278579257	0.9537	0.0625	0.0475	0.523598775598	0.5386	0	
20200423_223625.022890	0.974278579257	0.9538	0.0625	0.0476	0.523598775598	0.5373	0	
20200423_223625.031072	0.974278579257	0.9538	0.0625	0.0477	0.523598775598	0.5382	0	
20200423_223625.039545	0.974278579257	0.9538	0.0625	0.0477	0.523598775598	0.5383	0	
20200423_223625.048317	0.974278579257	0.9538	0.0625	0.0476	0.523598775598	0.5375	0	
20200423_223625.056231	0.974278579257	0.9538	0.0625	0.0476	0.523598775598	0.5379	0	
20200423_223625.064288	0.974278579257	0.9538	0.0625	0.0476	0.523598775598	0.5376	0	
20200423_223625.072600	0.974278579257	0.9538	0.0625	0.0476	0.523598775598	0.5371	0	
20200423_223625.081328	0.974278579257	0.9538	0.0625	0.0476	0.523598775598	0.5373	0	
20200423_223625.089394	0.974278579257	0.9538	0.0625	0.0476	0.523598775598	0.5372	0	
20200423_223625.097771	0.974278579257	0.9538	0.0625	0.0476	0.523598775598	0.5372	0	
20200423_223625.106130	0.974278579257	0.9538	0.0625	0.0476	0.523598775598	0.537	0	
20200423_223625.114580	0.974278579257	0.9538	0.0625	0.0476	0.523598775598	0.5375	0	
20200423_223625.122903	0.974278579257	0.954	0.0625	0.0477	0.523598775598	0.5314	0	
20200423_223625.131869	0.974278579257	0.9538	0.0625	0.0478	0.523598775598	0.543	0	
20200423_223625.139396	0.974278579257	0.9538	0.0625	0.0476	0.523598775598	0.5374	0	
20200423_223625.147817	0.974278579257	0.9538	0.0625	0.0476	0.523598775598	0.5374	0	
20200423_223625.156336	0.974278579257	0.9538	0.0625	0.0476	0.523598775598	0.5377	0	
20200423_223625.164379	0.974278579257	0.9538	0.0625	0.0476	0.523598775598	0.5378	0	
20200423_223625.173004	0.974278579257	0.9538	0.0625	0.0476	0.523598775598	0.5376	0	
20200423_223625.182030	0.974278579257	0.9538	0.0625	0.0476	0.523598775598	0.5377	0	
20200423_223625.189679	0.974278579257	0.9538	0.0625	0.0476	0.523598775598	0.5378	0	
20200423_223625.198053	0.974278579257	0.9538	0.0625	0.0476	0.523598775598	0.5378	0	
20200423_223625.207587	0.974278579257	0.9538	0.0625	0.0476	0.523598775598	0.5376	0	
20200423_223625.214836	0.974278579257	0.9538	0.0625	0.0476	0.523598775598	0.5366	0	
20200423_223625.223185	0.974278579257	0.9538	0.0625	0.0476	0.523598775598	0.5365	0	
20200423_223625.231038	0.974278579257	0.9538	0.0625	0.0476	0.523598775598	0.5378	0	
20200423_223625.239823	0.974278579257	0.9538	0.0625	0.0476	0.523598775598	0.5378	0	
20200423_223625.248289	0.974278579257	0.9538	0.0625	0.0476	0.523598775598	0.5368	0	
20200423_223625.256318	0.974278579257	0.9537	0.0625	0.0476	0.523598775598	0.5372	0	
20200423_223625.264770	0.974278579257	0.9538	0.0625	0.0476	0.523598775598	0.5371	0	
20200423_223625.273307	0.974278579257	0.9538	0.0625	0.0476	0.523598775598	0.5367	0	
20200423_223625.285460	0.974278579257	0.9538	0.0625	0.0476	0.523598775598	0.5368	0	
20200423_223625.289596	0.974278579257	0.9538	0.0625	0.0476	0.523598775598	0.5371	0	
20200423_223625.297812	0.974278579257	0.9537	0.0625	0.0476	0.523598775598	0.5374	0	
20200423_223625.306988	0.974278579257	0.9537	0.0625	0.0476	0.523598775598	0.5373	0	
20200423_223625.315320	0.974278579257	0.9537	0.0625	0.0475	0.523598775598	0.5392	0	
20200423_223625.322814	0.974278579257	0.9539	0.0625	0.0476	0.523598775598	0.5341	0	
20200423_223625.331573	0.974278579257	0.9537	0.0625	0.0475	0.523598775598	0.5391	0	
20200423_223625.339125	0.974278579257	0.9536	0.0625	0.0475	0.523598775598	0.5393	0	
20200423_223625.349209	0.974278579257	0.9537	0.0625	0.0475	0.523598775598	0.5394	0	
20200423_223625.356273	0.974278579257	0.9537	0.0625	0.0475	0.523598775598	0.5393	0	
20200423_223625.365173	0.974278579257	0.9537	0.0625	0.0475	0.523598775598	0.5393	0	
20200423_223625.373166	0.974278579257	0.9537	0.0625	0.0475	0.523598775598	0.5391	0	
20200423_223625.383485	0.974278579257	0.9537	0.0625	0.0475	0.523598775598	0.5393	0	
20200423_223625.389551	0.974278579257	0.9537	0.0625	0.0475	0.523598775598	0.5394	0	
20200423_223625.397809	0.974278579257	0.9537	0.0625	0.0475	0.523598775598	0.5395	0	
20200423_223625.406020	0.974278579257	0.9537	0.0625	0.0475	0.523598775598	0.5394	0	
20200423_223625.414828	0.974278579257	0.9537	0.0625	0.0475	0.523598775598	0.5389	0	
20200423_223625.422603	0.974278579257	0.9536	0.0625	0.0475	0.523598775598	0.539	0	
20200423_223625.430994	0.974278579257	0.9537	0.0625	0.0475	0.523598775598	0.5396	0	
20200423_223625.439403	0.974278579257	0.9537	0.0625	0.0476	0.523598775598	0.5396	0	
20200423_223625.447896	0.974278579257	0.9537	0.0625	0.0475	0.523598775598	0.5388	0	
20200423_223625.456085	0.974278579257	0.9537	0.0625	0.0475	0.523598775598	0.5384	0	
20200423_223625.464200	0.974278579257	0.9537	0.0625	0.0475	0.523598775598	0.5388	0	
20200423_223625.473187	0.974278579257	0.9537	0.0625	0.0475	0.523598775598	0.5388	0	
20200423_223625.481329	0.974278579257	0.9536	0.0625	0.0475	0.523598775598	0.5387	0	
20200423_223625.490048	0.974278579257	0.9536	0.0625	0.0475	0.523598775598	0.5388	0	
20200423_223625.497997	0.974278579257	0.9536	0.0625	0.0475	0.523598775598	0.5383	0	
20200423_223625.506110	0.974278579257	0.9536	0.0625	0.0475	0.523598775598	0.5386	0	
20200423_223625.514844	0.974278579257	0.9537	0.0625	0.0475	0.523598775598	0.5387	0	
20200423_223625.522570	0.974278579257	0.9539	0.0625	0.0476	0.523598775598	0.5335	0	
20200423_223625.531300	0.974278579257	0.9536	0.0625	0.0475	0.523598775598	0.5389	0	
20200423_223625.539653	0.974278579257	0.9536	0.0625	0.0475	0.523598775598	0.5387	0	
20200423_223625.548125	0.974278579257	0.9536	0.0625	0.0475	0.523598775598	0.5392	0	
20200423_223625.556299	0.974278579257	0.9536	0.0625	0.0475	0.523598775598	0.5392	0	
20200423_223625.564496	0.974278579257	0.9536	0.0625	0.0475	0.523598775598	0.5395	0	
20200423_223625.572553	0.974278579257	0.9536	0.0625	0.0475	0.523598775598	0.5393	0	
20200423_223625.580910	0.974278579257	0.9537	0.0625	0.0476	0.523598775598	0.5392	0	
20200423_223625.597155	0.974278579257	0.9537	0.0625	0.0476	0.523598775598	0.5391	0	
20200423_223625.597357	0.974278579257	0.9537	0.0625	0.0476	0.523598775598	0.5391	0	
20200423_223625.605827	0.974278579257	0.9537	0.0625	0.0475	0.523598775598	0.5396	0	
20200423_223625.614263	0.974278579257	0.9537	0.0625	0.0475	0.523598775598	0.5386	0	
20200423_223625.622485	0.974278579257	0.9537	0.0625	0.0475	0.523598775598	0.5386	0	
20200423_223625.630689	0.974278579257	0.9537	0.0625	0.0476	0.523598775598	0.5396	0	
20200423_223625.639375	0.974278579257	0.9536	0.0625	0.0476	0.523598775598	0.5397	0	
20200423_223625.647781	0.974278579257	0.9536	0.0625	0.0475	0.523598775598	0.5392	0	
20200423_223625.656713	0.974278579257	0.9536	0.0625	0.0475	0.523598775598	0.5387	0	
20200423_223625.664665	0.974278579257	0.9536	0.0625	0.0475	0.523598775598	0.5389	0	
20200423_223625.672543	0.974278579257	0.9537	0.0625	0.0475	0.523598775598	0.5387	0	
20200423_223625.683858	0.974278579257	0.9537	0.0625	0.0475	0.523598775598	0.5391	0	
20200423_223625.689947	0.974278579257	0.9537	0.0625	0.0475	0.523598775598	0.5388	0	
20200423_223625.697742	0.974278579257	0.9537	0.0625	0.0475	0.523598775598	0.5388	0	
20200423_223625.706363	0.974278579257	0.9536	0.0625	0.0475	0.523598775598	0.5391	0	
20200423_223625.714892	0.974278579257	0.9537	0.0625	0.0475	0.523598775598	0.539	0	
20200423_223625.722998	0.974278579257	0.9538	0.0625	0.0476	0.523598775598	0.5323	0	
20200423_223625.731286	0.974278579257	0.9536	0.0625	0.0476	0.523598775598	0.538	0	
20200423_223625.739434	0.974278579257	0.9537	0.0625	0.0475	0.523598775598	0.5394	0	
20200423_223625.753071	0.974278579257	0.9537	0.0625	0.0475	0.523598775598	0.5395	0	
20200423_223625.756277	0.974278579257	0.9537	0.0625	0.0475	0.523598775598	0.5394	0	
20200423_223625.765098	0.974278579257	0.9537	0.0625	0.0475	0.523598775598	0.5396	0	
20200423_223625.772690	0.974278579257	0.9537	0.0625	0.0475	0.523598775598	0.5392	0	
20200423_223625.782630	0.974278579257	0.9537	0.0625	0.0475	0.523598775598	0.5392	0	
20200423_223625.789340	0.974278579257	0.9537	0.0625	0.0475	0.523598775598	0.5395	0	
20200423_223625.798049	0.974278579257	0.9537	0.0625	0.0475	0.523598775598	0.5393	0	
20200423_223625.805910	0.974278579257	0.9537	0.0625	0.0475	0.523598775598	0.539	0	
20200423_223625.814761	0.974278579257	0.9537	0.0625	0.0475	0.523598775598	0.5389	0	
20200423_223625.822869	0.974278579257	0.9537	0.0625	0.0475	0.523598775598	0.5389	0	
20200423_223625.831343	0.974278579257	0.9537	0.0625	0.0476	0.523598775598	0.5396	0	
20200423_223625.840013	0.974278579257	0.9537	0.0625	0.0476	0.523598775598	0.5404	0	
20200423_223625.848651	0.974278579257	0.9536	0.0625	0.0475	0.523598775598	0.5389	0	
20200423_223625.856764	0.974278579257	0.9536	0.0625	0.0475	0.523598775598	0.5388	0	
20200423_223625.864926	0.974278579257	0.9537	0.0625	0.0475	0.523598775598	0.5385	0	
20200423_223625.873013	0.974278579257	0.9536	0.0625	0.0475	0.523598775598	0.5383	0	
20200423_223625.881214	0.974278579257	0.9536	0.0625	0.0475	0.523598775598	0.5385	0	
20200423_223625.889606	0.974278579257	0.9536	0.0625	0.0475	0.523598775598	0.5387	0	
20200423_223625.897875	0.974278579257	0.9536	0.0625	0.0475	0.523598775598	0.5386	0	
20200423_223625.906313	0.974278579257	0.9536	0.0625	0.0475	0.523598775598	0.5387	0	
20200423_223625.914818	0.974278579257	0.9536	0.0625	0.0475	0.523598775598	0.5389	0	
20200423_223625.922881	0.974278579257	0.9538	0.0625	0.0475	0.523598775598	0.5344	0	
20200423_223625.930948	0.974278579257	0.9536	0.0625	0.0475	0.523598775598	0.5389	0	
20200423_223625.939331	0.974278579257	0.9536	0.0625	0.0475	0.523598775598	0.539	0	
20200423_223625.948575	0.974278579257	0.9536	0.0625	0.0475	0.523598775598	0.5394	0	
20200423_223625.956397	0.974278579257	0.9536	0.0625	0.0475	0.523598775598	0.5389	0	
20200423_223625.964384	0.974278579257	0.9536	0.0625	0.0475	0.523598775598	0.539	0	
20200423_223625.972600	0.974278579257	0.9536	0.0625	0.0475	0.523598775598	0.539	0	
20200423_223625.981248	0.974278579257	0.9536	0.0625	0.0475	0.523598775598	0.5388	0	
20200423_223625.989652	0.974278579257	0.9537	0.0625	0.0475	0.523598775598	0.5389	0	
20200423_223626.000222	0.974278579257	0.9537	0.0625	0.0475	0.523598775598	0.5395	0	
20200423_223626.005934	0.974278579257	0.9537	0.0625	0.0475	0.523598775598	0.5392	0	
20200423_223626.014876	0.974278579257	0.9537	0.0625	0.0475	0.523598775598	0.5388	0	
20200423_223626.022955	0.974278579257	0.9537	0.0625	0.0475	0.523598775598	0.5386	0	
20200423_223626.031156	0.974278579257	0.9537	0.0625	0.0475	0.523598775598	0.5397	0	
20200423_223626.039558	0.974278579257	0.9536	0.0625	0.0476	0.523598775598	0.5404	0	
20200423_223626.048192	0.974278579257	0.9536	0.0625	0.0476	0.523598775598	0.5396	0	
20200423_223626.056254	0.974278579257	0.9536	0.0625	0.0475	0.523598775598	0.5394	0	
20200423_223626.064206	0.974278579257	0.9536	0.0625	0.0475	0.523598775598	0.5395	0	
20200423_223626.072644	0.974278579257	0.9536	0.0625	0.0475	0.523598775598	0.5393	0	
20200423_223626.082412	0.974278579257	0.9536	0.0625	0.0475	0.523598775598	0.5394	0	
20200423_223626.089433	0.974278579257	0.9537	0.0625	0.0475	0.523598775598	0.5393	0	
20200423_223626.097480	0.974278579257	0.9537	0.0625	0.0475	0.523598775598	0.5393	0	
20200423_223626.106498	0.974278579257	0.9536	0.0625	0.0475	0.523598775598	0.5391	0	
20200423_223626.114857	0.974278579257	0.9536	0.0625	0.0475	0.523598775598	0.5389	0	
20200423_223626.123024	0.974278579257	0.9536	0.0625	0.0475	0.523598775598	0.5389	0	
20200423_223626.130999	0.974278579257	0.9538	0.0625	0.0476	0.523598775598	0.5336	0	
20200423_223626.139964	0.974278579257	0.9536	0.0625	0.0475	0.523598775598	0.5388	0	
20200423_223626.148218	0.974278579257	0.9536	0.0625	0.0475	0.523598775598	0.5393	0	
20200423_223626.156402	0.974278579257	0.9537	0.0625	0.0476	0.523598775598	0.5394	0	
20200423_223626.164424	0.974278579257	0.9537	0.0625	0.0475	0.523598775598	0.5395	0	
20200423_223626.172942	0.974278579257	0.9537	0.0625	0.0475	0.523598775598	0.5395	0	
20200423_223626.182628	0.974278579257	0.9536	0.0625	0.0475	0.523598775598	0.5393	0	
20200423_223626.190292	0.974278579257	0.9536	0.0625	0.0475	0.523598775598	0.5394	0	
20200423_223626.198074	0.974278579257	0.9536	0.0625	0.0476	0.523598775598	0.5391	0	
20200423_223626.206031	0.974278579257	0.9536	0.0625	0.0476	0.523598775598	0.5392	0	
20200423_223626.215049	0.974278579257	0.9536	0.0625	0.0475	0.523598775598	0.5385	0	
20200423_223626.223259	0.974278579257	0.9536	0.0625	0.0475	0.523598775598	0.5388	0	
20200423_223626.231048	0.974278579257	0.9536	0.0625	0.0475	0.523598775598	0.5395	0	
20200423_223626.239586	0.974278579257	0.9536	0.0625	0.0476	0.523598775598	0.54	0	
20200423_223626.248446	0.974278579257	0.9537	0.0625	0.0475	0.523598775598	0.5393	0	
20200423_223626.256292	0.974278579257	0.9537	0.0625	0.0475	0.523598775598	0.5387	0	
20200423_223626.264475	0.974278579257	0.9536	0.0625	0.0475	0.523598775598	0.5389	0	
20200423_223626.272677	0.974278579257	0.9536	0.0625	0.0475	0.523598775598	0.5388	0	
20200423_223626.283136	0.974278579257	0.9536	0.0625	0.0476	0.523598775598	0.5388	0	
20200423_223626.289749	0.974278579257	0.9537	0.0625	0.0476	0.523598775598	0.5388	0	
20200423_223626.297728	0.974278579257	0.9537	0.0625	0.0476	0.523598775598	0.5382	0	
20200423_223626.306038	0.974278579257	0.9537	0.0625	0.0476	0.523598775598	0.5389	0	
20200423_223626.315645	0.974278579257	0.9537	0.0625	0.0475	0.523598775598	0.5391	0	
20200423_223626.323546	0.974278579257	0.9537	0.0625	0.0475	0.523598775598	0.5389	0	
20200423_223626.331014	0.974278579257	0.9539	0.0625	0.0476	0.523598775598	0.5338	0	
20200423_223626.339800	0.974278579257	0.9537	0.0625	0.0475	0.523598775598	0.5389	0	
20200423_223626.348465	0.974278579257	0.9537	0.0625	0.0476	0.523598775598	0.5393	0	
20200423_223626.356761	0.974278579257	0.9536	0.0625	0.0476	0.523598775598	0.5391	0	
20200423_223626.364188	0.974278579257	0.9536	0.0625	0.0476	0.523598775598	0.5394	0	
20200423_223626.373111	0.974278579257	0.9537	0.0625	0.0476	0.523598775598	0.5392	0	
20200423_223626.381173	0.974278579257	0.9536	0.0625	0.0476	0.523598775598	0.5376	0	
20200423_223626.389727	0.974278579257	0.9537	0.0625	0.0475	0.523598775598	0.5391	0	
20200423_223626.398023	0.974278579257	0.9537	0.0625	0.0475	0.523598775598	0.5388	0	
20200423_223626.406531	0.974278579257	0.9537	0.0625	0.0475	0.523598775598	0.5392	0	
20200423_223626.415670	0.974278579257	0.9537	0.0625	0.0475	0.523598775598	0.5388	0	
20200423_223626.423053	0.974278579257	0.9537	0.0625	0.0475	0.523598775598	0.5388	0	
20200423_223626.431109	0.974278579257	0.9536	0.0625	0.0476	0.523598775598	0.5394	0	
20200423_223626.439582	0.974278579257	0.9536	0.0625	0.0476	0.523598775598	0.5395	0	
20200423_223626.447985	0.974278579257	0.9536	0.0625	0.0476	0.523598775598	0.5395	0	
20200423_223626.456204	0.974278579257	0.9536	0.0625	0.0475	0.523598775598	0.5392	0	
20200423_223626.464174	0.974278579257	0.9536	0.0625	0.0475	0.523598775598	0.5392	0	
20200423_223626.472976	0.974278579257	0.9536	0.0625	0.0476	0.523598775598	0.538	0	
20200423_223626.481461	0.974278579257	0.9537	0.0625	0.0475	0.523598775598	0.5377	0	
20200423_223626.489142	0.974278579257	0.9536	0.0625	0.0475	0.523598775598	0.5392	0	
20200423_223626.497450	0.974278579257	0.9536	0.0625	0.0475	0.523598775598	0.5393	0	
20200423_223626.506157	0.974278579257	0.9536	0.0625	0.0475	0.523598775598	0.5389	0	
20200423_223626.516378	0.974278579257	0.9536	0.0625	0.0475	0.523598775598	0.5389	0	
20200423_223626.522997	0.974278579257	0.9536	0.0625	0.0475	0.523598775598	0.5389	0	
20200423_223626.531618	0.974278579257	0.9538	0.0625	0.0476	0.523598775598	0.5333	0	
20200423_223626.539984	0.974278579257	0.9536	0.0625	0.0475	0.523598775598	0.539	0	
20200423_223626.551013	0.974278579257	0.9536	0.0625	0.0475	0.523598775598	0.5392	0	
20200423_223626.556203	0.974278579257	0.9536	0.0625	0.0475	0.523598775598	0.5393	0	
20200423_223626.564076	0.974278579257	0.9537	0.0625	0.0475	0.523598775598	0.5394	0	
20200423_223626.572351	0.974278579257	0.9536	0.0625	0.0475	0.523598775598	0.5389	0	
20200423_223626.583347	0.974278579257	0.9536	0.0625	0.0475	0.523598775598	0.5388	0	
20200423_223626.589019	0.974278579257	0.9536	0.0625	0.0475	0.523598775598	0.539	0	
20200423_223626.597390	0.974278579257	0.9536	0.0625	0.0475	0.523598775598	0.5388	0	
20200423_223626.605738	0.974278579257	0.9536	0.0625	0.0476	0.523598775598	0.5385	0	
20200423_223626.615678	0.974278579257	0.9536	0.0625	0.0475	0.523598775598	0.5383	0	
20200423_223626.622493	0.974278579257	0.9536	0.0625	0.0475	0.523598775598	0.5379	0	
20200423_223626.630795	0.974278579257	0.9537	0.0625	0.0475	0.523598775598	0.5388	0	
20200423_223626.639182	0.974278579257	0.9536	0.0625	0.0475	0.523598775598	0.5387	0	
20200423_223626.647687	0.974278579257	0.9536	0.0625	0.0475	0.523598775598	0.5386	0	
20200423_223626.656037	0.974278579257	0.9536	0.0625	0.0475	0.523598775598	0.5382	0	
20200423_223626.664277	0.974278579257	0.9536	0.0625	0.0475	0.523598775598	0.5379	0	
20200423_223626.673197	0.974278579257	0.9536	0.0625	0.0475	0.523598775598	0.5378	0	
20200423_223626.681730	0.974278579257	0.9536	0.0625	0.0475	0.523598775598	0.5384	0	
20200423_223626.689539	0.974278579257	0.9536	0.0625	0.0475	0.523598775598	0.5381	0	
20200423_223626.697680	0.974278579257	0.9536	0.0625	0.0475	0.523598775598	0.5382	0	
20200423_223626.705906	0.974278579257	0.9536	0.0625	0.0475	0.523598775598	0.5384	0	
20200423_223626.720755	0.974278579257	0.9537	0.0625	0.0475	0.523598775598	0.5384	0	
20200423_223626.722779	0.974278579257	0.9537	0.0625	0.0475	0.523598775598	0.5385	0	
20200423_223626.730942	0.974278579257	0.9539	0.0625	0.0476	0.523598775598	0.5335	0	
20200423_223626.739690	0.974278579257	0.9537	0.0625	0.0475	0.523598775598	0.5383	0	
20200423_223626.748572	0.974278579257	0.9536	0.0625	0.0475	0.523598775598	0.5384	0	
20200423_223626.756035	0.974278579257	0.9536	0.0625	0.0475	0.523598775598	0.5384	0	
20200423_223626.764669	0.974278579257	0.9536	0.0625	0.0475	0.523598775598	0.5386	0	
20200423_223626.773411	0.974278579257	0.9536	0.0625	0.0475	0.523598775598	0.5383	0	
20200423_223626.781135	0.974278579257	0.9536	0.0625	0.0475	0.523598775598	0.5385	0	
20200423_223626.789481	0.974278579257	0.9537	0.0625	0.0475	0.523598775598	0.5385	0	
20200423_223626.798455	0.974278579257	0.9537	0.0625	0.0475	0.523598775598	0.5387	0	
20200423_223626.806003	0.974278579257	0.9537	0.0625	0.0475	0.523598775598	0.5387	0	
20200423_223626.814525	0.974278579257	0.9537	0.0625	0.0475	0.523598775598	0.5385	0	
20200423_223626.822729	0.974278579257	0.9537	0.0625	0.0475	0.523598775598	0.5379	0	
20200423_223626.831055	0.974278579257	0.9537	0.0625	0.0475	0.523598775598	0.5386	0	
20200423_223626.839539	0.974278579257	0.9537	0.0625	0.0476	0.523598775598	0.5387	0	
20200423_223626.850104	0.974278579257	0.9537	0.0625	0.0475	0.523598775598	0.5388	0	
20200423_223626.856180	0.974278579257	0.9537	0.0625	0.0475	0.523598775598	0.5384	0	
20200423_223626.865002	0.974278579257	0.9537	0.0625	0.0475	0.523598775598	0.5387	0	
20200423_223626.873111	0.974278579257	0.9537	0.0625	0.0475	0.523598775598	0.5386	0	
20200423_223626.882909	0.974278579257	0.9536	0.0625	0.0475	0.523598775598	0.5388	0	
20200423_223626.889448	0.974278579257	0.9536	0.0625	0.0475	0.523598775598	0.5387	0	
20200423_223626.898200	0.974278579257	0.9536	0.0625	0.0475	0.523598775598	0.5386	0	
20200423_223626.906809	0.974278579257	0.9536	0.0625	0.0475	0.523598775598	0.5386	0	
20200423_223626.914723	0.974278579257	0.9536	0.0625	0.0475	0.523598775598	0.5388	0	
20200423_223626.923067	0.974278579257	0.9536	0.0625	0.0475	0.523598775598	0.5386	0	
20200423_223626.932085	0.974278579257	0.9538	0.0625	0.0476	0.523598775598	0.5336	0	
20200423_223626.939563	0.974278579257	0.9536	0.0625	0.0475	0.523598775598	0.5385	0	
20200423_223626.950563	0.974278579257	0.9536	0.0625	0.0475	0.523598775598	0.539	0	
20200423_223626.956633	0.974278579257	0.9536	0.0625	0.0475	0.523598775598	0.539	0	
20200423_223626.964874	0.974278579257	0.9537	0.0625	0.0475	0.523598775598	0.5388	0	
20200423_223626.973930	0.974278579257	0.9536	0.0625	0.0475	0.523598775598	0.5386	0	
20200423_223626.981617	0.974278579257	0.9536	0.0625	0.0475	0.523598775598	0.5382	0	
20200423_223626.990130	0.974278579257	0.9536	0.0625	0.0475	0.523598775598	0.5381	0	
20200423_223626.998308	0.974278579257	0.9536	0.0625	0.0475	0.523598775598	0.5383	0	
20200423_223627.006977	0.974278579257	0.9537	0.0625	0.0475	0.523598775598	0.5386	0	
20200423_223627.014832	0.974278579257	0.9537	0.0625	0.0475	0.523598775598	0.539	0	
20200423_223627.023209	0.974278579257	0.9537	0.0625	0.0475	0.523598775598	0.5382	0	
20200423_223627.034012	0.974278579257	0.9537	0.0625	0.0475	0.523598775598	0.5384	0	
20200423_223627.039630	0.974278579257	0.9537	0.0625	0.0475	0.523598775598	0.5393	0	
20200423_223627.048765	0.974278579257	0.9536	0.0625	0.0476	0.523598775598	0.5378	0	
20200423_223627.056398	0.974278579257	0.9536	0.0625	0.0475	0.523598775598	0.5389	0	
20200423_223627.064703	0.974278579257	0.9536	0.0625	0.0475	0.523598775598	0.5389	0	
20200423_223627.072966	0.974278579257	0.9536	0.0625	0.0475	0.523598775598	0.5391	0	
20200423_223627.083850	0.974278579257	0.9536	0.0625	0.0475	0.523598775598	0.539	0	
20200423_223627.090283	0.974278579257	0.9536	0.0625	0.0475	0.523598775598	0.539	0	
20200423_223627.098893	0.974278579257	0.9536	0.0625	0.0475	0.523598775598	0.5392	0	
20200423_223627.106795	0.974278579257	0.9536	0.0625	0.0475	0.523598775598	0.5392	0	
20200423_223627.114893	0.974278579257	0.9536	0.0625	0.0475	0.523598775598	0.5393	0	
20200423_223627.122845	0.974278579257	0.9536	0.0625	0.0475	0.523598775598	0.5394	0	
20200423_223627.131830	0.974278579257	0.9539	0.0625	0.0476	0.523598775598	0.5336	0	
20200423_223627.148711	0.974278579257	0.9536	0.0625	0.0475	0.523598775598	0.5395	0	
20200423_223627.153628	0.974278579257	0.9536	0.0625	0.0475	0.523598775598	0.5393	0	
20200423_223627.159132	0.974278579257	0.9535	0.0625	0.0476	0.523598775598	0.5378	0	
20200423_223627.165333	0.974278579257	0.9536	0.0625	0.0475	0.523598775598	0.5392	0	
20200423_223627.172691	0.974278579257	0.9536	0.0625	0.0475	0.523598775598	0.5391	0	
20200423_223627.181918	0.974278579257	0.9536	0.0625	0.0475	0.523598775598	0.5392	0	
20200423_223627.191178	0.974278579257	0.9536	0.0625	0.0475	0.523598775598	0.5393	0	
20200423_223627.198236	0.974278579257	0.9536	0.0625	0.0476	0.523598775598	0.5375	0	
20200423_223627.206350	0.974278579257	0.9536	0.0625	0.0475	0.523598775598	0.539	0	
20200423_223627.215876	0.974278579257	0.9536	0.0625	0.0475	0.523598775598	0.5392	0	
20200423_223627.223699	0.974278579257	0.9536	0.0625	0.0475	0.523598775598	0.5388	0	
20200423_223627.231445	0.974278579257	0.9536	0.0625	0.0475	0.523598775598	0.5388	0	
20200423_223627.240885	0.974278579257	0.9536	0.0625	0.0475	0.523598775598	0.5394	0	
20200423_223627.248753	0.974278579257	0.9536	0.0625	0.0475	0.523598775598	0.5395	0	
20200423_223627.257068	0.974278579257	0.9536	0.0625	0.0475	0.523598775598	0.5387	0	
20200423_223627.265520	0.974278579257	0.9536	0.0625	0.0475	0.523598775598	0.5392	0	
20200423_223627.273316	0.974278579257	0.9536	0.0625	0.0475	0.523598775598	0.5389	0	
20200423_223627.281519	0.974278579257	0.9537	0.0625	0.0475	0.523598775598	0.5388	0	
20200423_223627.291014	0.974278579257	0.9537	0.0625	0.0475	0.523598775598	0.5391	0	
20200423_223627.298803	0.974278579257	0.9537	0.0625	0.0476	0.523598775598	0.5393	0	
20200423_223627.306910	0.974278579257	0.9536	0.0625	0.0475	0.523598775598	0.5395	0	
20200423_223627.315530	0.974278579257	0.9536	0.0625	0.0475	0.523598775598	0.5393	0	
20200423_223627.323338	0.974278579257	0.9536	0.0625	0.0475	0.523598775598	0.5393	0	
20200423_223627.331515	0.974278579257	0.9538	0.0625	0.0475	0.523598775598	0.5335	0	
20200423_223627.339735	0.974278579257	0.9536	0.0625	0.0475	0.523598775598	0.5394	0	
20200423_223627.348177	0.974278579257	0.9536	0.0625	0.0475	0.523598775598	0.5395	0	
20200423_223627.356367	0.974278579257	0.9536	0.0625	0.0475	0.523598775598	0.5395	0	
20200423_223627.364908	0.974278579257	0.9537	0.0625	0.0475	0.523598775598	0.5392	0	
20200423_223627.373269	0.974278579257	0.9537	0.0625	0.0475	0.523598775598	0.5393	0	
20200423_223627.381519	0.974278579257	0.9536	0.0625	0.0475	0.523598775598	0.539	0	
20200423_223627.389544	0.974278579257	0.9536	0.0625	0.0475	0.523598775598	0.539	0	
20200423_223627.397932	0.974278579257	0.9536	0.0625	0.0475	0.523598775598	0.539	0	
20200423_223627.406823	0.974278579257	0.9536	0.0625	0.0475	0.523598775598	0.539	0	
20200423_223627.415188	0.974278579257	0.9536	0.0625	0.0475	0.523598775598	0.5389	0	
20200423_223627.423532	0.974278579257	0.9536	0.0625	0.0475	0.523598775598	0.5383	0	
20200423_223627.431274	0.974278579257	0.9536	0.0625	0.0475	0.523598775598	0.5388	0	
20200423_223627.440351	0.974278579257	0.9536	0.0625	0.0475	0.523598775598	0.5392	0	
20200423_223627.449157	0.974278579257	0.9536	0.0625	0.0475	0.523598775598	0.5393	0	
20200423_223627.456203	0.974278579257	0.9536	0.0625	0.0475	0.523598775598	0.5385	0	
20200423_223627.464919	0.974278579257	0.9536	0.0625	0.0474	0.523598775598	0.5386	0	
20200423_223627.473723	0.974278579257	0.9536	0.0625	0.0475	0.523598775598	0.5383	0	
20200423_223627.481735	0.974278579257	0.9536	0.0625	0.0475	0.523598775598	0.5386	0	
20200423_223627.490119	0.974278579257	0.9536	0.0625	0.0475	0.523598775598	0.5384	0	
20200423_223627.498265	0.974278579257	0.9536	0.0625	0.0475	0.523598775598	0.5385	0	
20200423_223627.506777	0.974278579257	0.9536	0.0625	0.0475	0.523598775598	0.5388	0	
20200423_223627.515729	0.974278579257	0.9536	0.0625	0.0475	0.523598775598	0.5393	0	
20200423_223627.523090	0.974278579257	0.9537	0.0625	0.0475	0.523598775598	0.5395	0	
20200423_223627.534417	0.974278579257	0.9539	0.0625	0.0476	0.523598775598	0.5335	0	
20200423_223627.540026	0.974278579257	0.9537	0.0625	0.0475	0.523598775598	0.5385	0	
20200423_223627.548818	0.974278579257	0.9536	0.0625	0.0475	0.523598775598	0.5392	0	
20200423_223627.556767	0.974278579257	0.9536	0.0625	0.0475	0.523598775598	0.5395	0	
20200423_223627.564900	0.974278579257	0.9536	0.0625	0.0475	0.523598775598	0.5392	0	
20200423_223627.572944	0.974278579257	0.9536	0.0625	0.0475	0.523598775598	0.5398	0	
20200423_223627.580999	0.974278579257	0.9536	0.0625	0.0475	0.523598775598	0.5396	0	
20200423_223627.589298	0.974278579257	0.9536	0.0625	0.0475	0.523598775598	0.5397	0	
20200423_223627.597993	0.974278579257	0.9536	0.0625	0.0475	0.523598775598	0.5399	0	
20200423_223627.606013	0.974278579257	0.9536	0.0625	0.0475	0.523598775598	0.5399	0	
20200423_223627.614656	0.974278579257	0.9536	0.0625	0.0475	0.523598775598	0.5396	0	
20200423_223627.623264	0.974278579257	0.9536	0.0625	0.0475	0.523598775598	0.5389	0	
20200423_223627.630989	0.974278579257	0.9536	0.0625	0.0475	0.523598775598	0.5393	0	
20200423_223627.639805	0.974278579257	0.9536	0.0625	0.0476	0.523598775598	0.5402	0	
20200423_223627.647819	0.974278579257	0.9536	0.0625	0.0475	0.523598775598	0.5401	0	
20200423_223627.657228	0.974278579257	0.9536	0.0625	0.0475	0.523598775598	0.5392	0	
20200423_223627.665031	0.974278579257	0.9536	0.0625	0.0475	0.523598775598	0.5394	0	
20200423_223627.672995	0.974278579257	0.9536	0.0625	0.0475	0.523598775598	0.5393	0	
20200423_223627.681827	0.974278579257	0.9536	0.0625	0.0475	0.523598775598	0.5393	0	
20200423_223627.690432	0.974278579257	0.9535	0.0625	0.0476	0.523598775598	0.5381	0	
20200423_223627.698239	0.974278579257	0.9536	0.0625	0.0475	0.523598775598	0.5392	0	
20200423_223627.706414	0.974278579257	0.9535	0.0625	0.0476	0.523598775598	0.5376	0	
20200423_223627.715401	0.974278579257	0.9535	0.0625	0.0476	0.523598775598	0.5373	0	
20200423_223627.723731	0.974278579257	0.9535	0.0625	0.0476	0.523598775598	0.5377	0	
20200423_223627.731758	0.974278579257	0.9538	0.0625	0.0475	0.523598775598	0.5337	0	
20200423_223627.740077	0.974278579257	0.9535	0.0625	0.0475	0.523598775598	0.5376	0	
20200423_223627.748339	0.974278579257	0.9536	0.0625	0.0475	0.523598775598	0.5378	0	
20200423_223627.756260	0.974278579257	0.9536	0.0625	0.0475	0.523598775598	0.5379	0	
20200423_223627.765102	0.974278579257	0.9536	0.0625	0.0475	0.523598775598	0.5397	0	
20200423_223627.772830	0.974278579257	0.9536	0.0625	0.0475	0.523598775598	0.5392	0	
20200423_223627.781645	0.974278579257	0.9536	0.0625	0.0475	0.523598775598	0.5391	0	
20200423_223627.789510	0.974278579257	0.9536	0.0625	0.0475	0.523598775598	0.5392	0	
20200423_223627.798412	0.974278579257	0.9536	0.0625	0.0475	0.523598775598	0.5389	0	
20200423_223627.806043	0.974278579257	0.9536	0.0625	0.0475	0.523598775598	0.5389	0	
20200423_223627.814608	0.974278579257	0.9536	0.0625	0.0475	0.523598775598	0.5391	0	
20200423_223627.823224	0.974278579257	0.9536	0.0625	0.0474	0.523598775598	0.5387	0	
20200423_223627.831919	0.974278579257	0.9537	0.0625	0.0475	0.523598775598	0.5384	0	
20200423_223627.839335	0.974278579257	0.9536	0.0625	0.0475	0.523598775598	0.5394	0	
20200423_223627.847394	0.974278579257	0.9536	0.0625	0.0475	0.523598775598	0.5392	0	
20200423_223627.856720	0.974278579257	0.9536	0.0625	0.0475	0.523598775598	0.5385	0	
20200423_223627.864333	0.974278579257	0.9536	0.0625	0.0475	0.523598775598	0.5385	0	
20200423_223627.872578	0.974278579257	0.9536	0.0625	0.0475	0.523598775598	0.5384	0	
20200423_223627.881922	0.974278579257	0.9536	0.0625	0.0475	0.523598775598	0.5389	0	
20200423_223627.889666	0.974278579257	0.9536	0.0625	0.0475	0.523598775598	0.5388	0	
20200423_223627.898063	0.974278579257	0.9536	0.0625	0.0474	0.523598775598	0.5386	0	
20200423_223627.906289	0.974278579257	0.9536	0.0625	0.0474	0.523598775598	0.539	0	
20200423_223627.917022	0.974278579257	0.9536	0.0625	0.0475	0.523598775598	0.5393	0	
20200423_223627.922711	0.974278579257	0.9535	0.0625	0.0475	0.523598775598	0.5379	0	
20200423_223627.931936	0.974278579257	0.9538	0.0625	0.0475	0.523598775598	0.5338	0	
20200423_223627.940715	0.974278579257	0.9535	0.0625	0.0476	0.523598775598	0.5376	0	
20200423_223627.948144	0.974278579257	0.9535	0.0625	0.0476	0.523598775598	0.5374	0	
20200423_223627.956732	0.974278579257	0.9535	0.0625	0.0476	0.523598775598	0.5374	0	
20200423_223627.964724	0.974278579257	0.9536	0.0625	0.0475	0.523598775598	0.5378	0	
20200423_223627.973666	0.974278579257	0.9536	0.0625	0.0475	0.523598775598	0.5381	0	
20200423_223627.985269	0.974278579257	0.9536	0.0625	0.0475	0.523598775598	0.5381	0	
20200423_223627.990041	0.974278579257	0.9536	0.0625	0.0475	0.523598775598	0.5376	0	
20200423_223627.997900	0.974278579257	0.9536	0.0625	0.0475	0.523598775598	0.5377	0	
20200423_223628.006635	0.974278579257	0.9535	0.0625	0.0475	0.523598775598	0.5374	0	
20200423_223628.014910	0.974278579257	0.9536	0.0625	0.0475	0.523598775598	0.5391	0	
20200423_223628.023698	0.974278579257	0.9536	0.0625	0.0475	0.523598775598	0.5387	0	
20200423_223628.032806	0.974278579257	0.9536	0.0625	0.0475	0.523598775598	0.5385	0	
20200423_223628.040423	0.974278579257	0.9535	0.0625	0.0476	0.523598775598	0.5381	0	
20200423_223628.047711	0.974278579257	0.9536	0.0625	0.0475	0.523598775598	0.5396	0	
20200423_223628.056108	0.974278579257	0.9537	0.0625	0.0475	0.523598775598	0.539	0	
20200423_223628.064804	0.974278579257	0.9537	0.0625	0.0474	0.523598775598	0.5392	0	
20200423_223628.073251	0.974278579257	0.9536	0.0625	0.0475	0.523598775598	0.5378	0	
20200423_223628.081518	0.974278579257	0.9536	0.0625	0.0475	0.523598775598	0.5399	0	
20200423_223628.090420	0.974278579257	0.9536	0.0625	0.0475	0.523598775598	0.5398	0	
20200423_223628.098462	0.974278579257	0.9535	0.0625	0.0475	0.523598775598	0.5393	0	
20200423_223628.106639	0.974278579257	0.9536	0.0625	0.0475	0.523598775598	0.5395	0	
20200423_223628.115095	0.974278579257	0.9536	0.0625	0.0475	0.523598775598	0.5395	0	
20200423_223628.123794	0.974278579257	0.9536	0.0625	0.0475	0.523598775598	0.5394	0	
20200423_223628.131802	0.974278579257	0.9538	0.0625	0.0475	0.523598775598	0.5337	0	
20200423_223628.139984	0.974278579257	0.9536	0.0625	0.0475	0.523598775598	0.5396	0	
20200423_223628.148454	0.974278579257	0.9536	0.0625	0.0475	0.523598775598	0.5399	0	
20200423_223628.156456	0.974278579257	0.9536	0.0625	0.0475	0.523598775598	0.5398	0	
20200423_223628.164678	0.974278579257	0.9536	0.0625	0.0475	0.523598775598	0.5396	0	
20200423_223628.173101	0.974278579257	0.9536	0.0625	0.0475	0.523598775598	0.5395	0	
20200423_223628.183304	0.974278579257	0.9536	0.0625	0.0475	0.523598775598	0.5395	0	
20200423_223628.189250	0.974278579257	0.9536	0.0625	0.0476	0.523598775598	0.5397	0	
20200423_223628.197945	0.974278579257	0.9536	0.0625	0.0475	0.523598775598	0.5396	0	
20200423_223628.206984	0.974278579257	0.9536	0.0625	0.0475	0.523598775598	0.5394	0	
20200423_223628.215316	0.974278579257	0.9536	0.0625	0.0475	0.523598775598	0.539	0	
20200423_223628.223697	0.974278579257	0.9536	0.0625	0.0474	0.523598775598	0.5387	0	
20200423_223628.231229	0.974278579257	0.9535	0.0625	0.0475	0.523598775598	0.5374	0	
20200423_223628.239557	0.974278579257	0.9535	0.0625	0.0476	0.523598775598	0.5379	0	
20200423_223628.247832	0.974278579257	0.9536	0.0625	0.0475	0.523598775598	0.5399	0	
20200423_223628.256156	0.974278579257	0.9536	0.0625	0.0475	0.523598775598	0.539	0	
20200423_223628.264472	0.974278579257	0.9536	0.0625	0.0475	0.523598775598	0.5392	0	
20200423_223628.273467	0.974278579257	0.9536	0.0625	0.0475	0.523598775598	0.5388	0	
20200423_223628.281692	0.974278579257	0.9536	0.0625	0.0475	0.523598775598	0.5386	0	
20200423_223628.289656	0.974278579257	0.9536	0.0625	0.0475	0.523598775598	0.5388	0	
20200423_223628.297717	0.974278579257	0.9537	0.0625	0.0475	0.523598775598	0.5387	0	
20200423_223628.306221	0.974278579257	0.9536	0.0625	0.0475	0.523598775598	0.539	0	
20200423_223628.314690	0.974278579257	0.9536	0.0625	0.0475	0.523598775598	0.539	0	
20200423_223628.324451	0.974278579257	0.9535	0.0625	0.0475	0.523598775598	0.5376	0	
20200423_223628.331271	0.974278579257	0.9538	0.0625	0.0475	0.523598775598	0.5333	0	
20200423_223628.340024	0.974278579257	0.9536	0.0625	0.0475	0.523598775598	0.5393	0	
20200423_223628.348400	0.974278579257	0.9536	0.0625	0.0475	0.523598775598	0.5395	0	
20200423_223628.356265	0.974278579257	0.9536	0.0625	0.0475	0.523598775598	0.5394	0	
20200423_223628.365086	0.974278579257	0.9536	0.0625	0.0476	0.523598775598	0.5395	0	
20200423_223628.372928	0.974278579257	0.9536	0.0625	0.0475	0.523598775598	0.5396	0	
20200423_223628.381262	0.974278579257	0.9536	0.0625	0.0475	0.523598775598	0.5395	0	
20200423_223628.389352	0.974278579257	0.9536	0.0625	0.0475	0.523598775598	0.5394	0	
20200423_223628.397944	0.974278579257	0.9536	0.0625	0.0475	0.523598775598	0.5391	0	
20200423_223628.406785	0.974278579257	0.9536	0.0625	0.0475	0.523598775598	0.5393	0	
20200423_223628.415239	0.974278579257	0.9536	0.0625	0.0475	0.523598775598	0.5388	0	
20200423_223628.422910	0.974278579257	0.9536	0.0625	0.0475	0.523598775598	0.5387	0	
20200423_223628.431092	0.974278579257	0.9536	0.0625	0.0475	0.523598775598	0.5387	0	
20200423_223628.439397	0.974278579257	0.9536	0.0625	0.0475	0.523598775598	0.5395	0	
20200423_223628.448043	0.974278579257	0.9536	0.0625	0.0476	0.523598775598	0.5401	0	
20200423_223628.456234	0.974278579257	0.9536	0.0625	0.0475	0.523598775598	0.5392	0	
20200423_223628.464503	0.974278579257	0.9536	0.0625	0.0475	0.523598775598	0.5385	0	
20200423_223628.472748	0.974278579257	0.9536	0.0625	0.0474	0.523598775598	0.5383	0	
20200423_223628.482534	0.974278579257	0.9536	0.0625	0.0474	0.523598775598	0.5385	0	
20200423_223628.489384	0.974278579257	0.9536	0.0625	0.0474	0.523598775598	0.539	0	
20200423_223628.498473	0.974278579257	0.9536	0.0625	0.0475	0.523598775598	0.5386	0	
20200423_223628.506177	0.974278579257	0.9536	0.0625	0.0475	0.523598775598	0.5384	0	
20200423_223628.516987	0.974278579257	0.9536	0.0625	0.0475	0.523598775598	0.5388	0	
20200423_223628.523400	0.974278579257	0.9536	0.0625	0.0475	0.523598775598	0.5388	0	
20200423_223628.531103	0.974278579257	0.9538	0.0625	0.0475	0.523598775598	0.5336	0	
20200423_223628.539350	0.974278579257	0.9538	0.0625	0.0475	0.523598775598	0.5338	0	
20200423_223628.551051	0.974278579257	0.9536	0.0625	0.0474	0.523598775598	0.539	0	
20200423_223628.556736	0.974278579257	0.9536	0.0625	0.0475	0.523598775598	0.5394	0	
20200423_223628.564677	0.974278579257	0.9536	0.0625	0.0475	0.523598775598	0.5393	0	
20200423_223628.573067	0.974278579257	0.9536	0.0625	0.0475	0.523598775598	0.5394	0	
20200423_223628.581036	0.974278579257	0.9536	0.0625	0.0475	0.523598775598	0.5393	0	
20200423_223628.589209	0.974278579257	0.9536	0.0625	0.0475	0.523598775598	0.5389	0	
20200423_223628.597577	0.974278579257	0.9536	0.0625	0.0475	0.523598775598	0.5393	0	
20200423_223628.605639	0.974278579257	0.9536	0.0625	0.0475	0.523598775598	0.5387	0	
20200423_223628.614220	0.974278579257	0.9536	0.0625	0.0475	0.523598775598	0.5391	0	
20200423_223628.622754	0.974278579257	0.9536	0.0625	0.0474	0.523598775598	0.5386	0	
20200423_223628.630815	0.974278579257	0.9536	0.0625	0.0475	0.523598775598	0.5386	0	
20200423_223628.639164	0.974278579257	0.9536	0.0625	0.0475	0.523598775598	0.5395	0	
20200423_223628.648451	0.974278579257	0.9536	0.0625	0.0476	0.523598775598	0.5408	0	
20200423_223628.656003	0.974278579257	0.9536	0.0625	0.0475	0.523598775598	0.5394	0	
20200423_223628.664634	0.974278579257	0.9536	0.0625	0.0475	0.523598775598	0.539	0	
20200423_223628.672912	0.974278579257	0.9535	0.0625	0.0475	0.523598775598	0.5391	0	
20200423_223628.682619	0.974278579257	0.9535	0.0625	0.0475	0.523598775598	0.5391	0	
20200423_223628.689949	0.974278579257	0.9536	0.0625	0.0475	0.523598775598	0.5392	0	
20200423_223628.697884	0.974278579257	0.9536	0.0625	0.0475	0.523598775598	0.5392	0	
20200423_223628.706590	0.974278579257	0.9536	0.0625	0.0475	0.523598775598	0.5387	0	
20200423_223628.715270	0.974278579257	0.9536	0.0625	0.0475	0.523598775598	0.5396	0	
20200423_223628.722796	0.974278579257	0.9536	0.0625	0.0475	0.523598775598	0.5395	0	
20200423_223628.731085	0.974278579257	0.9536	0.0625	0.0475	0.523598775598	0.5396	0	
20200423_223628.739229	0.974278579257	0.9535	0.0625	0.0475	0.523598775598	0.5395	0	
20200423_223628.748928	0.974278579257	0.9535	0.0625	0.0475	0.523598775598	0.5398	0	
20200423_223628.756231	0.974278579257	0.9535	0.0625	0.0475	0.523598775598	0.5398	0	
20200423_223628.764603	0.974278579257	0.9535	0.0625	0.0475	0.523598775598	0.5393	0	
20200423_223628.772585	0.974278579257	0.9536	0.0625	0.0475	0.523598775598	0.5395	0	
20200423_223628.781332	0.974278579257	0.9536	0.0625	0.0475	0.523598775598	0.5395	0	
20200423_223628.789373	0.974278579257	0.9536	0.0625	0.0475	0.523598775598	0.5398	0	
20200423_223628.797777	0.974278579257	0.9536	0.0625	0.0475	0.523598775598	0.5396	0	
20200423_223628.806159	0.974278579257	0.9536	0.0625	0.0475	0.523598775598	0.5394	0	
20200423_223628.814552	0.974278579257	0.9536	0.0625	0.0475	0.523598775598	0.5394	0	
20200423_223628.823288	0.974278579257	0.9536	0.0625	0.0475	0.523598775598	0.5389	0	
20200423_223628.831340	0.974278579257	0.9536	0.0625	0.0475	0.523598775598	0.5387	0	
20200423_223628.840141	0.974278579257	0.9536	0.0625	0.0476	0.523598775598	0.5395	0	
20200423_223628.847785	0.974278579257	0.9536	0.0625	0.0476	0.523598775598	0.5399	0	
20200423_223628.856600	0.974278579257	0.9536	0.0625	0.0475	0.523598775598	0.5393	0	
20200423_223628.864300	0.974278579257	0.9536	0.0625	0.0475	0.523598775598	0.5395	0	
20200423_223628.872913	0.974278579257	0.9536	0.0625	0.0475	0.523598775598	0.5394	0	
20200423_223628.881540	0.974278579257	0.9536	0.0625	0.0475	0.523598775598	0.5393	0	
20200423_223628.889392	0.974278579257	0.9536	0.0625	0.0475	0.523598775598	0.5391	0	
20200423_223628.898661	0.974278579257	0.9535	0.0625	0.0475	0.523598775598	0.5376	0	
20200423_223628.906155	0.974278579257	0.9535	0.0625	0.0476	0.523598775598	0.5376	0	
20200423_223628.915347	0.974278579257	0.9536	0.0625	0.0475	0.523598775598	0.539	0	
20200423_223628.923484	0.974278579257	0.9536	0.0625	0.0475	0.523598775598	0.5393	0	
20200423_223628.930997	0.974278579257	0.9536	0.0625	0.0475	0.523598775598	0.5395	0	
20200423_223628.939884	0.974278579257	0.9538	0.0625	0.0475	0.523598775598	0.5338	0	
20200423_223628.949208	0.974278579257	0.9536	0.0625	0.0475	0.523598775598	0.5392	0	
20200423_223628.956169	0.974278579257	0.9537	0.0625	0.0475	0.523598775598	0.5394	0	
20200423_223628.964708	0.974278579257	0.9536	0.0625	0.0475	0.523598775598	0.5394	0	
20200423_223628.972849	0.974278579257	0.9536	0.0625	0.0475	0.523598775598	0.5392	0	
20200423_223628.981370	0.974278579257	0.9536	0.0625	0.0475	0.523598775598	0.5391	0	
20200423_223628.989675	0.974278579257	0.9536	0.0625	0.0475	0.523598775598	0.5398	0	
20200423_223628.998776	0.974278579257	0.9536	0.0625	0.0475	0.523598775598	0.5399	0	
20200423_223629.006360	0.974278579257	0.9535	0.0625	0.0475	0.523598775598	0.5381	0	
20200423_223629.014548	0.974278579257	0.9536	0.0625	0.0475	0.523598775598	0.5379	0	
20200423_223629.022785	0.974278579257	0.9536	0.0625	0.0475	0.523598775598	0.5372	0	
20200423_223629.032134	0.974278579257	0.9536	0.0625	0.0475	0.523598775598	0.5388	0	
20200423_223629.040419	0.974278579257	0.9536	0.0625	0.0475	0.523598775598	0.5387	0	
20200423_223629.048471	0.974278579257	0.9536	0.0625	0.0475	0.523598775598	0.5397	0	
20200423_223629.056914	0.974278579257	0.9536	0.0625	0.0475	0.523598775598	0.5397	0	
20200423_223629.064519	0.974278579257	0.9535	0.0625	0.0475	0.523598775598	0.539	0	
20200423_223629.073865	0.974278579257	0.9536	0.0625	0.0475	0.523598775598	0.539	0	
20200423_223629.082141	0.974278579257	0.9535	0.0625	0.0475	0.523598775598	0.5374	0	
20200423_223629.090068	0.974278579257	0.9536	0.0625	0.0474	0.523598775598	0.5392	0	
20200423_223629.097619	0.974278579257	0.9536	0.0625	0.0475	0.523598775598	0.5391	0	
20200423_223629.106301	0.974278579257	0.9536	0.0625	0.0475	0.523598775598	0.5391	0	
20200423_223629.114312	0.974278579257	0.9536	0.0625	0.0475	0.523598775598	0.539	0	
20200423_223629.123739	0.974278579257	0.9536	0.0625	0.0475	0.523598775598	0.5396	0	
20200423_223629.131102	0.974278579257	0.9536	0.0625	0.0475	0.523598775598	0.5392	0	
20200423_223629.139220	0.974278579257	0.9538	0.0625	0.0476	0.523598775598	0.5341	0	
20200423_223629.150691	0.974278579257	0.9536	0.0625	0.0475	0.523598775598	0.5394	0	
20200423_223629.156052	0.974278579257	0.9536	0.0625	0.0476	0.523598775598	0.5394	0	
20200423_223629.164249	0.974278579257	0.9536	0.0625	0.0475	0.523598775598	0.5396	0	
20200423_223629.173110	0.974278579257	0.9536	0.0625	0.0475	0.523598775598	0.5399	0	
20200423_223629.181172	0.974278579257	0.9537	0.0625	0.0475	0.523598775598	0.5391	0	
20200423_223629.189853	0.974278579257	0.9536	0.0625	0.0475	0.523598775598	0.5393	0	
20200423_223629.198191	0.974278579257	0.9536	0.0625	0.0475	0.523598775598	0.5395	0	
20200423_223629.206245	0.974278579257	0.9536	0.0625	0.0475	0.523598775598	0.5393	0	
20200423_223629.215552	0.974278579257	0.9536	0.0625	0.0475	0.523598775598	0.5395	0	
20200423_223629.222742	0.974278579257	0.9536	0.0625	0.0475	0.523598775598	0.5387	0	
20200423_223629.231055	0.974278579257	0.9536	0.0625	0.0475	0.523598775598	0.539	0	
20200423_223629.239178	0.974278579257	0.9536	0.0625	0.0475	0.523598775598	0.5398	0	
20200423_223629.248607	0.974278579257	0.9536	0.0625	0.0475	0.523598775598	0.5403	0	
20200423_223629.256054	0.974278579257	0.9536	0.0625	0.0475	0.523598775598	0.5397	0	
20200423_223629.264920	0.974278579257	0.9536	0.0625	0.0475	0.523598775598	0.5392	0	
20200423_223629.272734	0.974278579257	0.9536	0.0625	0.0475	0.523598775598	0.5386	0	
20200423_223629.282664	0.974278579257	0.9536	0.0625	0.0475	0.523598775598	0.539	0	
20200423_223629.290419	0.974278579257	0.9536	0.0625	0.0475	0.523598775598	0.539	0	
20200423_223629.298149	0.974278579257	0.9536	0.0625	0.0475	0.523598775598	0.5393	0	
20200423_223629.305956	0.974278579257	0.9536	0.0625	0.0475	0.523598775598	0.5393	0	
20200423_223629.315085	0.974278579257	0.9536	0.0625	0.0475	0.523598775598	0.5393	0	
20200423_223629.322910	0.974278579257	0.9536	0.0625	0.0475	0.523598775598	0.5396	0	
20200423_223629.330952	0.974278579257	0.9536	0.0625	0.0475	0.523598775598	0.5398	0	
20200423_223629.339984	0.974278579257	0.9538	0.0625	0.0475	0.523598775598	0.5339	0	
20200423_223629.348297	0.974278579257	0.9536	0.0625	0.0474	0.523598775598	0.5397	0	
20200423_223629.356902	0.974278579257	0.9536	0.0625	0.0475	0.523598775598	0.54	0	
20200423_223629.364758	0.974278579257	0.9536	0.0625	0.0475	0.523598775598	0.5397	0	
20200423_223629.373863	0.974278579257	0.9536	0.0625	0.0475	0.523598775598	0.5397	0	
20200423_223629.380976	0.974278579257	0.9536	0.0625	0.0475	0.523598775598	0.5397	0	
20200423_223629.389463	0.974278579257	0.9536	0.0625	0.0475	0.523598775598	0.5396	0	
20200423_223629.397817	0.974278579257	0.9536	0.0625	0.0475	0.523598775598	0.5395	0	
20200423_223629.406029	0.974278579257	0.9536	0.0625	0.0475	0.523598775598	0.5396	0	
20200423_223629.415089	0.974278579257	0.9536	0.0625	0.0475	0.523598775598	0.5396	0	
20200423_223629.422956	0.974278579257	0.9536	0.0625	0.0475	0.523598775598	0.5393	0	
20200423_223629.431377	0.974278579257	0.9536	0.0625	0.0475	0.523598775598	0.5391	0	
20200423_223629.439360	0.974278579257	0.9536	0.0625	0.0475	0.523598775598	0.5399	0	
20200423_223629.448735	0.974278579257	0.9536	0.0625	0.0475	0.523598775598	0.5401	0	
20200423_223629.456230	0.974278579257	0.9536	0.0625	0.0475	0.523598775598	0.54	0	
20200423_223629.464712	0.974278579257	0.9536	0.0625	0.0475	0.523598775598	0.5392	0	
20200423_223629.472811	0.974278579257	0.9536	0.0625	0.0475	0.523598775598	0.5391	0	
20200423_223629.482286	0.974278579257	0.9536	0.0625	0.0475	0.523598775598	0.539	0	
20200423_223629.490231	0.974278579257	0.9536	0.0625	0.0475	0.523598775598	0.5393	0	
20200423_223629.497703	0.974278579257	0.9536	0.0625	0.0475	0.523598775598	0.5396	0	
20200423_223629.506580	0.974278579257	0.9536	0.0625	0.0475	0.523598775598	0.5391	0	
20200423_223629.514703	0.974278579257	0.9536	0.0625	0.0475	0.523598775598	0.5391	0	
20200423_223629.522811	0.974278579257	0.9536	0.0625	0.0475	0.523598775598	0.5391	0	
20200423_223629.531282	0.974278579257	0.9536	0.0625	0.0475	0.523598775598	0.539	0	
20200423_223629.539649	0.974278579257	0.9538	0.0625	0.0476	0.523598775598	0.5338	0	
20200423_223629.548202	0.974278579257	0.9536	0.0625	0.0475	0.523598775598	0.5391	0	
20200423_223629.557206	0.974278579257	0.9536	0.0625	0.0475	0.523598775598	0.5395	0	
20200423_223629.565381	0.974278579257	0.9536	0.0625	0.0475	0.523598775598	0.5393	0	
20200423_223629.572442	0.974278579257	0.9536	0.0625	0.0475	0.523598775598	0.5397	0	
20200423_223629.581161	0.974278579257	0.9536	0.0625	0.0475	0.523598775598	0.5393	0	
20200423_223629.589272	0.974278579257	0.9536	0.0625	0.0475	0.523598775598	0.5395	0	
20200423_223629.597608	0.974278579257	0.9536	0.0625	0.0475	0.523598775598	0.5391	0	
20200423_223629.605893	0.974278579257	0.9536	0.0625	0.0475	0.523598775598	0.5395	0	
20200423_223629.614622	0.974278579257	0.9536	0.0625	0.0475	0.523598775598	0.5394	0	
20200423_223629.622493	0.974278579257	0.9535	0.0625	0.0475	0.523598775598	0.5389	0	
20200423_223629.630689	0.974278579257	0.9535	0.0625	0.0475	0.523598775598	0.5389	0	
20200423_223629.639115	0.974278579257	0.9535	0.0625	0.0475	0.523598775598	0.5391	0	
20200423_223629.648480	0.974278579257	0.9536	0.0625	0.0475	0.523598775598	0.5396	0	
20200423_223629.656247	0.974278579257	0.9536	0.0625	0.0475	0.523598775598	0.5398	0	
20200423_223629.664748	0.974278579257	0.9536	0.0625	0.0474	0.523598775598	0.5389	0	
20200423_223629.673060	0.974278579257	0.9536	0.0625	0.0474	0.523598775598	0.5387	0	
20200423_223629.681730	0.974278579257	0.9536	0.0625	0.0475	0.523598775598	0.5391	0	
20200423_223629.689415	0.974278579257	0.9536	0.0625	0.0475	0.523598775598	0.5386	0	
20200423_223629.698295	0.974278579257	0.9535	0.0625	0.0475	0.523598775598	0.5384	0	
20200423_223629.706010	0.974278579257	0.9535	0.0625	0.0475	0.523598775598	0.5387	0	
20200423_223629.715549	0.974278579257	0.9535	0.0625	0.0475	0.523598775598	0.5387	0	
20200423_223629.723271	0.974278579257	0.9536	0.0625	0.0475	0.523598775598	0.5391	0	
20200423_223629.731783	0.974278579257	0.9536	0.0625	0.0475	0.523598775598	0.539	0	
20200423_223629.739293	0.974278579257	0.9538	0.0625	0.0475	0.523598775598	0.5337	0	
20200423_223629.748699	0.974278579257	0.9536	0.0625	0.0475	0.523598775598	0.5395	0	
20200423_223629.756822	0.974278579257	0.9536	0.0625	0.0475	0.523598775598	0.5395	0	
20200423_223629.764523	0.974278579257	0.9536	0.0625	0.0475	0.523598775598	0.5396	0	
20200423_223629.773182	0.974278579257	0.9536	0.0625	0.0475	0.523598775598	0.5398	0	
20200423_223629.781743	0.974278579257	0.9536	0.0625	0.0475	0.523598775598	0.5393	0	
20200423_223629.789464	0.974278579257	0.9535	0.0625	0.0475	0.523598775598	0.5393	0	
20200423_223629.798099	0.974278579257	0.9536	0.0625	0.0475	0.523598775598	0.5395	0	
20200423_223629.806197	0.974278579257	0.9536	0.0625	0.0475	0.523598775598	0.5392	0	
20200423_223629.817718	0.974278579257	0.9536	0.0625	0.0475	0.523598775598	0.5387	0	
20200423_223629.822986	0.974278579257	0.9536	0.0625	0.0475	0.523598775598	0.5395	0	
20200423_223629.831593	0.974278579257	0.9536	0.0625	0.0474	0.523598775598	0.5392	0	
20200423_223629.839216	0.974278579257	0.9536	0.0625	0.0475	0.523598775598	0.539	0	
20200423_223629.848397	0.974278579257	0.9536	0.0625	0.0475	0.523598775598	0.5395	0	
20200423_223629.856172	0.974278579257	0.9536	0.0625	0.0475	0.523598775598	0.5394	0	
20200423_223629.864445	0.974278579257	0.9535	0.0625	0.0475	0.523598775598	0.5388	0	
20200423_223629.873034	0.974278579257	0.9535	0.0625	0.0475	0.523598775598	0.5387	0	
20200423_223629.881063	0.974278579257	0.9535	0.0625	0.0475	0.523598775598	0.5392	0	
20200423_223629.889382	0.974278579257	0.9536	0.0625	0.0474	0.523598775598	0.5392	0	
20200423_223629.898233	0.974278579257	0.9536	0.0625	0.0474	0.523598775598	0.5379	0	
20200423_223629.906507	0.974278579257	0.9536	0.0625	0.0474	0.523598775598	0.5395	0	
20200423_223629.914529	0.974278579257	0.9536	0.0625	0.0474	0.523598775598	0.5391	0	
20200423_223629.923000	0.974278579257	0.9536	0.0625	0.0475	0.523598775598	0.5394	0	
20200423_223629.930907	0.974278579257	0.9536	0.0625	0.0475	0.523598775598	0.5392	0	
20200423_223629.939964	0.974278579257	0.9538	0.0625	0.0476	0.523598775598	0.534	0	
20200423_223629.948686	0.974278579257	0.9535	0.0625	0.0475	0.523598775598	0.5394	0	
20200423_223629.956074	0.974278579257	0.9535	0.0625	0.0475	0.523598775598	0.5392	0	
20200423_223629.964218	0.974278579257	0.9536	0.0625	0.0475	0.523598775598	0.5394	0	
20200423_223629.972708	0.974278579257	0.9536	0.0625	0.0475	0.523598775598	0.5401	0	
20200423_223629.980948	0.974278579257	0.9536	0.0625	0.0475	0.523598775598	0.5395	0	
20200423_223629.989539	0.974278579257	0.9536	0.0625	0.0475	0.523598775598	0.5395	0	
20200423_223629.997995	0.974278579257	0.9535	0.0625	0.0475	0.523598775598	0.5389	0	
20200423_223630.006605	0.974278579257	0.9536	0.0625	0.0475	0.523598775598	0.5393	0	
20200423_223630.015259	0.974278579257	0.9536	0.0625	0.0475	0.523598775598	0.5392	0	
20200423_223630.023321	0.974278579257	0.9535	0.0625	0.0475	0.523598775598	0.5395	0	
20200423_223630.031030	0.974278579257	0.9536	0.0625	0.0475	0.523598775598	0.5385	0	
20200423_223630.039920	0.974278579257	0.9536	0.0625	0.0475	0.523598775598	0.5395	0	
20200423_223630.048588	0.974278579257	0.9536	0.0625	0.0475	0.523598775598	0.54	0	
20200423_223630.056691	0.974278579257	0.9537	0.0625	0.0475	0.523598775598	0.5387	0	
20200423_223630.064764	0.974278579257	0.9537	0.0625	0.0474	0.523598775598	0.5378	0	
20200423_223630.073188	0.974278579257	0.9536	0.0625	0.0475	0.523598775598	0.5393	0	
20200423_223630.081746	0.974278579257	0.9536	0.0625	0.0475	0.523598775598	0.539	0	
20200423_223630.089463	0.974278579257	0.9535	0.0625	0.0475	0.523598775598	0.5393	0	
20200423_223630.097971	0.974278579257	0.9535	0.0625	0.0475	0.523598775598	0.5393	0	
20200423_223630.105938	0.974278579257	0.9535	0.0625	0.0475	0.523598775598	0.5393	0	
20200423_223630.115306	0.974278579257	0.9535	0.0625	0.0475	0.523598775598	0.5394	0	
20200423_223630.123159	0.974278579257	0.9536	0.0625	0.0475	0.523598775598	0.539	0	
20200423_223630.131355	0.974278579257	0.9536	0.0625	0.0474	0.523598775598	0.5395	0	
20200423_223630.139523	0.974278579257	0.9538	0.0625	0.0475	0.523598775598	0.534	0	
20200423_223630.151806	0.974278579257	0.9536	0.0625	0.0474	0.523598775598	0.5392	0	
20200423_223630.156025	0.974278579257	0.9536	0.0625	0.0475	0.523598775598	0.5396	0	
20200423_223630.164144	0.974278579257	0.9535	0.0625	0.0475	0.523598775598	0.5396	0	
20200423_223630.173351	0.974278579257	0.9535	0.0625	0.0475	0.523598775598	0.5392	0	
20200423_223630.181946	0.974278579257	0.9535	0.0625	0.0475	0.523598775598	0.5394	0	
20200423_223630.189422	0.974278579257	0.9535	0.0625	0.0475	0.523598775598	0.5391	0	
20200423_223630.198611	0.974278579257	0.9536	0.0625	0.0474	0.523598775598	0.5389	0	
20200423_223630.205945	0.974278579257	0.9536	0.0625	0.0474	0.523598775598	0.5392	0	
20200423_223630.214886	0.974278579257	0.9536	0.0625	0.0474	0.523598775598	0.5393	0	
20200423_223630.222855	0.974278579257	0.9536	0.0625	0.0475	0.523598775598	0.5394	0	
20200423_223630.230982	0.974278579257	0.9535	0.0625	0.0475	0.523598775598	0.5387	0	
20200423_223630.239402	0.974278579257	0.9536	0.0625	0.0475	0.523598775598	0.5388	0	
20200423_223630.248299	0.974278579257	0.9536	0.0625	0.0476	0.523598775598	0.5393	0	
20200423_223630.256673	0.974278579257	0.9536	0.0625	0.0475	0.523598775598	0.5393	0	
20200423_223630.264542	0.974278579257	0.9536	0.0625	0.0475	0.523598775598	0.5388	0	
20200423_223630.272532	0.974278579257	0.9535	0.0625	0.0474	0.523598775598	0.5389	0	
20200423_223630.281297	0.974278579257	0.9535	0.0625	0.0474	0.523598775598	0.5393	0	
20200423_223630.289583	0.974278579257	0.9536	0.0625	0.0474	0.523598775598	0.5375	0	
20200423_223630.297767	0.974278579257	0.9535	0.0625	0.0475	0.523598775598	0.5392	0	
20200423_223630.305938	0.974278579257	0.9535	0.0625	0.0475	0.523598775598	0.539	0	
20200423_223630.315171	0.974278579257	0.9535	0.0625	0.0475	0.523598775598	0.5391	0	
20200423_223630.322709	0.974278579257	0.9535	0.0625	0.0475	0.523598775598	0.5392	0	
20200423_223630.331440	0.974278579257	0.9535	0.0625	0.0475	0.523598775598	0.5392	0	
20200423_223630.339568	0.974278579257	0.9537	0.0625	0.0475	0.523598775598	0.5341	0	
20200423_223630.347954	0.974278579257	0.9535	0.0625	0.0475	0.523598775598	0.5394	0	
20200423_223630.357237	0.974278579257	0.9536	0.0625	0.0475	0.523598775598	0.5397	0	
20200423_223630.364877	0.974278579257	0.9536	0.0625	0.0475	0.523598775598	0.5398	0	
20200423_223630.373158	0.974278579257	0.9536	0.0625	0.0475	0.523598775598	0.5395	0	
20200423_223630.382049	0.974278579257	0.9536	0.0625	0.0475	0.523598775598	0.5396	0	
20200423_223630.390270	0.974278579257	0.9536	0.0625	0.0475	0.523598775598	0.5395	0	
20200423_223630.397919	0.974278579257	0.9535	0.0625	0.0476	0.523598775598	0.5393	0	
20200423_223630.406135	0.974278579257	0.9535	0.0625	0.0475	0.523598775598	0.5387	0	
20200423_223630.414748	0.974278579257	0.9535	0.0625	0.0475	0.523598775598	0.5389	0	
20200423_223630.423042	0.974278579257	0.9536	0.0625	0.0475	0.523598775598	0.5388	0	
20200423_223630.432210	0.974278579257	0.9536	0.0625	0.0474	0.523598775598	0.5387	0	
20200423_223630.439339	0.974278579257	0.9536	0.0625	0.0475	0.523598775598	0.539	0	
20200423_223630.448092	0.974278579257	0.9536	0.0625	0.0475	0.523598775598	0.54	0	
20200423_223630.456071	0.974278579257	0.9536	0.0625	0.0475	0.523598775598	0.5402	0	
20200423_223630.464874	0.974278579257	0.9535	0.0625	0.0475	0.523598775598	0.5394	0	
20200423_223630.473315	0.974278579257	0.9535	0.0625	0.0475	0.523598775598	0.5396	0	
20200423_223630.481661	0.974278579257	0.9535	0.0625	0.0475	0.523598775598	0.5396	0	
20200423_223630.489436	0.974278579257	0.9536	0.0625	0.0475	0.523598775598	0.5391	0	
20200423_223630.497964	0.974278579257	0.9536	0.0625	0.0475	0.523598775598	0.5395	0	
20200423_223630.506692	0.974278579257	0.9536	0.0625	0.0475	0.523598775598	0.539	0	
20200423_223630.515409	0.974278579257	0.9536	0.0625	0.0475	0.523598775598	0.5394	0	
20200423_223630.522708	0.974278579257	0.9536	0.0625	0.0475	0.523598775598	0.539	0	
20200423_223630.531317	0.974278579257	0.9536	0.0625	0.0475	0.523598775598	0.5391	0	
20200423_223630.539309	0.974278579257	0.9538	0.0625	0.0475	0.523598775598	0.5338	0	
20200423_223630.548637	0.974278579257	0.9535	0.0625	0.0475	0.523598775598	0.5391	0	
20200423_223630.556418	0.974278579257	0.9535	0.0625	0.0475	0.523598775598	0.539	0	
20200423_223630.565002	0.974278579257	0.9535	0.0625	0.0475	0.523598775598	0.5392	0	
20200423_223630.572368	0.974278579257	0.9536	0.0625	0.0475	0.523598775598	0.5389	0	
20200423_223630.581518	0.974278579257	0.9536	0.0625	0.0475	0.523598775598	0.5389	0	
20200423_223630.589467	0.974278579257	0.9536	0.0625	0.0474	0.523598775598	0.5389	0	
20200423_223630.597402	0.974278579257	0.9536	0.0625	0.0474	0.523598775598	0.5389	0	
20200423_223630.605779	0.974278579257	0.9536	0.0625	0.0474	0.523598775598	0.5391	0	
20200423_223630.614253	0.974278579257	0.9536	0.0625	0.0475	0.523598775598	0.5389	0	
20200423_223630.623718	0.974278579257	0.9536	0.0625	0.0475	0.523598775598	0.5387	0	
20200423_223630.630631	0.974278579257	0.9535	0.0625	0.0474	0.523598775598	0.5381	0	
20200423_223630.639917	0.974278579257	0.9535	0.0625	0.0474	0.523598775598	0.538	0	
20200423_223630.648625	0.974278579257	0.9535	0.0625	0.0474	0.523598775598	0.5386	0	
20200423_223630.656343	0.974278579257	0.9535	0.0625	0.0474	0.523598775598	0.5387	0	
20200423_223630.664295	0.974278579257	0.9536	0.0625	0.0474	0.523598775598	0.5377	0	
20200423_223630.673005	0.974278579257	0.9536	0.0625	0.0474	0.523598775598	0.538	0	
20200423_223630.681564	0.974278579257	0.9535	0.0625	0.0474	0.523598775598	0.5381	0	
20200423_223630.689689	0.974278579257	0.9535	0.0625	0.0474	0.523598775598	0.5381	0	
20200423_223630.698529	0.974278579257	0.9536	0.0625	0.0474	0.523598775598	0.5386	0	
20200423_223630.706331	0.974278579257	0.9536	0.0625	0.0474	0.523598775598	0.5386	0	
20200423_223630.714821	0.974278579257	0.9535	0.0625	0.0474	0.523598775598	0.5387	0	
20200423_223630.722304	0.974278579257	0.9535	0.0625	0.0474	0.523598775598	0.539	0	
20200423_223630.730966	0.974278579257	0.9535	0.0625	0.0474	0.523598775598	0.5392	0	
20200423_223630.739443	0.974278579257	0.9537	0.0625	0.0475	0.523598775598	0.5335	0	
20200423_223630.747718	0.974278579257	0.9535	0.0625	0.0474	0.523598775598	0.5393	0	
20200423_223630.756731	0.974278579257	0.9535	0.0625	0.0474	0.523598775598	0.5396	0	
20200423_223630.764687	0.974278579257	0.9535	0.0625	0.0474	0.523598775598	0.5394	0	
20200423_223630.773158	0.974278579257	0.9535	0.0625	0.0475	0.523598775598	0.5398	0	
20200423_223630.781536	0.974278579257	0.9535	0.0625	0.0475	0.523598775598	0.5399	0	
20200423_223630.790520	0.974278579257	0.9535	0.0625	0.0475	0.523598775598	0.5397	0	
20200423_223630.798854	0.974278579257	0.9535	0.0625	0.0475	0.523598775598	0.5396	0	
20200423_223630.806048	0.974278579257	0.9535	0.0625	0.0475	0.523598775598	0.54	0	
20200423_223630.814504	0.974278579257	0.9536	0.0625	0.0475	0.523598775598	0.5395	0	
20200423_223630.822694	0.974278579257	0.9536	0.0625	0.0475	0.523598775598	0.5394	0	
20200423_223630.831310	0.974278579257	0.9536	0.0625	0.0475	0.523598775598	0.5388	0	
20200423_223630.839709	0.974278579257	0.9535	0.0625	0.0475	0.523598775598	0.5392	0	
20200423_223630.849165	0.974278579257	0.9535	0.0625	0.0475	0.523598775598	0.5398	0	
20200423_223630.857096	0.974278579257	0.9535	0.0625	0.0475	0.523598775598	0.5406	0	
20200423_223630.864737	0.974278579257	0.9535	0.0625	0.0475	0.523598775598	0.5391	0	
20200423_223630.872957	0.974278579257	0.9535	0.0625	0.0475	0.523598775598	0.5391	0	
20200423_223630.881569	0.974278579257	0.9535	0.0625	0.0475	0.523598775598	0.5391	0	
20200423_223630.889289	0.974278579257	0.9535	0.0625	0.0475	0.523598775598	0.5395	0	
20200423_223630.898045	0.974278579257	0.9535	0.0625	0.0475	0.523598775598	0.5393	0	
20200423_223630.906019	0.974278579257	0.9535	0.0625	0.0475	0.523598775598	0.5394	0	
20200423_223630.914672	0.974278579257	0.9535	0.0625	0.0475	0.523598775598	0.539	0	
20200423_223630.922726	0.974278579257	0.9535	0.0625	0.0475	0.523598775598	0.539	0	
20200423_223630.931016	0.974278579257	0.9535	0.0625	0.0475	0.523598775598	0.5394	0	
20200423_223630.939421	0.974278579257	0.9538	0.0625	0.0475	0.523598775598	0.534	0	
20200423_223630.949443	0.974278579257	0.9536	0.0625	0.0475	0.523598775598	0.5396	0	
20200423_223630.956134	0.974278579257	0.9536	0.0625	0.0475	0.523598775598	0.5392	0	
20200423_223630.965934	0.974278579257	0.9536	0.0625	0.0475	0.523598775598	0.5396	0	
20200423_223630.972530	0.974278579257	0.9535	0.0625	0.0474	0.523598775598	0.5396	0	
20200423_223630.983550	0.974278579257	0.9535	0.0625	0.0475	0.523598775598	0.5397	0	
20200423_223630.989691	0.974278579257	0.9535	0.0625	0.0475	0.523598775598	0.5394	0	
20200423_223630.997761	0.974278579257	0.9535	0.0625	0.0475	0.523598775598	0.5394	0	
20200423_223631.006029	0.974278579257	0.9535	0.0625	0.0475	0.523598775598	0.5394	0	
20200423_223631.014716	0.974278579257	0.9535	0.0625	0.0475	0.523598775598	0.5394	0	
20200423_223631.022988	0.974278579257	0.9535	0.0625	0.0474	0.523598775598	0.539	0	
20200423_223631.030986	0.974278579257	0.9535	0.0625	0.0474	0.523598775598	0.5388	0	
20200423_223631.039216	0.974278579257	0.9535	0.0625	0.0474	0.523598775598	0.5385	0	
20200423_223631.048912	0.974278579257	0.9535	0.0625	0.0475	0.523598775598	0.5397	0	
20200423_223631.056648	0.974278579257	0.9535	0.0625	0.0475	0.523598775598	0.5407	0	
20200423_223631.064591	0.974278579257	0.9535	0.0625	0.0475	0.523598775598	0.5391	0	
20200423_223631.072815	0.974278579257	0.9535	0.0625	0.0475	0.523598775598	0.539	0	
20200423_223631.081539	0.974278579257	0.9535	0.0625	0.0475	0.523598775598	0.539	0	
20200423_223631.089569	0.974278579257	0.9536	0.0625	0.0475	0.523598775598	0.5389	0	
20200423_223631.097945	0.974278579257	0.9536	0.0625	0.0475	0.523598775598	0.5393	0	
20200423_223631.106034	0.974278579257	0.9536	0.0625	0.0474	0.523598775598	0.5391	0	
20200423_223631.114431	0.974278579257	0.9536	0.0625	0.0474	0.523598775598	0.5394	0	
20200423_223631.122827	0.974278579257	0.9536	0.0625	0.0474	0.523598775598	0.5391	0	
20200423_223631.131786	0.974278579257	0.9536	0.0625	0.0474	0.523598775598	0.5392	0	
20200423_223631.139731	0.974278579257	0.9537	0.0625	0.0475	0.523598775598	0.5339	0	
20200423_223631.147888	0.974278579257	0.9538	0.0625	0.0475	0.523598775598	0.5337	0	
20200423_223631.159254	0.974278579257	0.9535	0.0625	0.0475	0.523598775598	0.5387	0	
20200423_223631.164211	0.974278579257	0.9535	0.0625	0.0475	0.523598775598	0.5391	0	
20200423_223631.173407	0.974278579257	0.9536	0.0625	0.0474	0.523598775598	0.539	0	
20200423_223631.181224	0.974278579257	0.9536	0.0625	0.0475	0.523598775598	0.5393	0	
20200423_223631.189405	0.974278579257	0.9536	0.0625	0.0474	0.523598775598	0.5388	0	
20200423_223631.197813	0.974278579257	0.9536	0.0625	0.0475	0.523598775598	0.5391	0	
20200423_223631.206006	0.974278579257	0.9536	0.0625	0.0475	0.523598775598	0.5388	0	
20200423_223631.221098	0.974278579257	0.9536	0.0625	0.0475	0.523598775598	0.5388	0	
20200423_223631.222672	0.974278579257	0.9536	0.0625	0.0475	0.523598775598	0.5389	0	
20200423_223631.231035	0.974278579257	0.9536	0.0625	0.0475	0.523598775598	0.5383	0	
20200423_223631.239546	0.974278579257	0.9535	0.0625	0.0475	0.523598775598	0.5386	0	
20200423_223631.250638	0.974278579257	0.9536	0.0625	0.0475	0.523598775598	0.5393	0	
20200423_223631.255759	0.974278579257	0.9536	0.0625	0.0475	0.523598775598	0.5402	0	
20200423_223631.264355	0.974278579257	0.9536	0.0625	0.0474	0.523598775598	0.5391	0	
20200423_223631.272607	0.974278579257	0.9536	0.0625	0.0474	0.523598775598	0.5386	0	
20200423_223631.281334	0.974278579257	0.9536	0.0625	0.0474	0.523598775598	0.539	0	
20200423_223631.289346	0.974278579257	0.9536	0.0625	0.0475	0.523598775598	0.5389	0	
20200423_223631.298394	0.974278579257	0.9536	0.0625	0.0475	0.523598775598	0.5391	0	
20200423_223631.305985	0.974278579257	0.9536	0.0625	0.0475	0.523598775598	0.5389	0	
20200423_223631.314593	0.974278579257	0.9536	0.0625	0.0475	0.523598775598	0.539	0	
20200423_223631.323261	0.974278579257	0.9535	0.0625	0.0475	0.523598775598	0.5393	0	
20200423_223631.331372	0.974278579257	0.9535	0.0625	0.0475	0.523598775598	0.5395	0	
20200423_223631.339205	0.974278579257	0.9536	0.0625	0.0475	0.523598775598	0.5395	0	
20200423_223631.347768	0.974278579257	0.9536	0.0625	0.0475	0.523598775598	0.5395	0	
20200423_223631.356006	0.974278579257	0.9536	0.0625	0.0475	0.523598775598	0.5393	0	
20200423_223631.364667	0.974278579257	0.9535	0.0625	0.0475	0.523598775598	0.5393	0	
20200423_223631.372913	0.974278579257	0.9535	0.0625	0.0475	0.523598775598	0.5394	0	
20200423_223631.382169	0.974278579257	0.9535	0.0625	0.0475	0.523598775598	0.5392	0	
20200423_223631.389413	0.974278579257	0.9535	0.0625	0.0475	0.523598775598	0.5392	0	
20200423_223631.398186	0.974278579257	0.9535	0.0625	0.0475	0.523598775598	0.5391	0	
20200423_223631.406593	0.974278579257	0.9535	0.0625	0.0475	0.523598775598	0.5392	0	
20200423_223631.414638	0.974278579257	0.9535	0.0625	0.0475	0.523598775598	0.5387	0	
20200423_223631.423193	0.974278579257	0.9535	0.0625	0.0475	0.523598775598	0.539	0	
20200423_223631.432090	0.974278579257	0.9536	0.0625	0.0474	0.523598775598	0.5388	0	
20200423_223631.439653	0.974278579257	0.9536	0.0625	0.0474	0.523598775598	0.5388	0	
20200423_223631.448512	0.974278579257	0.9535	0.0625	0.0475	0.523598775598	0.5394	0	
20200423_223631.456075	0.974278579257	0.9536	0.0625	0.0475	0.523598775598	0.5397	0	
20200423_223631.464955	0.974278579257	0.9536	0.0625	0.0475	0.523598775598	0.5392	0	
20200423_223631.472596	0.974278579257	0.9536	0.0625	0.0475	0.523598775598	0.5385	0	
20200423_223631.481158	0.974278579257	0.9536	0.0625	0.0475	0.523598775598	0.5386	0	
20200423_223631.489296	0.974278579257	0.9536	0.0625	0.0474	0.523598775598	0.5386	0	
20200423_223631.498252	0.974278579257	0.9535	0.0625	0.0474	0.523598775598	0.5387	0	
20200423_223631.506351	0.974278579257	0.9535	0.0625	0.0475	0.523598775598	0.5384	0	
20200423_223631.514637	0.974278579257	0.9535	0.0625	0.0475	0.523598775598	0.5386	0	
20200423_223631.523019	0.974278579257	0.9535	0.0625	0.0475	0.523598775598	0.5389	0	
20200423_223631.531043	0.974278579257	0.9535	0.0625	0.0475	0.523598775598	0.5385	0	
20200423_223631.539349	0.974278579257	0.9535	0.0625	0.0475	0.523598775598	0.539	0	
20200423_223631.547892	0.974278579257	0.9537	0.0625	0.0475	0.523598775598	0.534	0	
20200423_223631.556097	0.974278579257	0.9535	0.0625	0.0475	0.523598775598	0.5391	0	
20200423_223631.564079	0.974278579257	0.9536	0.0625	0.0475	0.523598775598	0.5393	0	
20200423_223631.572678	0.974278579257	0.9536	0.0625	0.0475	0.523598775598	0.5392	0	
20200423_223631.580969	0.974278579257	0.9536	0.0625	0.0475	0.523598775598	0.5393	0	
20200423_223631.589266	0.974278579257	0.9535	0.0625	0.0475	0.523598775598	0.539	0	
20200423_223631.597537	0.974278579257	0.9535	0.0625	0.0475	0.523598775598	0.5389	0	
20200423_223631.605948	0.974278579257	0.9535	0.0625	0.0475	0.523598775598	0.5391	0	
20200423_223631.614238	0.974278579257	0.9535	0.0625	0.0475	0.523598775598	0.5387	0	
20200423_223631.623236	0.974278579257	0.9535	0.0625	0.0475	0.523598775598	0.5392	0	
20200423_223631.630794	0.974278579257	0.9535	0.0625	0.0475	0.523598775598	0.5386	0	
20200423_223631.639324	0.974278579257	0.9535	0.0625	0.0475	0.523598775598	0.5386	0	
20200423_223631.647947	0.974278579257	0.9535	0.0625	0.0475	0.523598775598	0.5392	0	
20200423_223631.655884	0.974278579257	0.9536	0.0625	0.0475	0.523598775598	0.5398	0	
20200423_223631.664304	0.974278579257	0.9536	0.0625	0.0474	0.523598775598	0.5395	0	
20200423_223631.672653	0.974278579257	0.9536	0.0625	0.0474	0.523598775598	0.5392	0	
20200423_223631.681585	0.974278579257	0.9535	0.0625	0.0474	0.523598775598	0.5393	0	
20200423_223631.689501	0.974278579257	0.9535	0.0625	0.0474	0.523598775598	0.539	0	
20200423_223631.698273	0.974278579257	0.9535	0.0625	0.0475	0.523598775598	0.5393	0	
20200423_223631.706429	0.974278579257	0.9535	0.0625	0.0474	0.523598775598	0.539	0	
20200423_223631.715011	0.974278579257	0.9535	0.0625	0.0474	0.523598775598	0.5389	0	
20200423_223631.724394	0.974278579257	0.9535	0.0625	0.0474	0.523598775598	0.5395	0	
20200423_223631.731258	0.974278579257	0.9535	0.0625	0.0475	0.523598775598	0.5393	0	
20200423_223631.739521	0.974278579257	0.9535	0.0625	0.0474	0.523598775598	0.5394	0	
20200423_223631.748134	0.974278579257	0.9537	0.0625	0.0475	0.523598775598	0.5341	0	
20200423_223631.756047	0.974278579257	0.9535	0.0625	0.0474	0.523598775598	0.5392	0	
20200423_223631.765198	0.974278579257	0.9535	0.0625	0.0475	0.523598775598	0.5395	0	
20200423_223631.773129	0.974278579257	0.9535	0.0625	0.0475	0.523598775598	0.5392	0	
20200423_223631.781468	0.974278579257	0.9535	0.0625	0.0475	0.523598775598	0.5396	0	
20200423_223631.789207	0.974278579257	0.9535	0.0625	0.0475	0.523598775598	0.5394	0	
20200423_223631.798522	0.974278579257	0.9535	0.0625	0.0475	0.523598775598	0.5394	0	
20200423_223631.806059	0.974278579257	0.9535	0.0625	0.0475	0.523598775598	0.5394	0	
20200423_223631.815143	0.974278579257	0.9535	0.0625	0.0475	0.523598775598	0.5395	0	
20200423_223631.822595	0.974278579257	0.9536	0.0625	0.0475	0.523598775598	0.5394	0	
20200423_223631.832245	0.974278579257	0.9535	0.0625	0.0474	0.523598775598	0.5393	0	
20200423_223631.839511	0.974278579257	0.9535	0.0625	0.0474	0.523598775598	0.5391	0	
20200423_223631.848009	0.974278579257	0.9535	0.0625	0.0475	0.523598775598	0.5395	0	
20200423_223631.856842	0.974278579257	0.9535	0.0625	0.0475	0.523598775598	0.5401	0	
20200423_223631.864811	0.974278579257	0.9535	0.0625	0.0475	0.523598775598	0.5396	0	
20200423_223631.873561	0.974278579257	0.9535	0.0625	0.0474	0.523598775598	0.539	0	
20200423_223631.882342	0.974278579257	0.9535	0.0625	0.0474	0.523598775598	0.5387	0	
20200423_223631.889168	0.974278579257	0.9536	0.0625	0.0474	0.523598775598	0.5389	0	
20200423_223631.898257	0.974278579257	0.9536	0.0625	0.0474	0.523598775598	0.5373	0	
20200423_223631.906669	0.974278579257	0.9536	0.0625	0.0474	0.523598775598	0.5395	0	
20200423_223631.916536	0.974278579257	0.9535	0.0625	0.0474	0.523598775598	0.5391	0	
20200423_223631.922511	0.974278579257	0.9535	0.0625	0.0475	0.523598775598	0.5375	0	
20200423_223631.931505	0.974278579257	0.9535	0.0625	0.0475	0.523598775598	0.5392	0	
20200423_223631.939163	0.974278579257	0.9535	0.0625	0.0475	0.523598775598	0.539	0	
20200423_223631.948362	0.974278579257	0.9537	0.0625	0.0475	0.523598775598	0.5336	0	
20200423_223631.956085	0.974278579257	0.9535	0.0625	0.0474	0.523598775598	0.5393	0	
20200423_223631.964477	0.974278579257	0.9535	0.0625	0.0474	0.523598775598	0.5394	0	
20200423_223631.972780	0.974278579257	0.9535	0.0625	0.0474	0.523598775598	0.5394	0	
20200423_223631.981242	0.974278579257	0.9536	0.0625	0.0475	0.523598775598	0.5394	0	
20200423_223631.989467	0.974278579257	0.9535	0.0625	0.0475	0.523598775598	0.5392	0	
20200423_223631.997689	0.974278579257	0.9535	0.0625	0.0475	0.523598775598	0.539	0	
20200423_223632.006149	0.974278579257	0.9535	0.0625	0.0475	0.523598775598	0.5391	0	
20200423_223632.016045	0.974278579257	0.9535	0.0625	0.0475	0.523598775598	0.5389	0	
20200423_223632.022668	0.974278579257	0.9535	0.0625	0.0475	0.523598775598	0.539	0	
20200423_223632.031486	0.974278579257	0.9535	0.0625	0.0475	0.523598775598	0.539	0	
20200423_223632.039202	0.974278579257	0.9535	0.0625	0.0475	0.523598775598	0.5388	0	
20200423_223632.050503	0.974278579257	0.9536	0.0625	0.0475	0.523598775598	0.5393	0	
20200423_223632.055874	0.974278579257	0.9536	0.0625	0.0475	0.523598775598	0.5399	0	
20200423_223632.065507	0.974278579257	0.9536	0.0625	0.0475	0.523598775598	0.5398	0	
20200423_223632.074282	0.974278579257	0.9536	0.0625	0.0474	0.523598775598	0.5395	0	
20200423_223632.082422	0.974278579257	0.9535	0.0625	0.0475	0.523598775598	0.539	0	
20200423_223632.089266	0.974278579257	0.9535	0.0625	0.0475	0.523598775598	0.5394	0	
20200423_223632.097816	0.974278579257	0.9535	0.0625	0.0475	0.523598775598	0.539	0	
20200423_223632.106059	0.974278579257	0.9535	0.0625	0.0475	0.523598775598	0.5394	0	
20200423_223632.115609	0.974278579257	0.9535	0.0625	0.0475	0.523598775598	0.5394	0	
20200423_223632.124261	0.974278579257	0.9535	0.0625	0.0475	0.523598775598	0.5394	0	
20200423_223632.132236	0.974278579257	0.9535	0.0625	0.0474	0.523598775598	0.54	0	
20200423_223632.140137	0.974278579257	0.9535	0.0625	0.0474	0.523598775598	0.5398	0	
20200423_223632.149341	0.974278579257	0.9537	0.0625	0.0475	0.523598775598	0.5341	0	
20200423_223632.157678	0.974278579257	0.9535	0.0625	0.0474	0.523598775598	0.5398	0	
20200423_223632.165050	0.974278579257	0.9535	0.0625	0.0474	0.523598775598	0.5399	0	
20200423_223632.172781	0.974278579257	0.9535	0.0625	0.0474	0.523598775598	0.5401	0	
