Time	X_Setpt	X_FB	Y_Setpt	Y_FB	Theta_Setpt	Theta_FB	Motion Status	
20200423_222126.338606	0.5	-0.0932	-1.22464679915e-16	-0.4577	0.0	-0.1021	1	
20200423_222126.434419	0.5	-0.0933	-1.22464679915e-16	-0.4576	0.0	-0.1009	1	
20200423_222126.535133	0.5	-0.0882	-1.22464679915e-16	-0.459	0.0	-0.0682	1	
20200423_222126.634304	0.5	-0.081	-1.22464679915e-16	-0.4616	0.0	-0.0049	1	
20200423_222126.734609	0.5	-0.0724	-1.22464679915e-16	-0.4631	0.0	0.0459	1	
20200423_222126.834855	0.5	-0.0623	-1.22464679915e-16	-0.4656	0.0	0.1231	1	
20200423_222126.934096	0.5	-0.0518	-1.22464679915e-16	-0.4662	0.0	0.1994	1	
20200423_222127.034184	0.5	-0.0402	-1.22464679915e-16	-0.4663	0.0	0.2731	1	
20200423_222127.134483	0.5	-0.0311	-1.22464679915e-16	-0.4658	0.0	0.3522	1	
20200423_222127.235194	0.5	-0.0194	-1.22464679915e-16	-0.4641	0.0	0.4243	1	
20200423_222127.334193	0.5	-0.009	-1.22464679915e-16	-0.4621	0.0	0.5061	1	
20200423_222127.434153	0.5	0.0008	-1.22464679915e-16	-0.4586	0.0	0.5766	1	
20200423_222127.534302	0.5	0.0103	-1.22464679915e-16	-0.4549	0.0	0.6422	1	
20200423_222127.634199	0.5	0.019	-1.22464679915e-16	-0.4509	0.0	0.7159	1	
20200423_222127.734721	0.5	0.0289	-1.22464679915e-16	-0.4448	0.0	0.7807	1	
20200423_222127.834072	0.5	0.0365	-1.22464679915e-16	-0.4388	0.0	0.8304	1	
20200423_222127.935331	0.5	0.0415	-1.22464679915e-16	-0.4327	0.0	0.814	1	
20200423_222128.034534	0.5	0.0492	-1.22464679915e-16	-0.424	0.0	0.8165	1	
20200423_222128.134242	0.5	0.0558	-1.22464679915e-16	-0.4172	0.0	0.8192	1	
20200423_222128.234421	0.5	0.062	-1.22464679915e-16	-0.4106	0.0	0.8199	1	
20200423_222128.334115	0.5	0.069	-1.22464679915e-16	-0.4034	0.0	0.8231	1	
20200423_222128.434847	0.5	0.0744	-1.22464679915e-16	-0.3956	0.0	0.8182	1	
20200423_222128.534256	0.5	0.0819	-1.22464679915e-16	-0.3883	0.0	0.818	1	
20200423_222128.634419	0.5	0.0887	-1.22464679915e-16	-0.3795	0.0	0.8392	1	
20200423_222128.734074	0.5	0.095	-1.22464679915e-16	-0.3739	0.0	0.8369	1	
20200423_222128.834201	0.5	0.1001	-1.22464679915e-16	-0.3657	0.0	0.7716	1	
20200423_222128.934758	0.5	0.1056	-1.22464679915e-16	-0.3586	0.0	0.7158	1	
20200423_222129.034143	0.5	0.1121	-1.22464679915e-16	-0.3512	0.0	0.6881	1	
20200423_222129.134535	0.5	0.1204	-1.22464679915e-16	-0.3447	0.0	0.6847	1	
20200423_222129.234150	0.5	0.126	-1.22464679915e-16	-0.3392	0.0	0.6769	1	
20200423_222129.334035	0.5	0.1341	-1.22464679915e-16	-0.333	0.0	0.6797	1	
20200423_222129.434314	0.5	0.1418	-1.22464679915e-16	-0.3263	0.0	0.6795	1	
20200423_222129.534308	0.5	0.1498	-1.22464679915e-16	-0.3201	0.0	0.6804	1	
20200423_222129.634525	0.5	0.1575	-1.22464679915e-16	-0.3138	0.0	0.6805	1	
20200423_222129.734178	0.5	0.1649	-1.22464679915e-16	-0.3075	0.0	0.6785	1	
20200423_222129.834510	0.5	0.1727	-1.22464679915e-16	-0.301	0.0	0.6752	1	
20200423_222129.934327	0.5	0.1792	-1.22464679915e-16	-0.295	0.0	0.6766	1	
20200423_222130.034151	0.5	0.1875	-1.22464679915e-16	-0.2892	0.0	0.6779	1	
20200423_222130.134851	0.5	0.1949	-1.22464679915e-16	-0.2821	0.0	0.6772	1	
20200423_222130.234099	0.5	0.2019	-1.22464679915e-16	-0.2763	0.0	0.6824	1	
20200423_222130.334049	0.5	0.2095	-1.22464679915e-16	-0.2701	0.0	0.6827	1	
20200423_222130.434679	0.5	0.2161	-1.22464679915e-16	-0.2642	0.0	0.7017	1	
20200423_222130.534760	0.5	0.2239	-1.22464679915e-16	-0.2585	0.0	0.7014	1	
20200423_222130.634507	0.5	0.2311	-1.22464679915e-16	-0.2516	0.0	0.7047	1	
20200423_222130.734870	0.5	0.2391	-1.22464679915e-16	-0.2456	0.0	0.7067	1	
20200423_222130.834960	0.5	0.2454	-1.22464679915e-16	-0.2399	0.0	0.7085	1	
20200423_222130.934484	0.5	0.2538	-1.22464679915e-16	-0.2334	0.0	0.7063	1	
20200423_222131.036177	0.5	0.2612	-1.22464679915e-16	-0.2273	0.0	0.6835	1	
20200423_222131.134863	0.5	0.2693	-1.22464679915e-16	-0.22	0.0	0.7031	1	
20200423_222131.234244	0.5	0.2771	-1.22464679915e-16	-0.2147	0.0	0.7083	1	
20200423_222131.334443	0.5	0.2848	-1.22464679915e-16	-0.2084	0.0	0.6886	1	
20200423_222131.435046	0.5	0.2928	-1.22464679915e-16	-0.2023	0.0	0.7099	1	
20200423_222131.534305	0.5	0.2992	-1.22464679915e-16	-0.197	0.0	0.7057	1	
20200423_222131.634506	0.5	0.3074	-1.22464679915e-16	-0.19	0.0	0.7005	1	
20200423_222131.734674	0.5	0.3146	-1.22464679915e-16	-0.1841	0.0	0.6725	1	
20200423_222131.834239	0.5	0.3216	-1.22464679915e-16	-0.1783	0.0	0.6977	1	
20200423_222131.934810	0.5	0.3309	-1.22464679915e-16	-0.1723	0.0	0.7127	1	
20200423_222132.034698	0.5	0.3378	-1.22464679915e-16	-0.1684	0.0	0.7868	1	
20200423_222132.134860	0.5	0.3459	-1.22464679915e-16	-0.1613	0.0	0.8202	1	
20200423_222132.234161	0.5	0.3524	-1.22464679915e-16	-0.1548	0.0	0.8307	1	
20200423_222132.334190	0.5	0.3596	-1.22464679915e-16	-0.1474	0.0	0.8133	1	
20200423_222132.435175	0.5	0.3653	-1.22464679915e-16	-0.1404	0.0	0.8353	1	
20200423_222132.534773	0.5	0.3728	-1.22464679915e-16	-0.133	0.0	0.8347	1	
20200423_222132.634009	0.5	0.3798	-1.22464679915e-16	-0.1252	0.0	0.833	1	
20200423_222132.734414	0.5	0.3864	-1.22464679915e-16	-0.1187	0.0	0.8303	1	
20200423_222132.834614	0.5	0.393	-1.22464679915e-16	-0.1109	0.0	0.8318	1	
20200423_222132.934611	0.5	0.3997	-1.22464679915e-16	-0.1038	0.0	0.8305	1	
20200423_222133.034418	0.5	0.4065	-1.22464679915e-16	-0.0964	0.0	0.8322	1	
20200423_222133.134194	0.5	0.4139	-1.22464679915e-16	-0.0887	0.0	0.8309	1	
20200423_222133.234135	0.5	0.4208	-1.22464679915e-16	-0.0814	0.0	0.8333	1	
20200423_222133.334782	0.5	0.4263	-1.22464679915e-16	-0.0742	0.0	0.8316	1	
20200423_222133.434157	0.5	0.434	-1.22464679915e-16	-0.0666	0.0	0.8341	1	
20200423_222133.534318	0.5	0.4406	-1.22464679915e-16	-0.0598	0.0	0.8305	1	
20200423_222133.634559	0.5	0.4416	-1.22464679915e-16	-0.0557	0.0	0.7661	1	
20200423_222133.734226	0.5	0.4415	-1.22464679915e-16	-0.0534	0.0	0.709	1	
20200423_222133.834758	0.5	0.4402	-1.22464679915e-16	-0.0532	0.0	0.667	1	
20200423_222133.934860	0.5	0.4394	-1.22464679915e-16	-0.0511	0.0	0.6006	1	
20200423_222134.034447	0.5	0.4366	-1.22464679915e-16	-0.0495	0.0	0.5297	1	
20200423_222134.134605	0.5	0.4353	-1.22464679915e-16	-0.0484	0.0	0.4394	1	
20200423_222134.235203	0.5	0.4341	-1.22464679915e-16	-0.0468	0.0	0.3752	1	
20200423_222134.334036	0.5	0.433	-1.22464679915e-16	-0.0454	0.0	0.3166	1	
20200423_222134.434764	0.5	0.4328	-1.22464679915e-16	-0.0436	0.0	0.2595	1	
20200423_222134.534111	0.5	0.4314	-1.22464679915e-16	-0.0418	0.0	0.2011	1	
20200423_222134.634488	0.5	0.4306	-1.22464679915e-16	-0.0403	0.0	0.1407	1	
20200423_222134.734524	0.5	0.4301	-1.22464679915e-16	-0.0389	0.0	0.0891	1	
20200423_222134.834119	0.5	0.4297	-1.22464679915e-16	-0.0373	0.0	0.0382	1	
20200423_222134.934188	0.5	0.4291	-1.22464679915e-16	-0.036	0.0	-0.0095	0	
20200423_222134.935253	0.5	0.4291	-1.22464679915e-16	-0.0359	0.0	-0.015	0	
20200423_222134.938851	0.5	0.4291	-1.22464679915e-16	-0.0358	0.0	-0.0167	0	
20200423_222134.947300	0.5	0.4291	-1.22464679915e-16	-0.0357	0.0	-0.0181	0	
20200423_222134.955669	0.5	0.4291	-1.22464679915e-16	-0.0357	0.0	-0.0202	0	
20200423_222134.964203	0.5	0.429	-1.22464679915e-16	-0.0356	0.0	-0.0201	0	
20200423_222134.972660	0.5	0.4289	-1.22464679915e-16	-0.0355	0.0	-0.0207	0	
20200423_222134.980712	0.5	0.4289	-1.22464679915e-16	-0.0355	0.0	-0.0212	0	
20200423_222134.988965	0.5	0.4289	-1.22464679915e-16	-0.0354	0.0	-0.0218	0	
20200423_222134.997466	0.5	0.4289	-1.22464679915e-16	-0.0355	0.0	-0.0226	0	
20200423_222135.005589	0.5	0.4289	-1.22464679915e-16	-0.0355	0.0	-0.0234	0	
20200423_222135.014097	0.5	0.4289	-1.22464679915e-16	-0.0354	0.0	-0.0238	0	
20200423_222135.022434	0.5	0.429	-1.22464679915e-16	-0.0355	0.0	-0.0256	0	
20200423_222135.030645	0.5	0.429	-1.22464679915e-16	-0.0355	0.0	-0.0266	0	
20200423_222135.039083	0.5	0.429	-1.22464679915e-16	-0.0354	0.0	-0.0264	0	
20200423_222135.047025	0.5	0.429	-1.22464679915e-16	-0.0355	0.0	-0.0283	0	
20200423_222135.055560	0.5	0.4289	-1.22464679915e-16	-0.0353	0.0	-0.0263	0	
20200423_222135.063944	0.5	0.4289	-1.22464679915e-16	-0.0353	0.0	-0.0268	0	
20200423_222135.072466	0.5	0.4289	-1.22464679915e-16	-0.0353	0.0	-0.0268	0	
20200423_222135.080579	0.5	0.4288	-1.22464679915e-16	-0.0353	0.0	-0.0272	0	
20200423_222135.089254	0.5	0.4288	-1.22464679915e-16	-0.0353	0.0	-0.0274	0	
20200423_222135.097698	0.5	0.4288	-1.22464679915e-16	-0.0353	0.0	-0.0273	0	
20200423_222135.105672	0.5	0.4288	-1.22464679915e-16	-0.0354	0.0	-0.0286	0	
20200423_222135.114361	0.5	0.4288	-1.22464679915e-16	-0.0354	0.0	-0.0289	0	
20200423_222135.122519	0.5	0.4288	-1.22464679915e-16	-0.0354	0.0	-0.0295	0	
20200423_222135.130658	0.5	0.4288	-1.22464679915e-16	-0.0353	0.0	-0.0283	0	
20200423_222135.138615	0.5	0.4288	-1.22464679915e-16	-0.0354	0.0	-0.0291	0	
20200423_222135.146980	0.5	0.4288	-1.22464679915e-16	-0.0354	0.0	-0.0294	0	
20200423_222135.155483	0.5	0.4288	-1.22464679915e-16	-0.0354	0.0	-0.0298	0	
20200423_222135.164259	0.5	0.4288	-1.22464679915e-16	-0.0353	0.0	-0.0282	0	
20200423_222135.172525	0.5	0.4288	-1.22464679915e-16	-0.0353	0.0	-0.0284	0	
20200423_222135.181213	0.5	0.4288	-1.22464679915e-16	-0.0353	0.0	-0.0283	0	
20200423_222135.189245	0.5	0.4288	-1.22464679915e-16	-0.0354	0.0	-0.0308	0	
20200423_222135.197550	0.5	0.4288	-1.22464679915e-16	-0.0354	0.0	-0.0311	0	
20200423_222135.205506	0.5	0.4287	-1.22464679915e-16	-0.0354	0.0	-0.031	0	
20200423_222135.214123	0.5	0.4287	-1.22464679915e-16	-0.0352	0.0	-0.0284	0	
20200423_222135.222540	0.5	0.4287	-1.22464679915e-16	-0.0353	0.0	-0.0299	0	
20200423_222135.230534	0.5	0.4287	-1.22464679915e-16	-0.0353	0.0	-0.0303	0	
20200423_222135.238769	0.5	0.4287	-1.22464679915e-16	-0.0353	0.0	-0.0298	0	
20200423_222135.247196	0.5	0.4287	-1.22464679915e-16	-0.0354	0.0	-0.0314	0	
20200423_222135.255788	0.5	0.4287	-1.22464679915e-16	-0.0354	0.0	-0.0315	0	
20200423_222135.264377	0.5	0.4287	-1.22464679915e-16	-0.0353	0.0	-0.0294	0	
20200423_222135.272332	0.5	0.4287	-1.22464679915e-16	-0.0352	0.0	-0.0297	0	
20200423_222135.280485	0.5	0.4287	-1.22464679915e-16	-0.0354	0.0	-0.0321	0	
20200423_222135.289133	0.5	0.4287	-1.22464679915e-16	-0.0354	0.0	-0.0324	0	
20200423_222135.297376	0.5	0.4286	-1.22464679915e-16	-0.0352	0.0	-0.0298	0	
20200423_222135.305944	0.5	0.4287	-1.22464679915e-16	-0.0353	0.0	-0.0312	0	
20200423_222135.314190	0.5	0.4287	-1.22464679915e-16	-0.0353	0.0	-0.0314	0	
20200423_222135.322421	0.5	0.4287	-1.22464679915e-16	-0.0353	0.0	-0.0319	0	
20200423_222135.330394	0.5	0.4286	-1.22464679915e-16	-0.0353	0.0	-0.0305	0	
20200423_222135.338854	0.5	0.4286	-1.22464679915e-16	-0.0353	0.0	-0.0314	0	
20200423_222135.347298	0.5	0.4286	-1.22464679915e-16	-0.0353	0.0	-0.0315	0	
20200423_222135.355403	0.5	0.4286	-1.22464679915e-16	-0.0353	0.0	-0.0321	0	
20200423_222135.364682	0.5	0.4285	-1.22464679915e-16	-0.0352	0.0	-0.0303	0	
20200423_222135.372335	0.5	0.4286	-1.22464679915e-16	-0.0354	0.0	-0.0322	0	
20200423_222135.380558	0.5	0.4286	-1.22464679915e-16	-0.0354	0.0	-0.032	0	
20200423_222135.389196	0.5	0.4286	-1.22464679915e-16	-0.0354	0.0	-0.032	0	
20200423_222135.397519	0.5	0.4286	-1.22464679915e-16	-0.0354	0.0	-0.0322	0	
20200423_222135.405980	0.5	0.4286	-1.22464679915e-16	-0.0354	0.0	-0.0324	0	
20200423_222135.414013	0.5	0.4286	-1.22464679915e-16	-0.0352	0.0	-0.0298	0	
20200423_222135.422364	0.5	0.4286	-1.22464679915e-16	-0.0352	0.0	-0.031	0	
20200423_222135.430798	0.5	0.4286	-1.22464679915e-16	-0.0353	0.0	-0.0313	0	
20200423_222135.438757	0.5	0.4286	-1.22464679915e-16	-0.0352	0.0	-0.0309	0	
20200423_222135.447519	0.5	0.4286	-1.22464679915e-16	-0.0354	0.0	-0.0324	0	
20200423_222135.455824	0.5	0.4286	-1.22464679915e-16	-0.0354	0.0	-0.0325	0	
20200423_222135.464242	0.5	0.4286	-1.22464679915e-16	-0.0352	0.0	-0.0303	0	
20200423_222135.472500	0.5	0.4286	-1.22464679915e-16	-0.0352	0.0	-0.0303	0	
20200423_222135.481206	0.5	0.4286	-1.22464679915e-16	-0.0352	0.0	-0.0302	0	
20200423_222135.489131	0.5	0.4286	-1.22464679915e-16	-0.0352	0.0	-0.0303	0	
20200423_222135.497497	0.5	0.4286	-1.22464679915e-16	-0.0352	0.0	-0.0298	0	
20200423_222135.505927	0.5	0.4287	-1.22464679915e-16	-0.0353	0.0	-0.0313	0	
20200423_222135.514338	0.5	0.4286	-1.22464679915e-16	-0.0353	0.0	-0.0314	0	
20200423_222135.522322	0.5	0.4286	-1.22464679915e-16	-0.0353	0.0	-0.0319	0	
20200423_222135.530631	0.5	0.4286	-1.22464679915e-16	-0.0352	0.0	-0.0304	0	
20200423_222135.539180	0.5	0.4286	-1.22464679915e-16	-0.0353	0.0	-0.0318	0	
20200423_222135.546891	0.5	0.4286	-1.22464679915e-16	-0.0353	0.0	-0.0317	0	
20200423_222135.555639	0.5	0.4286	-1.22464679915e-16	-0.0354	0.0	-0.0323	0	
20200423_222135.564104	0.5	0.4285	-1.22464679915e-16	-0.0352	0.0	-0.0307	0	
20200423_222135.571687	0.5	0.4285	-1.22464679915e-16	-0.0352	0.0	-0.0305	0	
20200423_222135.580152	0.5	0.4285	-1.22464679915e-16	-0.0352	0.0	-0.0305	0	
20200423_222135.588496	0.5	0.4285	-1.22464679915e-16	-0.0353	0.0	-0.0327	0	
20200423_222135.596807	0.5	0.4286	-1.22464679915e-16	-0.0353	0.0	-0.0327	0	
20200423_222135.605003	0.5	0.4286	-1.22464679915e-16	-0.0354	0.0	-0.0326	0	
20200423_222135.613508	0.5	0.4286	-1.22464679915e-16	-0.0352	0.0	-0.0302	0	
20200423_222135.621999	0.5	0.4286	-1.22464679915e-16	-0.0352	0.0	-0.0314	0	
20200423_222135.630094	0.5	0.4286	-1.22464679915e-16	-0.0352	0.0	-0.0316	0	
20200423_222135.638560	0.5	0.4286	-1.22464679915e-16	-0.0352	0.0	-0.0314	0	
20200423_222135.647052	0.5	0.4286	-1.22464679915e-16	-0.0353	0.0	-0.0329	0	
20200423_222135.655621	0.5	0.4285	-1.22464679915e-16	-0.0352	0.0	-0.0305	0	
20200423_222135.663770	0.5	0.4285	-1.22464679915e-16	-0.0352	0.0	-0.0305	0	
20200423_222135.672308	0.5	0.4285	-1.22464679915e-16	-0.0352	0.0	-0.0306	0	
20200423_222135.680758	0.5	0.4285	-1.22464679915e-16	-0.0352	0.0	-0.0306	0	
20200423_222135.689023	0.5	0.4286	-1.22464679915e-16	-0.0352	0.0	-0.0305	0	
20200423_222135.697415	0.5	0.4285	-1.22464679915e-16	-0.0352	0.0	-0.0301	0	
20200423_222135.705600	0.5	0.4286	-1.22464679915e-16	-0.0353	0.0	-0.0315	0	
20200423_222135.714265	0.5	0.4286	-1.22464679915e-16	-0.0353	0.0	-0.0318	0	
20200423_222135.722247	0.5	0.4286	-1.22464679915e-16	-0.0353	0.0	-0.0322	0	
20200423_222135.730371	0.5	0.4285	-1.22464679915e-16	-0.0352	0.0	-0.0305	0	
20200423_222135.738815	0.5	0.4285	-1.22464679915e-16	-0.0352	0.0	-0.0318	0	
20200423_222135.747082	0.5	0.4285	-1.22464679915e-16	-0.0352	0.0	-0.0318	0	
20200423_222135.755722	0.5	0.4285	-1.22464679915e-16	-0.0353	0.0	-0.0324	0	
20200423_222135.764060	0.5	0.4285	-1.22464679915e-16	-0.0352	0.0	-0.0308	0	
20200423_222135.772380	0.5	0.4285	-1.22464679915e-16	-0.0352	0.0	-0.0303	0	
20200423_222135.780802	0.5	0.4285	-1.22464679915e-16	-0.0352	0.0	-0.0307	0	
20200423_222135.789185	0.5	0.4285	-1.22464679915e-16	-0.0352	0.0	-0.0305	0	
20200423_222135.797616	0.5	0.4285	-1.22464679915e-16	-0.0354	0.0	-0.0327	0	
20200423_222135.805472	0.5	0.4285	-1.22464679915e-16	-0.0353	0.0	-0.0327	0	
20200423_222135.813942	0.5	0.4285	-1.22464679915e-16	-0.0352	0.0	-0.0301	0	
20200423_222135.822285	0.5	0.4285	-1.22464679915e-16	-0.0352	0.0	-0.0312	0	
20200423_222135.830501	0.5	0.4286	-1.22464679915e-16	-0.0353	0.0	-0.0315	0	
20200423_222135.839219	0.5	0.4286	-1.22464679915e-16	-0.0353	0.0	-0.0317	0	
20200423_222135.847323	0.5	0.4286	-1.22464679915e-16	-0.0354	0.0	-0.0331	0	
20200423_222135.855794	0.5	0.4286	-1.22464679915e-16	-0.0354	0.0	-0.0331	0	
20200423_222135.864256	0.5	0.4285	-1.22464679915e-16	-0.0352	0.0	-0.0307	0	
20200423_222135.872457	0.5	0.4285	-1.22464679915e-16	-0.0352	0.0	-0.0307	0	
20200423_222135.880867	0.5	0.4285	-1.22464679915e-16	-0.0352	0.0	-0.0306	0	
20200423_222135.889384	0.5	0.4285	-1.22464679915e-16	-0.0352	0.0	-0.0308	0	
20200423_222135.897463	0.5	0.4285	-1.22464679915e-16	-0.0352	0.0	-0.0304	0	
20200423_222135.905650	0.5	0.4285	-1.22464679915e-16	-0.0353	0.0	-0.0319	0	
20200423_222135.914088	0.5	0.4286	-1.22464679915e-16	-0.0353	0.0	-0.032	0	
20200423_222135.922608	0.5	0.4286	-1.22464679915e-16	-0.0353	0.0	-0.0317	0	
20200423_222135.930904	0.5	0.4286	-1.22464679915e-16	-0.0352	0.0	-0.0303	0	
20200423_222135.939152	0.5	0.4286	-1.22464679915e-16	-0.0353	0.0	-0.0318	0	
20200423_222135.946929	0.5	0.4285	-1.22464679915e-16	-0.0353	0.0	-0.0321	0	
20200423_222135.955226	0.5	0.4285	-1.22464679915e-16	-0.0353	0.0	-0.0325	0	
20200423_222135.963800	0.5	0.4285	-1.22464679915e-16	-0.0352	0.0	-0.0309	0	
20200423_222135.972163	0.5	0.4284	-1.22464679915e-16	-0.0352	0.0	-0.0307	0	
20200423_222135.980574	0.5	0.4285	-1.22464679915e-16	-0.0352	0.0	-0.0305	0	
20200423_222135.989200	0.5	0.4285	-1.22464679915e-16	-0.0352	0.0	-0.0304	0	
20200423_222135.997458	0.5	0.4286	-1.22464679915e-16	-0.0353	0.0	-0.0326	0	
20200423_222136.005724	0.5	0.4286	-1.22464679915e-16	-0.0353	0.0	-0.0327	0	
20200423_222136.014003	0.5	0.4285	-1.22464679915e-16	-0.0352	0.0	-0.0302	0	
20200423_222136.022272	0.5	0.4285	-1.22464679915e-16	-0.0352	0.0	-0.031	0	
20200423_222136.030640	0.5	0.4285	-1.22464679915e-16	-0.0353	0.0	-0.0316	0	
20200423_222136.038815	0.5	0.4285	-1.22464679915e-16	-0.0353	0.0	-0.0315	0	
20200423_222136.047559	0.5	0.4285	-1.22464679915e-16	-0.0352	0.0	-0.0305	0	
20200423_222136.055846	0.5	0.4285	-1.22464679915e-16	-0.0352	0.0	-0.0304	0	
20200423_222136.064452	0.5	0.4285	-1.22464679915e-16	-0.0352	0.0	-0.0306	0	
20200423_222136.072089	0.5	0.4285	-1.22464679915e-16	-0.0352	0.0	-0.0308	0	
20200423_222136.080555	0.5	0.4285	-1.22464679915e-16	-0.0353	0.0	-0.0307	0	
20200423_222136.089358	0.5	0.4285	-1.22464679915e-16	-0.0353	0.0	-0.0308	0	
20200423_222136.097490	0.5	0.4285	-1.22464679915e-16	-0.0352	0.0	-0.0303	0	
20200423_222136.105721	0.5	0.4285	-1.22464679915e-16	-0.0353	0.0	-0.0318	0	
20200423_222136.114564	0.5	0.4285	-1.22464679915e-16	-0.0353	0.0	-0.0317	0	
20200423_222136.122216	0.5	0.4285	-1.22464679915e-16	-0.0353	0.0	-0.0317	0	
20200423_222136.130648	0.5	0.4285	-1.22464679915e-16	-0.0352	0.0	-0.0309	0	
20200423_222136.138960	0.5	0.4285	-1.22464679915e-16	-0.0353	0.0	-0.032	0	
20200423_222136.147321	0.5	0.4285	-1.22464679915e-16	-0.0353	0.0	-0.0321	0	
20200423_222136.155780	0.5	0.4285	-1.22464679915e-16	-0.0353	0.0	-0.0325	0	
20200423_222136.164243	0.5	0.4285	-1.22464679915e-16	-0.0353	0.0	-0.0311	0	
20200423_222136.172964	0.5	0.4285	-1.22464679915e-16	-0.0352	0.0	-0.0308	0	
20200423_222136.181351	0.5	0.4285	-1.22464679915e-16	-0.0352	0.0	-0.0308	0	
20200423_222136.189211	0.5	0.4285	-1.22464679915e-16	-0.0352	0.0	-0.0308	0	
20200423_222136.197809	0.5	0.4284	-1.22464679915e-16	-0.0351	0.0	-0.0305	0	
20200423_222136.205710	0.5	0.4284	-1.22464679915e-16	-0.0352	0.0	-0.0307	0	
20200423_222136.214104	0.5	0.4285	-1.22464679915e-16	-0.0352	0.0	-0.0306	0	
20200423_222136.222752	0.5	0.4285	-1.22464679915e-16	-0.0352	0.0	-0.031	0	
20200423_222136.230866	0.5	0.4286	-1.22464679915e-16	-0.0352	0.0	-0.0316	0	
20200423_222136.239296	0.5	0.4286	-1.22464679915e-16	-0.0352	0.0	-0.0319	0	
20200423_222136.247419	0.5	0.4285	-1.22464679915e-16	-0.0354	0.0	-0.0329	0	
20200423_222136.255838	0.5	0.4285	-1.22464679915e-16	-0.0354	0.0	-0.0329	0	
20200423_222136.264210	0.5	0.4285	-1.22464679915e-16	-0.0352	0.0	-0.0305	0	
20200423_222136.272157	0.5	0.4285	-1.22464679915e-16	-0.0352	0.0	-0.0307	0	
20200423_222136.280889	0.5	0.4284	-1.22464679915e-16	-0.0352	0.0	-0.0307	0	
20200423_222136.289135	0.5	0.4284	-1.22464679915e-16	-0.0352	0.0	-0.0308	0	
20200423_222136.297762	0.5	0.4284	-1.22464679915e-16	-0.0352	0.0	-0.0306	0	
20200423_222136.305441	0.5	0.4285	-1.22464679915e-16	-0.0353	0.0	-0.0319	0	
20200423_222136.314829	0.5	0.4285	-1.22464679915e-16	-0.0353	0.0	-0.032	0	
20200423_222136.322428	0.5	0.4285	-1.22464679915e-16	-0.0353	0.0	-0.032	0	
20200423_222136.330670	0.5	0.4285	-1.22464679915e-16	-0.0352	0.0	-0.0312	0	
20200423_222136.338972	0.5	0.4285	-1.22464679915e-16	-0.0353	0.0	-0.032	0	
20200423_222136.347595	0.5	0.4285	-1.22464679915e-16	-0.0353	0.0	-0.032	0	
20200423_222136.355598	0.5	0.4285	-1.22464679915e-16	-0.0353	0.0	-0.0325	0	
20200423_222136.364017	0.5	0.4285	-1.22464679915e-16	-0.0352	0.0	-0.0314	0	
20200423_222136.372038	0.5	0.4285	-1.22464679915e-16	-0.0352	0.0	-0.0307	0	
20200423_222136.380624	0.5	0.4284	-1.22464679915e-16	-0.0352	0.0	-0.0306	0	
20200423_222136.389414	0.5	0.4285	-1.22464679915e-16	-0.0352	0.0	-0.0305	0	
20200423_222136.397620	0.5	0.4285	-1.22464679915e-16	-0.0352	0.0	-0.0303	0	
20200423_222136.405817	0.5	0.4285	-1.22464679915e-16	-0.0354	0.0	-0.0329	0	
20200423_222136.414459	0.5	0.4285	-1.22464679915e-16	-0.0352	0.0	-0.0304	0	
20200423_222136.422324	0.5	0.4285	-1.22464679915e-16	-0.0352	0.0	-0.0307	0	
20200423_222136.430754	0.5	0.4285	-1.22464679915e-16	-0.0353	0.0	-0.0315	0	
20200423_222136.438725	0.5	0.4285	-1.22464679915e-16	-0.0353	0.0	-0.0316	0	
20200423_222136.447377	0.5	0.4284	-1.22464679915e-16	-0.0352	0.0	-0.0307	0	
20200423_222136.455960	0.5	0.4285	-1.22464679915e-16	-0.0352	0.0	-0.0307	0	
20200423_222136.463880	0.5	0.4285	-1.22464679915e-16	-0.0352	0.0	-0.0307	0	
20200423_222136.472343	0.5	0.4285	-1.22464679915e-16	-0.0352	0.0	-0.0306	0	
20200423_222136.480941	0.5	0.4285	-1.22464679915e-16	-0.0352	0.0	-0.0307	0	
20200423_222136.488904	0.5	0.4285	-1.22464679915e-16	-0.0352	0.0	-0.0307	0	
20200423_222136.497225	0.5	0.4284	-1.22464679915e-16	-0.0352	0.0	-0.0305	0	
20200423_222136.505691	0.5	0.4285	-1.22464679915e-16	-0.0353	0.0	-0.032	0	
20200423_222136.513984	0.5	0.4285	-1.22464679915e-16	-0.0352	0.0	-0.0323	0	
20200423_222136.522566	0.5	0.4286	-1.22464679915e-16	-0.0352	0.0	-0.0321	0	
20200423_222136.530567	0.5	0.4285	-1.22464679915e-16	-0.0352	0.0	-0.0318	0	
20200423_222136.538985	0.5	0.4285	-1.22464679915e-16	-0.0353	0.0	-0.0322	0	
20200423_222136.547367	0.5	0.4285	-1.22464679915e-16	-0.0353	0.0	-0.032	0	
20200423_222136.555908	0.5	0.4285	-1.22464679915e-16	-0.0353	0.0	-0.0322	0	
20200423_222136.563610	0.5	0.4285	-1.22464679915e-16	-0.0352	0.0	-0.0315	0	
20200423_222136.571883	0.5	0.4284	-1.22464679915e-16	-0.0352	0.0	-0.0307	0	
20200423_222136.580229	0.5	0.4284	-1.22464679915e-16	-0.0352	0.0	-0.0307	0	
20200423_222136.588412	0.5	0.4284	-1.22464679915e-16	-0.0352	0.0	-0.0305	0	
20200423_222136.596872	0.5	0.4284	-1.22464679915e-16	-0.0352	0.0	-0.0302	0	
20200423_222136.605243	0.5	0.4284	-1.22464679915e-16	-0.0352	0.0	-0.0303	0	
20200423_222136.613579	0.5	0.4284	-1.22464679915e-16	-0.0352	0.0	-0.0303	0	
20200423_222136.621787	0.5	0.4285	-1.22464679915e-16	-0.0352	0.0	-0.0306	0	
20200423_222136.630206	0.5	0.4285	-1.22464679915e-16	-0.0352	0.0	-0.0316	0	
20200423_222136.638728	0.5	0.4285	-1.22464679915e-16	-0.0353	0.0	-0.0316	0	
20200423_222136.646965	0.5	0.4284	-1.22464679915e-16	-0.0352	0.0	-0.0307	0	
20200423_222136.655662	0.5	0.4284	-1.22464679915e-16	-0.0352	0.0	-0.0306	0	
20200423_222136.663855	0.5	0.4284	-1.22464679915e-16	-0.0352	0.0	-0.0306	0	
20200423_222136.672472	0.5	0.4284	-1.22464679915e-16	-0.0352	0.0	-0.0308	0	
20200423_222136.680660	0.5	0.4284	-1.22464679915e-16	-0.0352	0.0	-0.0307	0	
20200423_222136.689494	0.5	0.4284	-1.22464679915e-16	-0.0352	0.0	-0.0308	0	
20200423_222136.697383	0.5	0.4284	-1.22464679915e-16	-0.0352	0.0	-0.0306	0	
20200423_222136.705728	0.5	0.4285	-1.22464679915e-16	-0.0352	0.0	-0.0318	0	
20200423_222136.714167	0.5	0.4285	-1.22464679915e-16	-0.0352	0.0	-0.0319	0	
20200423_222136.722474	0.5	0.4285	-1.22464679915e-16	-0.0353	0.0	-0.032	0	
20200423_222136.730739	0.5	0.4284	-1.22464679915e-16	-0.0352	0.0	-0.0319	0	
20200423_222136.738694	0.5	0.4284	-1.22464679915e-16	-0.0353	0.0	-0.0322	0	
20200423_222136.747266	0.5	0.4284	-1.22464679915e-16	-0.0353	0.0	-0.032	0	
20200423_222136.755524	0.5	0.4284	-1.22464679915e-16	-0.0353	0.0	-0.0323	0	
20200423_222136.764315	0.5	0.4284	-1.22464679915e-16	-0.0352	0.0	-0.0319	0	
20200423_222136.772497	0.5	0.4284	-1.22464679915e-16	-0.0352	0.0	-0.0308	0	
20200423_222136.780544	0.5	0.4284	-1.22464679915e-16	-0.0352	0.0	-0.0307	0	
20200423_222136.788732	0.5	0.4284	-1.22464679915e-16	-0.0352	0.0	-0.0308	0	
20200423_222136.797540	0.5	0.4284	-1.22464679915e-16	-0.0351	0.0	-0.0306	0	
20200423_222136.805751	0.5	0.4284	-1.22464679915e-16	-0.0352	0.0	-0.0307	0	
20200423_222136.813874	0.5	0.4284	-1.22464679915e-16	-0.0351	0.0	-0.0309	0	
20200423_222136.822155	0.5	0.4284	-1.22464679915e-16	-0.0351	0.0	-0.0307	0	
20200423_222136.830781	0.5	0.4285	-1.22464679915e-16	-0.0352	0.0	-0.0318	0	
20200423_222136.838793	0.5	0.4285	-1.22464679915e-16	-0.0352	0.0	-0.0319	0	
20200423_222136.846992	0.5	0.4284	-1.22464679915e-16	-0.0352	0.0	-0.0309	0	
20200423_222136.855546	0.5	0.4284	-1.22464679915e-16	-0.0352	0.0	-0.0306	0	
20200423_222136.864097	0.5	0.4284	-1.22464679915e-16	-0.0352	0.0	-0.0306	0	
20200423_222136.872289	0.5	0.4284	-1.22464679915e-16	-0.0352	0.0	-0.0304	0	
20200423_222136.880898	0.5	0.4284	-1.22464679915e-16	-0.0352	0.0	-0.0307	0	
20200423_222136.888911	0.5	0.4284	-1.22464679915e-16	-0.0352	0.0	-0.0306	0	
20200423_222136.897184	0.5	0.4284	-1.22464679915e-16	-0.0352	0.0	-0.0306	0	
20200423_222136.905484	0.5	0.4285	-1.22464679915e-16	-0.0353	0.0	-0.0315	0	
20200423_222136.914002	0.5	0.4285	-1.22464679915e-16	-0.0353	0.0	-0.0319	0	
20200423_222136.922475	0.5	0.4285	-1.22464679915e-16	-0.0353	0.0	-0.032	0	
20200423_222136.930692	0.5	0.4284	-1.22464679915e-16	-0.0353	0.0	-0.0321	0	
20200423_222136.938582	0.5	0.4285	-1.22464679915e-16	-0.0353	0.0	-0.0318	0	
20200423_222136.946897	0.5	0.4285	-1.22464679915e-16	-0.0353	0.0	-0.0321	0	
20200423_222136.955634	0.5	0.4284	-1.22464679915e-16	-0.0353	0.0	-0.032	0	
20200423_222136.963961	0.5	0.4284	-1.22464679915e-16	-0.0353	0.0	-0.032	0	
20200423_222136.972483	0.5	0.4284	-1.22464679915e-16	-0.0352	0.0	-0.0308	0	
20200423_222136.980866	0.5	0.4284	-1.22464679915e-16	-0.0352	0.0	-0.0308	0	
20200423_222136.989122	0.5	0.4284	-1.22464679915e-16	-0.0352	0.0	-0.0304	0	
20200423_222136.997913	0.5	0.4284	-1.22464679915e-16	-0.0352	0.0	-0.0302	0	
20200423_222137.005763	0.5	0.4284	-1.22464679915e-16	-0.0352	0.0	-0.0303	0	
20200423_222137.014140	0.5	0.4284	-1.22464679915e-16	-0.0352	0.0	-0.0303	0	
20200423_222137.022357	0.5	0.4284	-1.22464679915e-16	-0.0352	0.0	-0.0304	0	
20200423_222137.030695	0.5	0.4284	-1.22464679915e-16	-0.0352	0.0	-0.0315	0	
20200423_222137.039361	0.5	0.4284	-1.22464679915e-16	-0.0352	0.0	-0.0317	0	
20200423_222137.047172	0.5	0.4284	-1.22464679915e-16	-0.0352	0.0	-0.0309	0	
20200423_222137.055351	0.5	0.4284	-1.22464679915e-16	-0.0352	0.0	-0.0308	0	
20200423_222137.064312	0.5	0.4284	-1.22464679915e-16	-0.0352	0.0	-0.0308	0	
20200423_222137.072421	0.5	0.4284	-1.22464679915e-16	-0.0352	0.0	-0.0305	0	
20200423_222137.080831	0.5	0.4284	-1.22464679915e-16	-0.0352	0.0	-0.0306	0	
20200423_222137.088926	0.5	0.4284	-1.22464679915e-16	-0.0352	0.0	-0.0309	0	
20200423_222137.097478	0.5	0.4284	-1.22464679915e-16	-0.0351	0.0	-0.0309	0	
20200423_222137.105039	0.5	0.4284	-1.22464679915e-16	-0.0352	0.0	-0.0317	0	
20200423_222137.113456	0.5	0.4284	-1.22464679915e-16	-0.0352	0.0	-0.0318	0	
20200423_222137.122019	0.5	0.4284	-1.22464679915e-16	-0.0352	0.0	-0.032	0	
20200423_222137.130507	0.5	0.4284	-1.22464679915e-16	-0.0352	0.0	-0.0323	0	
20200423_222137.139216	0.5	0.4284	-1.22464679915e-16	-0.0352	0.0	-0.0322	0	
20200423_222137.147543	0.5	0.4284	-1.22464679915e-16	-0.0352	0.0	-0.0322	0	
20200423_222137.155828	0.5	0.4284	-1.22464679915e-16	-0.0352	0.0	-0.0322	0	
20200423_222137.164090	0.5	0.4284	-1.22464679915e-16	-0.0352	0.0	-0.0324	0	
20200423_222137.172632	0.5	0.4284	-1.22464679915e-16	-0.0352	0.0	-0.0312	0	
20200423_222137.180960	0.5	0.4284	-1.22464679915e-16	-0.0352	0.0	-0.0309	0	
20200423_222137.189178	0.5	0.4284	-1.22464679915e-16	-0.0352	0.0	-0.0308	0	
20200423_222137.197452	0.5	0.4284	-1.22464679915e-16	-0.0352	0.0	-0.0307	0	
20200423_222137.205637	0.5	0.4284	-1.22464679915e-16	-0.0352	0.0	-0.0306	0	
20200423_222137.213947	0.5	0.4283	-1.22464679915e-16	-0.0352	0.0	-0.0307	0	
20200423_222137.222738	0.5	0.4283	-1.22464679915e-16	-0.0352	0.0	-0.0303	0	
20200423_222137.230906	0.5	0.4284	-1.22464679915e-16	-0.0352	0.0	-0.0315	0	
20200423_222137.238825	0.5	0.4284	-1.22464679915e-16	-0.0352	0.0	-0.0317	0	
20200423_222137.247070	0.5	0.4284	-1.22464679915e-16	-0.0352	0.0	-0.0313	0	
20200423_222137.255623	0.5	0.4284	-1.22464679915e-16	-0.0352	0.0	-0.0309	0	
20200423_222137.264291	0.5	0.4284	-1.22464679915e-16	-0.0352	0.0	-0.0309	0	
20200423_222137.272428	0.5	0.4284	-1.22464679915e-16	-0.0352	0.0	-0.0307	0	
20200423_222137.280944	0.5	0.4283	-1.22464679915e-16	-0.0352	0.0	-0.0308	0	
20200423_222137.288868	0.5	0.4284	-1.22464679915e-16	-0.0352	0.0	-0.031	0	
20200423_222137.297818	0.5	0.4284	-1.22464679915e-16	-0.0352	0.0	-0.031	0	
20200423_222137.306138	0.5	0.4283	-1.22464679915e-16	-0.0352	0.0	-0.031	0	
20200423_222137.314086	0.5	0.4284	-1.22464679915e-16	-0.0352	0.0	-0.0318	0	
20200423_222137.322607	0.5	0.4284	-1.22464679915e-16	-0.0352	0.0	-0.0318	0	
20200423_222137.330829	0.5	0.4284	-1.22464679915e-16	-0.0353	0.0	-0.0322	0	
20200423_222137.339547	0.5	0.4284	-1.22464679915e-16	-0.0352	0.0	-0.0316	0	
20200423_222137.347244	0.5	0.4284	-1.22464679915e-16	-0.0352	0.0	-0.0321	0	
20200423_222137.355465	0.5	0.4283	-1.22464679915e-16	-0.0352	0.0	-0.0321	0	
20200423_222137.364052	0.5	0.4284	-1.22464679915e-16	-0.0353	0.0	-0.0325	0	
20200423_222137.372370	0.5	0.4284	-1.22464679915e-16	-0.0352	0.0	-0.0312	0	
20200423_222137.380850	0.5	0.4283	-1.22464679915e-16	-0.0352	0.0	-0.031	0	
20200423_222137.388978	0.5	0.4284	-1.22464679915e-16	-0.0352	0.0	-0.0308	0	
20200423_222137.397321	0.5	0.4284	-1.22464679915e-16	-0.0352	0.0	-0.0309	0	
20200423_222137.406117	0.5	0.4284	-1.22464679915e-16	-0.0351	0.0	-0.0308	0	
20200423_222137.414269	0.5	0.4284	-1.22464679915e-16	-0.0351	0.0	-0.0307	0	
20200423_222137.422183	0.5	0.4284	-1.22464679915e-16	-0.0351	0.0	-0.0303	0	
20200423_222137.430447	0.5	0.4284	-1.22464679915e-16	-0.0352	0.0	-0.0315	0	
20200423_222137.439308	0.5	0.4284	-1.22464679915e-16	-0.0352	0.0	-0.0321	0	
20200423_222137.447490	0.5	0.4284	-1.22464679915e-16	-0.0352	0.0	-0.0313	0	
20200423_222137.456072	0.5	0.4284	-1.22464679915e-16	-0.0352	0.0	-0.031	0	
20200423_222137.464354	0.5	0.4284	-1.22464679915e-16	-0.0352	0.0	-0.0309	0	
20200423_222137.472308	0.5	0.4284	-1.22464679915e-16	-0.0352	0.0	-0.0309	0	
20200423_222137.480778	0.5	0.4284	-1.22464679915e-16	-0.0352	0.0	-0.031	0	
20200423_222137.489062	0.5	0.4284	-1.22464679915e-16	-0.0352	0.0	-0.031	0	
20200423_222137.497424	0.5	0.4283	-1.22464679915e-16	-0.0352	0.0	-0.0309	0	
20200423_222137.505596	0.5	0.4283	-1.22464679915e-16	-0.0352	0.0	-0.0309	0	
20200423_222137.514032	0.5	0.4284	-1.22464679915e-16	-0.0352	0.0	-0.0321	0	
20200423_222137.522450	0.5	0.4284	-1.22464679915e-16	-0.0352	0.0	-0.0321	0	
20200423_222137.530445	0.5	0.4284	-1.22464679915e-16	-0.0353	0.0	-0.0329	0	
20200423_222137.538908	0.5	0.4284	-1.22464679915e-16	-0.0352	0.0	-0.0317	0	
20200423_222137.547453	0.5	0.4284	-1.22464679915e-16	-0.0353	0.0	-0.0321	0	
20200423_222137.556019	0.5	0.4284	-1.22464679915e-16	-0.0353	0.0	-0.0321	0	
20200423_222137.564194	0.5	0.4284	-1.22464679915e-16	-0.0353	0.0	-0.0324	0	
20200423_222137.572109	0.5	0.4284	-1.22464679915e-16	-0.0352	0.0	-0.0307	0	
20200423_222137.580225	0.5	0.4284	-1.22464679915e-16	-0.0352	0.0	-0.0306	0	
20200423_222137.588512	0.5	0.4284	-1.22464679915e-16	-0.0352	0.0	-0.0305	0	
20200423_222137.596869	0.5	0.4284	-1.22464679915e-16	-0.0352	0.0	-0.0305	0	
20200423_222137.605133	0.5	0.4284	-1.22464679915e-16	-0.0352	0.0	-0.0306	0	
20200423_222137.613492	0.5	0.4284	-1.22464679915e-16	-0.0352	0.0	-0.0305	0	
20200423_222137.621888	0.5	0.4284	-1.22464679915e-16	-0.0351	0.0	-0.0303	0	
20200423_222137.630525	0.5	0.4284	-1.22464679915e-16	-0.0352	0.0	-0.0315	0	
20200423_222137.638811	0.5	0.4284	-1.22464679915e-16	-0.0352	0.0	-0.0319	0	
20200423_222137.646941	0.5	0.4284	-1.22464679915e-16	-0.0352	0.0	-0.0314	0	
20200423_222137.655472	0.5	0.4284	-1.22464679915e-16	-0.0352	0.0	-0.0309	0	
20200423_222137.664382	0.5	0.4283	-1.22464679915e-16	-0.0352	0.0	-0.031	0	
20200423_222137.671975	0.5	0.4283	-1.22464679915e-16	-0.0352	0.0	-0.031	0	
20200423_222137.680402	0.5	0.4283	-1.22464679915e-16	-0.0352	0.0	-0.031	0	
20200423_222137.688968	0.5	0.4283	-1.22464679915e-16	-0.0352	0.0	-0.0309	0	
20200423_222137.697305	0.5	0.4284	-1.22464679915e-16	-0.0352	0.0	-0.031	0	
20200423_222137.705619	0.5	0.4283	-1.22464679915e-16	-0.0352	0.0	-0.0307	0	
20200423_222137.714078	0.5	0.4284	-1.22464679915e-16	-0.0353	0.0	-0.0319	0	
20200423_222137.722483	0.5	0.4284	-1.22464679915e-16	-0.0353	0.0	-0.032	0	
20200423_222137.730531	0.5	0.4284	-1.22464679915e-16	-0.0353	0.0	-0.0324	0	
20200423_222137.739088	0.5	0.4283	-1.22464679915e-16	-0.0352	0.0	-0.0313	0	
20200423_222137.747194	0.5	0.4284	-1.22464679915e-16	-0.0353	0.0	-0.0321	0	
20200423_222137.755945	0.5	0.4284	-1.22464679915e-16	-0.0353	0.0	-0.032	0	
20200423_222137.764560	0.5	0.4284	-1.22464679915e-16	-0.0353	0.0	-0.0325	0	
20200423_222137.772354	0.5	0.4284	-1.22464679915e-16	-0.0352	0.0	-0.0308	0	
20200423_222137.780918	0.5	0.4284	-1.22464679915e-16	-0.0352	0.0	-0.0307	0	
20200423_222137.789666	0.5	0.4284	-1.22464679915e-16	-0.0352	0.0	-0.0305	0	
20200423_222137.797668	0.5	0.4284	-1.22464679915e-16	-0.0352	0.0	-0.0306	0	
20200423_222137.806065	0.5	0.4284	-1.22464679915e-16	-0.0352	0.0	-0.0306	0	
20200423_222137.814200	0.5	0.4284	-1.22464679915e-16	-0.0352	0.0	-0.0305	0	
20200423_222137.822359	0.5	0.4284	-1.22464679915e-16	-0.0351	0.0	-0.0302	0	
20200423_222137.830816	0.5	0.4284	-1.22464679915e-16	-0.0352	0.0	-0.0312	0	
20200423_222137.838770	0.5	0.4284	-1.22464679915e-16	-0.0352	0.0	-0.0317	0	
20200423_222137.847403	0.5	0.4284	-1.22464679915e-16	-0.0352	0.0	-0.0315	0	
20200423_222137.855897	0.5	0.4284	-1.22464679915e-16	-0.0351	0.0	-0.031	0	
20200423_222137.864253	0.5	0.4284	-1.22464679915e-16	-0.0351	0.0	-0.0309	0	
20200423_222137.872648	0.5	0.4284	-1.22464679915e-16	-0.0351	0.0	-0.031	0	
20200423_222137.881222	0.5	0.4284	-1.22464679915e-16	-0.0351	0.0	-0.0308	0	
20200423_222137.889415	0.5	0.4284	-1.22464679915e-16	-0.0351	0.0	-0.0308	0	
20200423_222137.897469	0.5	0.4284	-1.22464679915e-16	-0.0352	0.0	-0.0308	0	
20200423_222137.905397	0.5	0.4284	-1.22464679915e-16	-0.0351	0.0	-0.0307	0	
20200423_222137.913965	0.5	0.4284	-1.22464679915e-16	-0.0352	0.0	-0.0319	0	
20200423_222137.922485	0.5	0.4284	-1.22464679915e-16	-0.0352	0.0	-0.032	0	
20200423_222137.930660	0.5	0.4284	-1.22464679915e-16	-0.0353	0.0	-0.0325	0	
20200423_222137.938796	0.5	0.4284	-1.22464679915e-16	-0.0352	0.0	-0.0313	0	
20200423_222137.947230	0.5	0.4284	-1.22464679915e-16	-0.0352	0.0	-0.0321	0	
20200423_222137.955649	0.5	0.4284	-1.22464679915e-16	-0.0352	0.0	-0.032	0	
20200423_222137.964111	0.5	0.4284	-1.22464679915e-16	-0.0353	0.0	-0.0326	0	
20200423_222137.972478	0.5	0.4284	-1.22464679915e-16	-0.0352	0.0	-0.0308	0	
20200423_222137.980967	0.5	0.4283	-1.22464679915e-16	-0.0352	0.0	-0.031	0	
20200423_222137.988620	0.5	0.4284	-1.22464679915e-16	-0.0352	0.0	-0.0308	0	
20200423_222137.997158	0.5	0.4284	-1.22464679915e-16	-0.0352	0.0	-0.0306	0	
20200423_222138.005854	0.5	0.4284	-1.22464679915e-16	-0.0352	0.0	-0.0306	0	
20200423_222138.014330	0.5	0.4284	-1.22464679915e-16	-0.0351	0.0	-0.0305	0	
20200423_222138.022584	0.5	0.4284	-1.22464679915e-16	-0.0351	0.0	-0.0301	0	
20200423_222138.030736	0.5	0.4284	-1.22464679915e-16	-0.0352	0.0	-0.0315	0	
20200423_222138.039338	0.5	0.4284	-1.22464679915e-16	-0.0352	0.0	-0.0317	0	
20200423_222138.047334	0.5	0.4284	-1.22464679915e-16	-0.0352	0.0	-0.0317	0	
20200423_222138.055821	0.5	0.4283	-1.22464679915e-16	-0.0352	0.0	-0.0309	0	
20200423_222138.064092	0.5	0.4283	-1.22464679915e-16	-0.0352	0.0	-0.0309	0	
20200423_222138.072937	0.5	0.4283	-1.22464679915e-16	-0.0352	0.0	-0.0309	0	
20200423_222138.081086	0.5	0.4284	-1.22464679915e-16	-0.0352	0.0	-0.031	0	
20200423_222138.089110	0.5	0.4283	-1.22464679915e-16	-0.0352	0.0	-0.031	0	
20200423_222138.097705	0.5	0.4283	-1.22464679915e-16	-0.0352	0.0	-0.0309	0	
20200423_222138.106129	0.5	0.4283	-1.22464679915e-16	-0.0351	0.0	-0.0305	0	
20200423_222138.113943	0.5	0.4284	-1.22464679915e-16	-0.0352	0.0	-0.0319	0	
20200423_222138.122524	0.5	0.4284	-1.22464679915e-16	-0.0352	0.0	-0.0319	0	
20200423_222138.130908	0.5	0.4284	-1.22464679915e-16	-0.0353	0.0	-0.0327	0	
20200423_222138.138977	0.5	0.4284	-1.22464679915e-16	-0.0352	0.0	-0.031	0	
20200423_222138.147402	0.5	0.4284	-1.22464679915e-16	-0.0352	0.0	-0.032	0	
20200423_222138.155970	0.5	0.4284	-1.22464679915e-16	-0.0352	0.0	-0.0323	0	
20200423_222138.164279	0.5	0.4284	-1.22464679915e-16	-0.0353	0.0	-0.0327	0	
20200423_222138.172416	0.5	0.4283	-1.22464679915e-16	-0.0352	0.0	-0.0309	0	
20200423_222138.180945	0.5	0.4284	-1.22464679915e-16	-0.0352	0.0	-0.031	0	
20200423_222138.189784	0.5	0.4284	-1.22464679915e-16	-0.0352	0.0	-0.0307	0	
20200423_222138.197510	0.5	0.4284	-1.22464679915e-16	-0.0352	0.0	-0.0307	0	
20200423_222138.205819	0.5	0.4284	-1.22464679915e-16	-0.0352	0.0	-0.0308	0	
20200423_222138.214548	0.5	0.4284	-1.22464679915e-16	-0.0352	0.0	-0.0307	0	
20200423_222138.222710	0.5	0.4283	-1.22464679915e-16	-0.0351	0.0	-0.0305	0	
20200423_222138.230640	0.5	0.4284	-1.22464679915e-16	-0.0352	0.0	-0.0313	0	
20200423_222138.239083	0.5	0.4284	-1.22464679915e-16	-0.0352	0.0	-0.0317	0	
20200423_222138.247623	0.5	0.4284	-1.22464679915e-16	-0.0352	0.0	-0.0318	0	
20200423_222138.255441	0.5	0.4283	-1.22464679915e-16	-0.0351	0.0	-0.031	0	
20200423_222138.263655	0.5	0.4283	-1.22464679915e-16	-0.0351	0.0	-0.0311	0	
20200423_222138.271781	0.5	0.4283	-1.22464679915e-16	-0.0352	0.0	-0.0309	0	
20200423_222138.280096	0.5	0.4284	-1.22464679915e-16	-0.0352	0.0	-0.0311	0	
20200423_222138.288568	0.5	0.4283	-1.22464679915e-16	-0.0352	0.0	-0.031	0	
20200423_222138.296733	0.5	0.4283	-1.22464679915e-16	-0.0352	0.0	-0.031	0	
20200423_222138.305115	0.5	0.4283	-1.22464679915e-16	-0.0351	0.0	-0.0304	0	
20200423_222138.313645	0.5	0.4283	-1.22464679915e-16	-0.0352	0.0	-0.0318	0	
20200423_222138.322018	0.5	0.4283	-1.22464679915e-16	-0.0352	0.0	-0.0319	0	
20200423_222138.330513	0.5	0.4284	-1.22464679915e-16	-0.0352	0.0	-0.0322	0	
20200423_222138.338934	0.5	0.4283	-1.22464679915e-16	-0.0351	0.0	-0.0308	0	
20200423_222138.347476	0.5	0.4284	-1.22464679915e-16	-0.0352	0.0	-0.0323	0	
20200423_222138.355688	0.5	0.4283	-1.22464679915e-16	-0.0352	0.0	-0.0324	0	
20200423_222138.364493	0.5	0.4283	-1.22464679915e-16	-0.0353	0.0	-0.0328	0	
20200423_222138.372361	0.5	0.4283	-1.22464679915e-16	-0.0352	0.0	-0.0314	0	
20200423_222138.381275	0.5	0.4283	-1.22464679915e-16	-0.0351	0.0	-0.0313	0	
20200423_222138.389153	0.5	0.4283	-1.22464679915e-16	-0.0351	0.0	-0.0311	0	
20200423_222138.397922	0.5	0.4283	-1.22464679915e-16	-0.0351	0.0	-0.0307	0	
20200423_222138.405779	0.5	0.4283	-1.22464679915e-16	-0.0351	0.0	-0.0308	0	
20200423_222138.414615	0.5	0.4283	-1.22464679915e-16	-0.0351	0.0	-0.0307	0	
20200423_222138.422910	0.5	0.4283	-1.22464679915e-16	-0.0351	0.0	-0.0306	0	
20200423_222138.430490	0.5	0.4284	-1.22464679915e-16	-0.0352	0.0	-0.0314	0	
20200423_222138.439520	0.5	0.4284	-1.22464679915e-16	-0.0352	0.0	-0.0319	0	
20200423_222138.447255	0.5	0.4284	-1.22464679915e-16	-0.0352	0.0	-0.032	0	
20200423_222138.456025	0.5	0.4284	-1.22464679915e-16	-0.0351	0.0	-0.031	0	
20200423_222138.463898	0.5	0.4284	-1.22464679915e-16	-0.0351	0.0	-0.0314	0	
20200423_222138.472309	0.5	0.4283	-1.22464679915e-16	-0.0351	0.0	-0.0314	0	
20200423_222138.480795	0.5	0.4283	-1.22464679915e-16	-0.0351	0.0	-0.0313	0	
20200423_222138.489140	0.5	0.4283	-1.22464679915e-16	-0.0351	0.0	-0.0313	0	
20200423_222138.497111	0.5	0.4283	-1.22464679915e-16	-0.0351	0.0	-0.0312	0	
20200423_222138.505504	0.5	0.4283	-1.22464679915e-16	-0.0351	0.0	-0.0309	0	
20200423_222138.514249	0.5	0.4283	-1.22464679915e-16	-0.0352	0.0	-0.0323	0	
20200423_222138.522399	0.5	0.4284	-1.22464679915e-16	-0.0353	0.0	-0.0321	0	
20200423_222138.531007	0.5	0.4284	-1.22464679915e-16	-0.0353	0.0	-0.0324	0	
20200423_222138.538753	0.5	0.4283	-1.22464679915e-16	-0.0352	0.0	-0.0311	0	
20200423_222138.547151	0.5	0.4283	-1.22464679915e-16	-0.0352	0.0	-0.0323	0	
20200423_222138.555849	0.5	0.4283	-1.22464679915e-16	-0.0352	0.0	-0.0321	0	
20200423_222138.564042	0.5	0.4283	-1.22464679915e-16	-0.0352	0.0	-0.0327	0	
20200423_222138.571813	0.5	0.4283	-1.22464679915e-16	-0.0352	0.0	-0.0311	0	
20200423_222138.580101	0.5	0.4283	-1.22464679915e-16	-0.0352	0.0	-0.0311	0	
20200423_222138.588516	0.5	0.4284	-1.22464679915e-16	-0.0352	0.0	-0.0309	0	
20200423_222138.596773	0.5	0.4284	-1.22464679915e-16	-0.0352	0.0	-0.0309	0	
20200423_222138.605121	0.5	0.4284	-1.22464679915e-16	-0.0351	0.0	-0.031	0	
20200423_222138.613476	0.5	0.4283	-1.22464679915e-16	-0.0351	0.0	-0.0309	0	
20200423_222138.622128	0.5	0.4283	-1.22464679915e-16	-0.0352	0.0	-0.0308	0	
20200423_222138.630392	0.5	0.4283	-1.22464679915e-16	-0.0352	0.0	-0.0314	0	
20200423_222138.638582	0.5	0.4283	-1.22464679915e-16	-0.0352	0.0	-0.032	0	
20200423_222138.646971	0.5	0.4283	-1.22464679915e-16	-0.0352	0.0	-0.0319	0	
20200423_222138.655332	0.5	0.4283	-1.22464679915e-16	-0.0352	0.0	-0.0309	0	
20200423_222138.663864	0.5	0.4283	-1.22464679915e-16	-0.0352	0.0	-0.031	0	
20200423_222138.672756	0.5	0.4283	-1.22464679915e-16	-0.0352	0.0	-0.031	0	
20200423_222138.680888	0.5	0.4283	-1.22464679915e-16	-0.0352	0.0	-0.0311	0	
20200423_222138.689070	0.5	0.4283	-1.22464679915e-16	-0.0352	0.0	-0.031	0	
20200423_222138.697472	0.5	0.4283	-1.22464679915e-16	-0.0352	0.0	-0.031	0	
20200423_222138.705751	0.5	0.4283	-1.22464679915e-16	-0.0351	0.0	-0.0307	0	
20200423_222138.714005	0.5	0.4284	-1.22464679915e-16	-0.0352	0.0	-0.0318	0	
20200423_222138.722197	0.5	0.4284	-1.22464679915e-16	-0.0352	0.0	-0.0319	0	
20200423_222138.730581	0.5	0.4284	-1.22464679915e-16	-0.0353	0.0	-0.0321	0	
20200423_222138.739223	0.5	0.4283	-1.22464679915e-16	-0.0352	0.0	-0.0311	0	
20200423_222138.747226	0.5	0.4284	-1.22464679915e-16	-0.0353	0.0	-0.0322	0	
20200423_222138.756191	0.5	0.4284	-1.22464679915e-16	-0.0353	0.0	-0.0323	0	
20200423_222138.764378	0.5	0.4284	-1.22464679915e-16	-0.0353	0.0	-0.0326	0	
20200423_222138.772868	0.5	0.4283	-1.22464679915e-16	-0.0352	0.0	-0.0313	0	
20200423_222138.780837	0.5	0.4283	-1.22464679915e-16	-0.0351	0.0	-0.031	0	
20200423_222138.789393	0.5	0.4283	-1.22464679915e-16	-0.0351	0.0	-0.0312	0	
20200423_222138.797630	0.5	0.4283	-1.22464679915e-16	-0.0351	0.0	-0.0308	0	
20200423_222138.805826	0.5	0.4283	-1.22464679915e-16	-0.0351	0.0	-0.0309	0	
20200423_222138.814293	0.5	0.4283	-1.22464679915e-16	-0.0351	0.0	-0.0307	0	
20200423_222138.822258	0.5	0.4283	-1.22464679915e-16	-0.0352	0.0	-0.0309	0	
20200423_222138.830664	0.5	0.4283	-1.22464679915e-16	-0.0352	0.0	-0.0311	0	
20200423_222138.839056	0.5	0.4283	-1.22464679915e-16	-0.0353	0.0	-0.0319	0	
20200423_222138.847418	0.5	0.4283	-1.22464679915e-16	-0.0352	0.0	-0.0318	0	
20200423_222138.855879	0.5	0.4283	-1.22464679915e-16	-0.0351	0.0	-0.0308	0	
20200423_222138.863738	0.5	0.4283	-1.22464679915e-16	-0.0351	0.0	-0.0309	0	
20200423_222138.872045	0.5	0.4283	-1.22464679915e-16	-0.0351	0.0	-0.0308	0	
20200423_222138.880740	0.5	0.4283	-1.22464679915e-16	-0.0351	0.0	-0.0309	0	
20200423_222138.888982	0.5	0.4283	-1.22464679915e-16	-0.0351	0.0	-0.031	0	
20200423_222138.897392	0.5	0.4283	-1.22464679915e-16	-0.0351	0.0	-0.0309	0	
20200423_222138.905607	0.5	0.4283	-1.22464679915e-16	-0.0351	0.0	-0.0305	0	
20200423_222138.914042	0.5	0.4283	-1.22464679915e-16	-0.0352	0.0	-0.0321	0	
20200423_222138.922249	0.5	0.4283	-1.22464679915e-16	-0.0352	0.0	-0.0321	0	
20200423_222138.930529	0.5	0.4283	-1.22464679915e-16	-0.0352	0.0	-0.0322	0	
20200423_222138.938822	0.5	0.4282	-1.22464679915e-16	-0.0351	0.0	-0.0312	0	
20200423_222138.947859	0.5	0.4282	-1.22464679915e-16	-0.0352	0.0	-0.0322	0	
20200423_222138.955838	0.5	0.4283	-1.22464679915e-16	-0.0352	0.0	-0.0323	0	
20200423_222138.964353	0.5	0.4283	-1.22464679915e-16	-0.0352	0.0	-0.0326	0	
20200423_222138.972811	0.5	0.4283	-1.22464679915e-16	-0.0352	0.0	-0.0318	0	
20200423_222138.980613	0.5	0.4283	-1.22464679915e-16	-0.0352	0.0	-0.0313	0	
20200423_222138.988833	0.5	0.4283	-1.22464679915e-16	-0.0352	0.0	-0.0311	0	
20200423_222138.997658	0.5	0.4283	-1.22464679915e-16	-0.0352	0.0	-0.0306	0	
20200423_222139.005535	0.5	0.4284	-1.22464679915e-16	-0.0351	0.0	-0.0308	0	
20200423_222139.013981	0.5	0.4283	-1.22464679915e-16	-0.0351	0.0	-0.0305	0	
20200423_222139.022572	0.5	0.4283	-1.22464679915e-16	-0.0351	0.0	-0.0306	0	
20200423_222139.031186	0.5	0.4284	-1.22464679915e-16	-0.0352	0.0	-0.0309	0	
20200423_222139.039425	0.5	0.4284	-1.22464679915e-16	-0.0352	0.0	-0.0316	0	
20200423_222139.047043	0.5	0.4284	-1.22464679915e-16	-0.0352	0.0	-0.032	0	
20200423_222139.055450	0.5	0.4284	-1.22464679915e-16	-0.0352	0.0	-0.0308	0	
20200423_222139.064144	0.5	0.4284	-1.22464679915e-16	-0.0352	0.0	-0.0308	0	
20200423_222139.072631	0.5	0.4283	-1.22464679915e-16	-0.0352	0.0	-0.0309	0	
20200423_222139.080664	0.5	0.4283	-1.22464679915e-16	-0.0352	0.0	-0.0308	0	
20200423_222139.088994	0.5	0.4283	-1.22464679915e-16	-0.0352	0.0	-0.0308	0	
20200423_222139.097446	0.5	0.4283	-1.22464679915e-16	-0.0352	0.0	-0.031	0	
20200423_222139.105987	0.5	0.4283	-1.22464679915e-16	-0.0352	0.0	-0.0306	0	
20200423_222139.114373	0.5	0.4283	-1.22464679915e-16	-0.0352	0.0	-0.0319	0	
20200423_222139.121952	0.5	0.4284	-1.22464679915e-16	-0.0352	0.0	-0.0318	0	
20200423_222139.130135	0.5	0.4284	-1.22464679915e-16	-0.0352	0.0	-0.0321	0	
20200423_222139.138864	0.5	0.4284	-1.22464679915e-16	-0.0352	0.0	-0.0318	0	
20200423_222139.147161	0.5	0.4284	-1.22464679915e-16	-0.0352	0.0	-0.0324	0	
20200423_222139.155754	0.5	0.4284	-1.22464679915e-16	-0.0352	0.0	-0.0323	0	
20200423_222139.164005	0.5	0.4284	-1.22464679915e-16	-0.0352	0.0	-0.0323	0	
20200423_222139.172846	0.5	0.4284	-1.22464679915e-16	-0.0352	0.0	-0.0316	0	
20200423_222139.180884	0.5	0.4284	-1.22464679915e-16	-0.0352	0.0	-0.0308	0	
20200423_222139.189279	0.5	0.4284	-1.22464679915e-16	-0.0351	0.0	-0.0309	0	
20200423_222139.197676	0.5	0.4284	-1.22464679915e-16	-0.0351	0.0	-0.0308	0	
20200423_222139.206149	0.5	0.4284	-1.22464679915e-16	-0.0351	0.0	-0.0308	0	
20200423_222139.214416	0.5	0.4284	-1.22464679915e-16	-0.0351	0.0	-0.0305	0	
20200423_222139.222642	0.5	0.4284	-1.22464679915e-16	-0.0351	0.0	-0.0306	0	
20200423_222139.230774	0.5	0.4284	-1.22464679915e-16	-0.0351	0.0	-0.0307	0	
20200423_222139.239211	0.5	0.4284	-1.22464679915e-16	-0.0352	0.0	-0.0319	0	
20200423_222139.247716	0.5	0.4284	-1.22464679915e-16	-0.0352	0.0	-0.032	0	
20200423_222139.255494	0.5	0.4284	-1.22464679915e-16	-0.0352	0.0	-0.0311	0	
20200423_222139.264139	0.5	0.4283	-1.22464679915e-16	-0.0352	0.0	-0.0307	0	
20200423_222139.272510	0.5	0.4283	-1.22464679915e-16	-0.0351	0.0	-0.0308	0	
20200423_222139.281167	0.5	0.4283	-1.22464679915e-16	-0.0351	0.0	-0.0307	0	
20200423_222139.289167	0.5	0.4283	-1.22464679915e-16	-0.0351	0.0	-0.0308	0	
20200423_222139.297472	0.5	0.4283	-1.22464679915e-16	-0.0351	0.0	-0.0307	0	
20200423_222139.305852	0.5	0.4283	-1.22464679915e-16	-0.0352	0.0	-0.0309	0	
20200423_222139.314317	0.5	0.4284	-1.22464679915e-16	-0.0352	0.0	-0.0319	0	
20200423_222139.322364	0.5	0.4284	-1.22464679915e-16	-0.0352	0.0	-0.0321	0	
20200423_222139.330998	0.5	0.4284	-1.22464679915e-16	-0.0352	0.0	-0.032	0	
20200423_222139.339171	0.5	0.4283	-1.22464679915e-16	-0.0352	0.0	-0.0321	0	
20200423_222139.347353	0.5	0.4283	-1.22464679915e-16	-0.0353	0.0	-0.0322	0	
20200423_222139.356056	0.5	0.4283	-1.22464679915e-16	-0.0353	0.0	-0.0323	0	
20200423_222139.364480	0.5	0.4283	-1.22464679915e-16	-0.0353	0.0	-0.0322	0	
20200423_222139.372433	0.5	0.4284	-1.22464679915e-16	-0.0352	0.0	-0.0319	0	
20200423_222139.380725	0.5	0.4283	-1.22464679915e-16	-0.0352	0.0	-0.0307	0	
20200423_222139.388938	0.5	0.4283	-1.22464679915e-16	-0.0352	0.0	-0.0305	0	
20200423_222139.397721	0.5	0.4283	-1.22464679915e-16	-0.0352	0.0	-0.0306	0	
20200423_222139.405777	0.5	0.4283	-1.22464679915e-16	-0.0352	0.0	-0.0307	0	
20200423_222139.414045	0.5	0.4283	-1.22464679915e-16	-0.0352	0.0	-0.0307	0	
20200423_222139.422503	0.5	0.4283	-1.22464679915e-16	-0.0352	0.0	-0.0306	0	
20200423_222139.430803	0.5	0.4283	-1.22464679915e-16	-0.0352	0.0	-0.0308	0	
20200423_222139.439084	0.5	0.4284	-1.22464679915e-16	-0.0353	0.0	-0.0319	0	
20200423_222139.447378	0.5	0.4284	-1.22464679915e-16	-0.0353	0.0	-0.0319	0	
20200423_222139.455696	0.5	0.4283	-1.22464679915e-16	-0.0352	0.0	-0.0308	0	
20200423_222139.463777	0.5	0.4283	-1.22464679915e-16	-0.0352	0.0	-0.0309	0	
20200423_222139.472136	0.5	0.4284	-1.22464679915e-16	-0.0352	0.0	-0.0308	0	
20200423_222139.480588	0.5	0.4284	-1.22464679915e-16	-0.0352	0.0	-0.031	0	
20200423_222139.489319	0.5	0.4284	-1.22464679915e-16	-0.0352	0.0	-0.031	0	
20200423_222139.497383	0.5	0.4283	-1.22464679915e-16	-0.0352	0.0	-0.0312	0	
20200423_222139.505844	0.5	0.4283	-1.22464679915e-16	-0.0352	0.0	-0.031	0	
20200423_222139.514268	0.5	0.4284	-1.22464679915e-16	-0.0353	0.0	-0.0317	0	
20200423_222139.522718	0.5	0.4284	-1.22464679915e-16	-0.0353	0.0	-0.0322	0	
20200423_222139.531212	0.5	0.4284	-1.22464679915e-16	-0.0353	0.0	-0.032	0	
20200423_222139.538830	0.5	0.4284	-1.22464679915e-16	-0.0353	0.0	-0.0322	0	
20200423_222139.547492	0.5	0.4284	-1.22464679915e-16	-0.0353	0.0	-0.0322	0	
20200423_222139.556247	0.5	0.4284	-1.22464679915e-16	-0.0353	0.0	-0.0323	0	
20200423_222139.564213	0.5	0.4284	-1.22464679915e-16	-0.0353	0.0	-0.0323	0	
20200423_222139.571909	0.5	0.4283	-1.22464679915e-16	-0.0353	0.0	-0.0322	0	
20200423_222139.580341	0.5	0.4283	-1.22464679915e-16	-0.0352	0.0	-0.0309	0	
20200423_222139.588732	0.5	0.4283	-1.22464679915e-16	-0.0352	0.0	-0.031	0	
20200423_222139.597136	0.5	0.4283	-1.22464679915e-16	-0.0352	0.0	-0.031	0	
20200423_222139.605150	0.5	0.4283	-1.22464679915e-16	-0.0352	0.0	-0.0308	0	
20200423_222139.613659	0.5	0.4283	-1.22464679915e-16	-0.0352	0.0	-0.0308	0	
20200423_222139.622199	0.5	0.4283	-1.22464679915e-16	-0.0352	0.0	-0.0309	0	
20200423_222139.630311	0.5	0.4283	-1.22464679915e-16	-0.0352	0.0	-0.0305	0	
20200423_222139.638631	0.5	0.4284	-1.22464679915e-16	-0.0352	0.0	-0.0315	0	
20200423_222139.647122	0.5	0.4284	-1.22464679915e-16	-0.0352	0.0	-0.0317	0	
20200423_222139.655560	0.5	0.4284	-1.22464679915e-16	-0.0352	0.0	-0.031	0	
20200423_222139.663958	0.5	0.4283	-1.22464679915e-16	-0.0351	0.0	-0.0308	0	
20200423_222139.672417	0.5	0.4283	-1.22464679915e-16	-0.0352	0.0	-0.0307	0	
20200423_222139.680928	0.5	0.4284	-1.22464679915e-16	-0.0352	0.0	-0.0309	0	
20200423_222139.689041	0.5	0.4284	-1.22464679915e-16	-0.0352	0.0	-0.031	0	
20200423_222139.697118	0.5	0.4284	-1.22464679915e-16	-0.0352	0.0	-0.031	0	
20200423_222139.705937	0.5	0.4283	-1.22464679915e-16	-0.0352	0.0	-0.0311	0	
20200423_222139.714068	0.5	0.4284	-1.22464679915e-16	-0.0352	0.0	-0.0314	0	
20200423_222139.722407	0.5	0.4284	-1.22464679915e-16	-0.0353	0.0	-0.032	0	
20200423_222139.733116	0.5	0.4283	-1.22464679915e-16	-0.0352	0.0	-0.032	0	
20200423_222139.738652	0.5	0.4284	-1.22464679915e-16	-0.0352	0.0	-0.0324	0	
20200423_222139.747162	0.5	0.4283	-1.22464679915e-16	-0.0352	0.0	-0.032	0	
20200423_222139.755675	0.5	0.4283	-1.22464679915e-16	-0.0352	0.0	-0.0324	0	
20200423_222139.763825	0.5	0.4283	-1.22464679915e-16	-0.0352	0.0	-0.0324	0	
20200423_222139.772337	0.5	0.4283	-1.22464679915e-16	-0.0352	0.0	-0.0326	0	
20200423_222139.780405	0.5	0.4283	-1.22464679915e-16	-0.0351	0.0	-0.0312	0	
20200423_222139.789602	0.5	0.4283	-1.22464679915e-16	-0.0351	0.0	-0.031	0	
20200423_222139.797334	0.5	0.4283	-1.22464679915e-16	-0.0351	0.0	-0.0309	0	
20200423_222139.805699	0.5	0.4283	-1.22464679915e-16	-0.0351	0.0	-0.0307	0	
20200423_222139.814360	0.5	0.4283	-1.22464679915e-16	-0.0351	0.0	-0.0307	0	
20200423_222139.822836	0.5	0.4283	-1.22464679915e-16	-0.0351	0.0	-0.0306	0	
20200423_222139.831131	0.5	0.4283	-1.22464679915e-16	-0.0351	0.0	-0.0303	0	
20200423_222139.838844	0.5	0.4284	-1.22464679915e-16	-0.0352	0.0	-0.0315	0	
20200423_222139.847417	0.5	0.4284	-1.22464679915e-16	-0.0352	0.0	-0.0316	0	
20200423_222139.856020	0.5	0.4284	-1.22464679915e-16	-0.0352	0.0	-0.0311	0	
20200423_222139.864190	0.5	0.4283	-1.22464679915e-16	-0.0351	0.0	-0.0309	0	
20200423_222139.872336	0.5	0.4283	-1.22464679915e-16	-0.0351	0.0	-0.0308	0	
20200423_222139.881136	0.5	0.4283	-1.22464679915e-16	-0.0351	0.0	-0.0311	0	
20200423_222139.889233	0.5	0.4283	-1.22464679915e-16	-0.0351	0.0	-0.031	0	
20200423_222139.897613	0.5	0.4283	-1.22464679915e-16	-0.0351	0.0	-0.0311	0	
20200423_222139.905635	0.5	0.4283	-1.22464679915e-16	-0.0351	0.0	-0.0312	0	
20200423_222139.914748	0.5	0.4283	-1.22464679915e-16	-0.0352	0.0	-0.0314	0	
20200423_222139.922432	0.5	0.4284	-1.22464679915e-16	-0.0352	0.0	-0.0321	0	
20200423_222139.930783	0.5	0.4284	-1.22464679915e-16	-0.0352	0.0	-0.0321	0	
20200423_222139.939031	0.5	0.4283	-1.22464679915e-16	-0.0352	0.0	-0.0326	0	
20200423_222139.947280	0.5	0.4283	-1.22464679915e-16	-0.0352	0.0	-0.0319	0	
20200423_222139.955811	0.5	0.4283	-1.22464679915e-16	-0.0352	0.0	-0.0322	0	
20200423_222139.964158	0.5	0.4283	-1.22464679915e-16	-0.0352	0.0	-0.0323	0	
20200423_222139.972395	0.5	0.4284	-1.22464679915e-16	-0.0352	0.0	-0.0325	0	
20200423_222139.980600	0.5	0.4283	-1.22464679915e-16	-0.0352	0.0	-0.0311	0	
20200423_222139.989139	0.5	0.4283	-1.22464679915e-16	-0.0352	0.0	-0.031	0	
20200423_222139.997580	0.5	0.4283	-1.22464679915e-16	-0.0352	0.0	-0.0308	0	
20200423_222140.005728	0.5	0.4283	-1.22464679915e-16	-0.0352	0.0	-0.0308	0	
20200423_222140.013879	0.5	0.4283	-1.22464679915e-16	-0.0352	0.0	-0.0308	0	
20200423_222140.022504	0.5	0.4283	-1.22464679915e-16	-0.0352	0.0	-0.0307	0	
20200423_222140.030634	0.5	0.4283	-1.22464679915e-16	-0.0351	0.0	-0.0303	0	
20200423_222140.038616	0.5	0.4284	-1.22464679915e-16	-0.0352	0.0	-0.0314	0	
20200423_222140.047137	0.5	0.4284	-1.22464679915e-16	-0.0352	0.0	-0.0318	0	
20200423_222140.055779	0.5	0.4284	-1.22464679915e-16	-0.0352	0.0	-0.0313	0	
20200423_222140.063827	0.5	0.4283	-1.22464679915e-16	-0.0352	0.0	-0.0308	0	
20200423_222140.072525	0.5	0.4283	-1.22464679915e-16	-0.0352	0.0	-0.031	0	
20200423_222140.080880	0.5	0.4283	-1.22464679915e-16	-0.0352	0.0	-0.0309	0	
20200423_222140.089308	0.5	0.4283	-1.22464679915e-16	-0.0352	0.0	-0.0311	0	
20200423_222140.097508	0.5	0.4283	-1.22464679915e-16	-0.0352	0.0	-0.0312	0	
20200423_222140.105735	0.5	0.4283	-1.22464679915e-16	-0.0352	0.0	-0.0312	0	
20200423_222140.114228	0.5	0.4283	-1.22464679915e-16	-0.0352	0.0	-0.031	0	
20200423_222140.122618	0.5	0.4284	-1.22464679915e-16	-0.0352	0.0	-0.0321	0	
20200423_222140.130776	0.5	0.4284	-1.22464679915e-16	-0.0353	0.0	-0.0318	0	
20200423_222140.138729	0.5	0.4284	-1.22464679915e-16	-0.0353	0.0	-0.0324	0	
20200423_222140.147293	0.5	0.4284	-1.22464679915e-16	-0.0353	0.0	-0.0314	0	
20200423_222140.155700	0.5	0.4284	-1.22464679915e-16	-0.0353	0.0	-0.0319	0	
20200423_222140.164381	0.5	0.4284	-1.22464679915e-16	-0.0353	0.0	-0.0321	0	
20200423_222140.172207	0.5	0.4284	-1.22464679915e-16	-0.0353	0.0	-0.0324	0	
20200423_222140.180932	0.5	0.4283	-1.22464679915e-16	-0.0352	0.0	-0.031	0	
20200423_222140.189205	0.5	0.4283	-1.22464679915e-16	-0.0352	0.0	-0.0311	0	
20200423_222140.197608	0.5	0.4283	-1.22464679915e-16	-0.0352	0.0	-0.0308	0	
20200423_222140.206075	0.5	0.4283	-1.22464679915e-16	-0.0352	0.0	-0.0307	0	
20200423_222140.214001	0.5	0.4283	-1.22464679915e-16	-0.0352	0.0	-0.0308	0	
20200423_222140.222406	0.5	0.4284	-1.22464679915e-16	-0.0352	0.0	-0.0305	0	
20200423_222140.230995	0.5	0.4284	-1.22464679915e-16	-0.0352	0.0	-0.0303	0	
20200423_222140.239150	0.5	0.4284	-1.22464679915e-16	-0.0352	0.0	-0.0314	0	
20200423_222140.247769	0.5	0.4284	-1.22464679915e-16	-0.0352	0.0	-0.0317	0	
20200423_222140.256173	0.5	0.4284	-1.22464679915e-16	-0.0352	0.0	-0.0313	0	
20200423_222140.264184	0.5	0.4284	-1.22464679915e-16	-0.0352	0.0	-0.0308	0	
20200423_222140.272294	0.5	0.4284	-1.22464679915e-16	-0.0352	0.0	-0.0308	0	
20200423_222140.281142	0.5	0.4284	-1.22464679915e-16	-0.0352	0.0	-0.0308	0	
20200423_222140.289365	0.5	0.4284	-1.22464679915e-16	-0.0352	0.0	-0.031	0	
20200423_222140.298263	0.5	0.4283	-1.22464679915e-16	-0.0352	0.0	-0.0309	0	
20200423_222140.306160	0.5	0.4283	-1.22464679915e-16	-0.0352	0.0	-0.0311	0	
20200423_222140.314640	0.5	0.4283	-1.22464679915e-16	-0.0352	0.0	-0.0309	0	
20200423_222140.322453	0.5	0.4284	-1.22464679915e-16	-0.0352	0.0	-0.0318	0	
20200423_222140.330886	0.5	0.4284	-1.22464679915e-16	-0.0352	0.0	-0.0316	0	
20200423_222140.340058	0.5	0.4284	-1.22464679915e-16	-0.0353	0.0	-0.0322	0	
20200423_222140.348558	0.5	0.4284	-1.22464679915e-16	-0.0352	0.0	-0.0311	0	
20200423_222140.356186	0.5	0.4284	-1.22464679915e-16	-0.0352	0.0	-0.0318	0	
20200423_222140.364875	0.5	0.4284	-1.22464679915e-16	-0.0352	0.0	-0.0319	0	
20200423_222140.372975	0.5	0.4284	-1.22464679915e-16	-0.0353	0.0	-0.0323	0	
20200423_222140.381631	0.5	0.4283	-1.22464679915e-16	-0.0352	0.0	-0.0307	0	
20200423_222140.389628	0.5	0.4283	-1.22464679915e-16	-0.0351	0.0	-0.0307	0	
20200423_222140.398458	0.5	0.4283	-1.22464679915e-16	-0.0351	0.0	-0.0308	0	
20200423_222140.406278	0.5	0.4283	-1.22464679915e-16	-0.0351	0.0	-0.0307	0	
20200423_222140.413855	0.5	0.4283	-1.22464679915e-16	-0.0351	0.0	-0.0308	0	
