Time	X_Setpt	X_FB	Y_Setpt	Y_FB	Theta_Setpt	Theta_FB	Motion Status	
20200423_223806.457481	0.75	0.6157	-1.0	-0.1568	0.0	0.5298	1	
20200423_223806.559272	0.75	0.6157	-1.0	-0.1567	0.0	0.5285	1	
20200423_223806.658104	0.75	0.6174	-1.0	-0.155	0.0	0.5041	1	
20200423_223806.758047	0.75	0.6207	-1.0	-0.1506	0.0	0.4547	1	
20200423_223806.857817	0.75	0.6255	-1.0	-0.1442	0.0	0.3853	1	
20200423_223806.958490	0.75	0.6307	-1.0	-0.1388	0.0	0.316	1	
20200423_223807.058000	0.75	0.6357	-1.0	-0.1331	0.0	0.2349	1	
20200423_223807.157921	0.75	0.6409	-1.0	-0.1286	0.0	0.17	1	
20200423_223807.258433	0.75	0.6458	-1.0	-0.1228	0.0	0.1011	1	
20200423_223807.358645	0.75	0.6516	-1.0	-0.118	0.0	0.0201	1	
20200423_223807.458167	0.75	0.6576	-1.0	-0.1138	0.0	-0.0536	1	
20200423_223807.558868	0.75	0.6679	-1.0	-0.1123	0.0	-0.1343	1	
20200423_223807.659162	0.75	0.6734	-1.0	-0.1082	0.0	-0.197	1	
20200423_223807.757651	0.75	0.6795	-1.0	-0.1077	0.0	-0.2253	1	
20200423_223807.858318	0.75	0.6795	-1.0	-0.1077	0.0	-0.2253	1	
20200423_223807.957742	0.75	0.6997	-1.0	-0.1051	0.0	-0.4028	1	
20200423_223808.057839	0.75	0.7096	-1.0	-0.1052	0.0	-0.4799	1	
20200423_223808.158146	0.75	0.7189	-1.0	-0.1072	0.0	-0.5408	1	
20200423_223808.258414	0.75	0.7247	-1.0	-0.1079	0.0	-0.5874	1	
20200423_223808.357805	0.75	0.7346	-1.0	-0.1104	0.0	-0.658	1	
20200423_223808.457892	0.75	0.7346	-1.0	-0.1104	0.0	-0.658	1	
20200423_223808.558041	0.75	0.7346	-1.0	-0.1104	0.0	-0.658	1	
20200423_223808.658311	0.75	0.7346	-1.0	-0.1104	0.0	-0.658	1	
20200423_223808.758149	0.75	0.7346	-1.0	-0.1104	0.0	-0.658	1	
20200423_223808.859213	0.75	0.7859	-1.0	-0.1372	0.0	-1.0692	1	
20200423_223808.957723	0.75	0.7938	-1.0	-0.1443	0.0	-1.1424	1	
20200423_223809.057771	0.75	0.7999	-1.0	-0.1508	0.0	-1.2142	1	
20200423_223809.159493	0.75	0.8065	-1.0	-0.1579	0.0	-1.2788	1	
20200423_223809.258126	0.75	0.8065	-1.0	-0.1579	0.0	-1.2788	1	
20200423_223809.359360	0.75	0.8065	-1.0	-0.1579	0.0	-1.2788	1	
20200423_223809.457648	0.75	0.8065	-1.0	-0.1579	0.0	-1.2788	1	
20200423_223809.559776	0.75	0.8065	-1.0	-0.1579	0.0	-1.2788	1	
20200423_223809.659063	0.75	0.8065	-1.0	-0.1579	0.0	-1.2788	1	
20200423_223809.758475	0.75	0.8319	-1.0	-0.2136	0.0	-1.6821	1	
20200423_223809.858837	0.75	0.8319	-1.0	-0.2136	0.0	-1.6821	1	
20200423_223809.957915	0.75	0.8352	-1.0	-0.2426	0.0	-1.839	1	
20200423_223810.058782	0.75	0.8326	-1.0	-0.251	0.0	-1.836	1	
20200423_223810.157780	0.75	0.8277	-1.0	-0.2597	0.0	-1.7871	1	
20200423_223810.258485	0.75	0.8236	-1.0	-0.268	0.0	-1.7332	1	
20200423_223810.359078	0.75	0.8189	-1.0	-0.2771	0.0	-1.6658	1	
20200423_223810.458632	0.75	0.8179	-1.0	-0.2825	0.0	-1.6498	1	
20200423_223810.560235	0.75	0.8179	-1.0	-0.2825	0.0	-1.6498	1	
20200423_223810.657618	0.75	0.8151	-1.0	-0.3039	0.0	-1.6368	1	
20200423_223810.757665	0.75	0.815	-1.0	-0.3155	0.0	-1.6397	1	
20200423_223810.859955	0.75	0.8145	-1.0	-0.3238	0.0	-1.645	1	
20200423_223810.958776	0.75	0.8138	-1.0	-0.3329	0.0	-1.644	1	
20200423_223811.057681	0.75	0.8131	-1.0	-0.3449	0.0	-1.6442	1	
20200423_223811.157734	0.75	0.8131	-1.0	-0.3527	0.0	-1.6439	1	
20200423_223811.259415	0.75	0.8124	-1.0	-0.3636	0.0	-1.6462	1	
20200423_223811.358742	0.75	0.8124	-1.0	-0.3667	0.0	-1.6474	1	
20200423_223811.459176	0.75	0.8124	-1.0	-0.3667	0.0	-1.6474	1	
20200423_223811.558425	0.75	0.8124	-1.0	-0.3667	0.0	-1.6474	1	
20200423_223811.658688	0.75	0.8124	-1.0	-0.3667	0.0	-1.6474	1	
20200423_223811.757681	0.75	0.8124	-1.0	-0.3667	0.0	-1.6474	1	
20200423_223811.858984	0.75	0.8124	-1.0	-0.3667	0.0	-1.6474	1	
20200423_223811.959149	0.75	0.8124	-1.0	-0.3667	0.0	-1.6474	1	
20200423_223812.058657	0.75	0.8124	-1.0	-0.3667	0.0	-1.6474	1	
20200423_223812.158121	0.75	0.8124	-1.0	-0.3667	0.0	-1.6474	1	
20200423_223812.259809	0.75	0.8124	-1.0	-0.3667	0.0	-1.6474	1	
20200423_223812.359197	0.75	0.8124	-1.0	-0.3667	0.0	-1.6474	1	
20200423_223812.458650	0.75	0.8124	-1.0	-0.3667	0.0	-1.6474	1	
20200423_223812.557665	0.75	0.8124	-1.0	-0.3667	0.0	-1.6474	1	
20200423_223812.657874	0.75	0.8124	-1.0	-0.3667	0.0	-1.6474	1	
20200423_223812.758007	0.75	0.8124	-1.0	-0.3667	0.0	-1.6474	1	
20200423_223812.859176	0.75	0.8124	-1.0	-0.3667	0.0	-1.6474	1	
20200423_223812.959085	0.75	0.8124	-1.0	-0.3667	0.0	-1.6474	1	
20200423_223813.058021	0.75	0.8124	-1.0	-0.3667	0.0	-1.6474	1	
20200423_223813.158467	0.75	0.8124	-1.0	-0.3667	0.0	-1.6474	1	
20200423_223813.258347	0.75	0.8124	-1.0	-0.3667	0.0	-1.6474	1	
20200423_223813.358101	0.75	0.8124	-1.0	-0.3667	0.0	-1.6474	1	
20200423_223813.457738	0.75	0.8124	-1.0	-0.3667	0.0	-1.6474	1	
20200423_223813.557821	0.75	0.8124	-1.0	-0.3667	0.0	-1.6474	1	
20200423_223813.658203	0.75	0.8124	-1.0	-0.3667	0.0	-1.6474	1	
20200423_223813.760651	0.75	0.8124	-1.0	-0.3667	0.0	-1.6474	1	
20200423_223813.859196	0.75	0.8124	-1.0	-0.3667	0.0	-1.6474	1	
20200423_223813.957632	0.75	0.8124	-1.0	-0.3667	0.0	-1.6474	1	
20200423_223814.058294	0.75	0.8124	-1.0	-0.3667	0.0	-1.6474	1	
20200423_223814.158670	0.75	0.8124	-1.0	-0.3667	0.0	-1.6474	1	
20200423_223814.258627	0.75	0.8124	-1.0	-0.3667	0.0	-1.6474	1	
20200423_223814.357711	0.75	0.7921	-1.0	-0.6631	0.0	-1.6554	1	
20200423_223814.458416	0.75	0.7913	-1.0	-0.6734	0.0	-1.6508	1	
20200423_223814.560554	0.75	0.7906	-1.0	-0.6771	0.0	-1.6532	1	
20200423_223814.657779	0.75	0.7898	-1.0	-0.6935	0.0	-1.6584	1	
20200423_223814.759799	0.75	0.7898	-1.0	-0.6951	0.0	-1.6588	1	
20200423_223814.857733	0.75	0.7898	-1.0	-0.6951	0.0	-1.6588	1	
20200423_223814.958061	0.75	0.7898	-1.0	-0.6951	0.0	-1.6588	1	
20200423_223815.060023	0.75	0.7898	-1.0	-0.6951	0.0	-1.6588	1	
20200423_223815.158715	0.75	0.7898	-1.0	-0.6951	0.0	-1.6588	1	
20200423_223815.257907	0.75	0.7854	-1.0	-0.7528	0.0	-1.6563	1	
20200423_223815.358587	0.75	0.7846	-1.0	-0.7615	0.0	-1.6568	1	
20200423_223815.458787	0.75	0.7839	-1.0	-0.7719	0.0	-1.6676	1	
20200423_223815.558907	0.75	0.7835	-1.0	-0.7822	0.0	-1.6598	1	
20200423_223815.657898	0.75	0.7828	-1.0	-0.792	0.0	-1.6673	1	
20200423_223815.757824	0.75	0.7813	-1.0	-0.8021	0.0	-1.6578	1	
20200423_223815.858997	0.75	0.7812	-1.0	-0.8108	0.0	-1.6622	1	
20200423_223815.959375	0.75	0.7799	-1.0	-0.822	0.0	-1.6567	1	
20200423_223816.058635	0.75	0.7787	-1.0	-0.8312	0.0	-1.653	1	
20200423_223816.160865	0.75	0.7783	-1.0	-0.8417	0.0	-1.6575	1	
20200423_223816.259638	0.75	0.7776	-1.0	-0.8499	0.0	-1.6542	1	
20200423_223816.357898	0.75	0.7791	-1.0	-0.8613	0.0	-1.707	1	
20200423_223816.459245	0.75	0.7807	-1.0	-0.872	0.0	-1.7596	1	
20200423_223816.558518	0.75	0.7805	-1.0	-0.881	0.0	-1.7909	1	
20200423_223816.657592	0.75	0.7781	-1.0	-0.8912	0.0	-1.792	1	
20200423_223816.757951	0.75	0.7756	-1.0	-0.901	0.0	-1.79	1	
20200423_223816.858966	0.75	0.7739	-1.0	-0.9101	0.0	-1.7958	1	
20200423_223816.957795	0.75	0.7722	-1.0	-0.9193	0.0	-1.7931	1	
20200423_223817.059475	0.75	0.77	-1.0	-0.9287	0.0	-1.7979	1	
20200423_223817.159346	0.75	0.7677	-1.0	-0.9381	0.0	-1.7938	1	
20200423_223817.257802	0.75	0.7652	-1.0	-0.9481	0.0	-1.7916	1	
20200423_223817.359292	0.75	0.7635	-1.0	-0.9571	0.0	-1.798	1	
20200423_223817.457672	0.75	0.7609	-1.0	-0.9661	0.0	-1.7871	1	
20200423_223817.560609	0.75	0.7566	-1.0	-0.9679	0.0	-1.7169	1	
20200423_223817.658720	0.75	0.7527	-1.0	-0.9682	0.0	-1.6321	1	
20200423_223817.757989	0.75	0.7479	-1.0	-0.9668	0.0	-1.5325	1	
20200423_223817.858455	0.75	0.7438	-1.0	-0.9666	0.0	-1.4385	1	
20200423_223817.958794	0.75	0.7385	-1.0	-0.9669	0.0	-1.3405	1	
20200423_223818.058129	0.75	0.7337	-1.0	-0.967	0.0	-1.2504	1	
20200423_223818.158295	0.75	0.7299	-1.0	-0.9683	0.0	-1.1591	1	
20200423_223818.258487	0.75	0.7269	-1.0	-0.9706	0.0	-1.0836	1	
20200423_223818.359208	0.75	0.721	-1.0	-0.9703	0.0	-0.9826	1	
20200423_223818.459214	0.75	0.7179	-1.0	-0.9716	0.0	-0.9095	1	
20200423_223818.558209	0.75	0.7152	-1.0	-0.9738	0.0	-0.8318	1	
20200423_223818.657969	0.75	0.7109	-1.0	-0.975	0.0	-0.7585	1	
20200423_223818.759023	0.75	0.7078	-1.0	-0.9774	0.0	-0.6807	1	
20200423_223818.859241	0.75	0.705	-1.0	-0.9797	0.0	-0.606	1	
20200423_223818.957618	0.75	0.7026	-1.0	-0.9817	0.0	-0.5387	1	
20200423_223819.057518	0.75	0.701	-1.0	-0.9852	0.0	-0.4695	1	
20200423_223819.158074	0.75	0.7033	-1.0	-0.9895	0.0	-0.4025	1	
20200423_223819.257778	0.75	0.709	-1.0	-0.9955	0.0	-0.3258	1	
20200423_223819.358215	0.75	0.7116	-1.0	-0.9998	0.0	-0.2625	1	
20200423_223819.458555	0.75	0.7121	-1.0	-1.0022	0.0	-0.2023	1	
20200423_223819.558458	0.75	0.7113	-1.0	-1.005	0.0	-0.1474	1	
20200423_223819.658062	0.75	0.7097	-1.0	-1.0077	0.0	-0.0902	1	
20200423_223819.758532	0.75	0.7087	-1.0	-1.0101	0.0	-0.0364	1	
20200423_223819.857911	0.75	0.7084	-1.0	-1.0126	0.0	0.0141	0	
20200423_223819.860283	0.75	0.7083	-1.0	-1.0127	0.0	0.0163	0	
20200423_223819.860453	0.75	0.7082	-1.0	-1.0128	0.0	0.019	0	
20200423_223819.865740	0.75	0.7082	-1.0	-1.0129	0.0	0.0218	0	
20200423_223819.874018	0.75	0.7082	-1.0	-1.013	0.0	0.024	0	
20200423_223819.882835	0.75	0.7082	-1.0	-1.0131	0.0	0.026	0	
20200423_223819.891123	0.75	0.7082	-1.0	-1.0132	0.0	0.0278	0	
20200423_223819.899247	0.75	0.7082	-1.0	-1.0133	0.0	0.0291	0	
20200423_223819.907450	0.75	0.7081	-1.0	-1.0134	0.0	0.0307	0	
20200423_223819.916646	0.75	0.7082	-1.0	-1.0134	0.0	0.0317	0	
20200423_223819.924559	0.75	0.7082	-1.0	-1.0135	0.0	0.0328	0	
20200423_223819.932418	0.75	0.7082	-1.0	-1.0135	0.0	0.0333	0	
20200423_223819.940961	0.75	0.7082	-1.0	-1.0136	0.0	0.0345	0	
20200423_223819.949504	0.75	0.7081	-1.0	-1.0138	0.0	0.0371	0	
20200423_223819.958461	0.75	0.7081	-1.0	-1.0139	0.0	0.0382	0	
20200423_223819.966250	0.75	0.7082	-1.0	-1.0139	0.0	0.039	0	
20200423_223819.974249	0.75	0.7081	-1.0	-1.0139	0.0	0.039	0	
20200423_223819.982749	0.75	0.708	-1.0	-1.0139	0.0	0.0389	0	
20200423_223819.991062	0.75	0.7079	-1.0	-1.0139	0.0	0.0386	0	
20200423_223819.999302	0.75	0.7079	-1.0	-1.0138	0.0	0.0384	0	
20200423_223820.007774	0.75	0.7078	-1.0	-1.0138	0.0	0.0389	0	
20200423_223820.016245	0.75	0.7078	-1.0	-1.0139	0.0	0.0393	0	
20200423_223820.024357	0.75	0.7078	-1.0	-1.0139	0.0	0.0394	0	
20200423_223820.032924	0.75	0.7078	-1.0	-1.0139	0.0	0.0401	0	
20200423_223820.040864	0.75	0.7079	-1.0	-1.0139	0.0	0.0404	0	
20200423_223820.049413	0.75	0.7079	-1.0	-1.0138	0.0	0.0385	0	
20200423_223820.058023	0.75	0.7079	-1.0	-1.014	0.0	0.0403	0	
20200423_223820.065573	0.75	0.7079	-1.0	-1.0139	0.0	0.0401	0	
20200423_223820.074233	0.75	0.7079	-1.0	-1.0139	0.0	0.04	0	
20200423_223820.082572	0.75	0.7078	-1.0	-1.0139	0.0	0.04	0	
20200423_223820.090955	0.75	0.7078	-1.0	-1.0139	0.0	0.0399	0	
20200423_223820.099145	0.75	0.7078	-1.0	-1.0139	0.0	0.04	0	
20200423_223820.107652	0.75	0.7078	-1.0	-1.0139	0.0	0.0402	0	
20200423_223820.116131	0.75	0.7079	-1.0	-1.0138	0.0	0.0389	0	
20200423_223820.128138	0.75	0.7079	-1.0	-1.014	0.0	0.0412	0	
20200423_223820.132617	0.75	0.7079	-1.0	-1.014	0.0	0.0413	0	
20200423_223820.140995	0.75	0.7078	-1.0	-1.0138	0.0	0.0393	0	
20200423_223820.149104	0.75	0.7078	-1.0	-1.0139	0.0	0.0407	0	
20200423_223820.157581	0.75	0.7078	-1.0	-1.0137	0.0	0.0391	0	
20200423_223820.165718	0.75	0.7078	-1.0	-1.0137	0.0	0.0391	0	
20200423_223820.174280	0.75	0.7078	-1.0	-1.0138	0.0	0.0392	0	
20200423_223820.182846	0.75	0.7078	-1.0	-1.0138	0.0	0.0394	0	
20200423_223820.190893	0.75	0.7078	-1.0	-1.014	0.0	0.0413	0	
20200423_223820.199129	0.75	0.7078	-1.0	-1.014	0.0	0.0415	0	
20200423_223820.207309	0.75	0.7078	-1.0	-1.0139	0.0	0.0399	0	
20200423_223820.215968	0.75	0.7078	-1.0	-1.014	0.0	0.0414	0	
20200423_223820.224289	0.75	0.7078	-1.0	-1.0139	0.0	0.0394	0	
20200423_223820.232763	0.75	0.7077	-1.0	-1.0138	0.0	0.0393	0	
20200423_223820.241186	0.75	0.7077	-1.0	-1.0139	0.0	0.0407	0	
20200423_223820.249381	0.75	0.7077	-1.0	-1.0139	0.0	0.0404	0	
20200423_223820.259248	0.75	0.7077	-1.0	-1.0139	0.0	0.0406	0	
20200423_223820.265799	0.75	0.7078	-1.0	-1.0139	0.0	0.041	0	
20200423_223820.277699	0.75	0.7078	-1.0	-1.014	0.0	0.0415	0	
20200423_223820.282962	0.75	0.7078	-1.0	-1.0141	0.0	0.0418	0	
20200423_223820.290931	0.75	0.7078	-1.0	-1.0139	0.0	0.04	0	
20200423_223820.299384	0.75	0.7077	-1.0	-1.014	0.0	0.0419	0	
20200423_223820.307267	0.75	0.7077	-1.0	-1.0138	0.0	0.0398	0	
20200423_223820.316233	0.75	0.7077	-1.0	-1.0138	0.0	0.0394	0	
20200423_223820.325135	0.75	0.7077	-1.0	-1.0138	0.0	0.0393	0	
20200423_223820.332442	0.75	0.7077	-1.0	-1.0139	0.0	0.0406	0	
20200423_223820.340503	0.75	0.7077	-1.0	-1.0138	0.0	0.0392	0	
20200423_223820.349437	0.75	0.7077	-1.0	-1.014	0.0	0.0418	0	
20200423_223820.358325	0.75	0.7078	-1.0	-1.014	0.0	0.0418	0	
20200423_223820.365681	0.75	0.7078	-1.0	-1.014	0.0	0.0417	0	
20200423_223820.374378	0.75	0.7078	-1.0	-1.014	0.0	0.0415	0	
20200423_223820.382765	0.75	0.7077	-1.0	-1.0138	0.0	0.0398	0	
20200423_223820.391013	0.75	0.7077	-1.0	-1.0138	0.0	0.0393	0	
20200423_223820.399005	0.75	0.7077	-1.0	-1.0139	0.0	0.0407	0	
20200423_223820.407368	0.75	0.7077	-1.0	-1.0139	0.0	0.0409	0	
20200423_223820.416948	0.75	0.7077	-1.0	-1.0138	0.0	0.0396	0	
20200423_223820.426151	0.75	0.7077	-1.0	-1.0138	0.0	0.0396	0	
20200423_223820.432617	0.75	0.7077	-1.0	-1.014	0.0	0.0411	0	
20200423_223820.440629	0.75	0.7077	-1.0	-1.014	0.0	0.0414	0	
20200423_223820.449402	0.75	0.7077	-1.0	-1.0139	0.0	0.04	0	
20200423_223820.458454	0.75	0.7077	-1.0	-1.014	0.0	0.042	0	
20200423_223820.465863	0.75	0.7077	-1.0	-1.014	0.0	0.0415	0	
20200423_223820.473745	0.75	0.7077	-1.0	-1.014	0.0	0.0411	0	
20200423_223820.482959	0.75	0.7077	-1.0	-1.0139	0.0	0.041	0	
20200423_223820.491022	0.75	0.7077	-1.0	-1.0138	0.0	0.0393	0	
20200423_223820.499329	0.75	0.7077	-1.0	-1.0139	0.0	0.0412	0	
20200423_223820.508023	0.75	0.7077	-1.0	-1.014	0.0	0.0414	0	
20200423_223820.516030	0.75	0.7077	-1.0	-1.0139	0.0	0.0401	0	
20200423_223820.524184	0.75	0.7077	-1.0	-1.014	0.0	0.0419	0	
20200423_223820.532892	0.75	0.7077	-1.0	-1.0139	0.0	0.0401	0	
20200423_223820.541032	0.75	0.7077	-1.0	-1.014	0.0	0.0415	0	
20200423_223820.549318	0.75	0.7077	-1.0	-1.0139	0.0	0.0411	0	
20200423_223820.559809	0.75	0.7077	-1.0	-1.0139	0.0	0.0409	0	
20200423_223820.565601	0.75	0.7077	-1.0	-1.0139	0.0	0.0411	0	
20200423_223820.580127	0.75	0.7077	-1.0	-1.014	0.0	0.0414	0	
20200423_223820.584722	0.75	0.7077	-1.0	-1.014	0.0	0.0415	0	
20200423_223820.590375	0.75	0.7077	-1.0	-1.014	0.0	0.0418	0	
20200423_223820.598590	0.75	0.7077	-1.0	-1.0138	0.0	0.0399	0	
20200423_223820.607106	0.75	0.7077	-1.0	-1.014	0.0	0.0415	0	
20200423_223820.615422	0.75	0.7078	-1.0	-1.014	0.0	0.0415	0	
20200423_223820.623881	0.75	0.7077	-1.0	-1.0139	0.0	0.0399	0	
20200423_223820.632099	0.75	0.7077	-1.0	-1.014	0.0	0.0418	0	
20200423_223820.640549	0.75	0.7077	-1.0	-1.014	0.0	0.0414	0	
20200423_223820.649390	0.75	0.7077	-1.0	-1.0139	0.0	0.0411	0	
20200423_223820.658589	0.75	0.7077	-1.0	-1.0139	0.0	0.0411	0	
20200423_223820.665749	0.75	0.7077	-1.0	-1.0138	0.0	0.0401	0	
20200423_223820.673985	0.75	0.7077	-1.0	-1.0139	0.0	0.0402	0	
20200423_223820.683549	0.75	0.7077	-1.0	-1.014	0.0	0.0419	0	
20200423_223820.692434	0.75	0.7077	-1.0	-1.014	0.0	0.0418	0	
20200423_223820.699557	0.75	0.7077	-1.0	-1.0138	0.0	0.0398	0	
20200423_223820.707586	0.75	0.7077	-1.0	-1.0138	0.0	0.0396	0	
20200423_223820.716131	0.75	0.7077	-1.0	-1.0138	0.0	0.0397	0	
20200423_223820.724304	0.75	0.7077	-1.0	-1.0139	0.0	0.0408	0	
20200423_223820.732604	0.75	0.7077	-1.0	-1.0138	0.0	0.0397	0	
20200423_223820.741169	0.75	0.7077	-1.0	-1.014	0.0	0.0416	0	
20200423_223820.749153	0.75	0.7077	-1.0	-1.0138	0.0	0.0398	0	
20200423_223820.759673	0.75	0.7077	-1.0	-1.0138	0.0	0.04	0	
20200423_223820.766019	0.75	0.7077	-1.0	-1.014	0.0	0.0417	0	
20200423_223820.774375	0.75	0.7077	-1.0	-1.014	0.0	0.0415	0	
20200423_223820.782487	0.75	0.7077	-1.0	-1.014	0.0	0.0414	0	
20200423_223820.790856	0.75	0.7077	-1.0	-1.014	0.0	0.0416	0	
20200423_223820.799404	0.75	0.7077	-1.0	-1.014	0.0	0.0415	0	
20200423_223820.807331	0.75	0.7077	-1.0	-1.014	0.0	0.0412	0	
20200423_223820.816143	0.75	0.7077	-1.0	-1.0138	0.0	0.0397	0	
20200423_223820.824348	0.75	0.7077	-1.0	-1.0138	0.0	0.0395	0	
20200423_223820.832415	0.75	0.7077	-1.0	-1.014	0.0	0.0413	0	
20200423_223820.840917	0.75	0.7077	-1.0	-1.0139	0.0	0.04	0	
20200423_223820.849319	0.75	0.7077	-1.0	-1.0139	0.0	0.0396	0	
20200423_223820.857779	0.75	0.7077	-1.0	-1.0139	0.0	0.0401	0	
20200423_223820.865679	0.75	0.7077	-1.0	-1.014	0.0	0.0415	0	
20200423_223820.873986	0.75	0.7077	-1.0	-1.0139	0.0	0.0396	0	
20200423_223820.882571	0.75	0.7077	-1.0	-1.0139	0.0	0.0396	0	
20200423_223820.891170	0.75	0.7077	-1.0	-1.014	0.0	0.0411	0	
20200423_223820.899327	0.75	0.7077	-1.0	-1.0138	0.0	0.0396	0	
20200423_223820.907706	0.75	0.7076	-1.0	-1.014	0.0	0.0413	0	
20200423_223820.917627	0.75	0.7076	-1.0	-1.0139	0.0	0.04	0	
20200423_223820.924373	0.75	0.7077	-1.0	-1.0138	0.0	0.0398	0	
20200423_223820.932719	0.75	0.7078	-1.0	-1.0138	0.0	0.0396	0	
20200423_223820.941184	0.75	0.7077	-1.0	-1.014	0.0	0.0416	0	
20200423_223820.949090	0.75	0.7077	-1.0	-1.0139	0.0	0.0402	0	
20200423_223820.958091	0.75	0.7077	-1.0	-1.0139	0.0	0.0401	0	
20200423_223820.966098	0.75	0.7077	-1.0	-1.0139	0.0	0.0398	0	
20200423_223820.974260	0.75	0.7077	-1.0	-1.0139	0.0	0.0397	0	
20200423_223820.982565	0.75	0.7077	-1.0	-1.014	0.0	0.0409	0	
20200423_223820.990837	0.75	0.7077	-1.0	-1.014	0.0	0.0409	0	
20200423_223820.999029	0.75	0.7077	-1.0	-1.0139	0.0	0.0397	0	
20200423_223821.007405	0.75	0.7077	-1.0	-1.0138	0.0	0.04	0	
20200423_223821.016026	0.75	0.7077	-1.0	-1.0139	0.0	0.0399	0	
20200423_223821.023870	0.75	0.7077	-1.0	-1.0141	0.0	0.0418	0	
20200423_223821.032413	0.75	0.7077	-1.0	-1.0141	0.0	0.0419	0	
20200423_223821.040739	0.75	0.7077	-1.0	-1.014	0.0	0.0415	0	
20200423_223821.049338	0.75	0.7076	-1.0	-1.014	0.0	0.0408	0	
20200423_223821.057792	0.75	0.7076	-1.0	-1.0139	0.0	0.0406	0	
20200423_223821.065701	0.75	0.7077	-1.0	-1.0138	0.0	0.0397	0	
20200423_223821.073523	0.75	0.7076	-1.0	-1.0139	0.0	0.0396	0	
20200423_223821.082061	0.75	0.7076	-1.0	-1.0139	0.0	0.0395	0	
20200423_223821.090461	0.75	0.7076	-1.0	-1.014	0.0	0.0409	0	
20200423_223821.098738	0.75	0.7076	-1.0	-1.014	0.0	0.0411	0	
20200423_223821.107490	0.75	0.7076	-1.0	-1.014	0.0	0.0407	0	
20200423_223821.116039	0.75	0.7076	-1.0	-1.0139	0.0	0.0397	0	
20200423_223821.124434	0.75	0.7077	-1.0	-1.0142	0.0	0.043	0	
20200423_223821.132191	0.75	0.7075	-1.0	-1.014	0.0	0.0407	0	
20200423_223821.141021	0.75	0.7076	-1.0	-1.0138	0.0	0.0393	0	
20200423_223821.149501	0.75	0.7077	-1.0	-1.0139	0.0	0.0405	0	
20200423_223821.157903	0.75	0.7075	-1.0	-1.0139	0.0	0.0407	0	
20200423_223821.165930	0.75	0.7077	-1.0	-1.014	0.0	0.0414	0	
20200423_223821.174048	0.75	0.7077	-1.0	-1.014	0.0	0.0418	0	
20200423_223821.182579	0.75	0.7077	-1.0	-1.0141	0.0	0.0419	0	
20200423_223821.191003	0.75	0.7077	-1.0	-1.0141	0.0	0.0421	0	
20200423_223821.199190	0.75	0.7078	-1.0	-1.0142	0.0	0.0435	0	
20200423_223821.207572	0.75	0.7077	-1.0	-1.0142	0.0	0.0429	0	
20200423_223821.216462	0.75	0.7076	-1.0	-1.0139	0.0	0.0405	0	
20200423_223821.224452	0.75	0.7076	-1.0	-1.0138	0.0	0.0395	0	
20200423_223821.232975	0.75	0.7076	-1.0	-1.0139	0.0	0.0411	0	
20200423_223821.241173	0.75	0.7076	-1.0	-1.0139	0.0	0.041	0	
20200423_223821.249236	0.75	0.7075	-1.0	-1.0138	0.0	0.0387	0	
20200423_223821.258424	0.75	0.7076	-1.0	-1.014	0.0	0.0412	0	
20200423_223821.265827	0.75	0.7077	-1.0	-1.0139	0.0	0.0397	0	
20200423_223821.274030	0.75	0.7077	-1.0	-1.0139	0.0	0.04	0	
20200423_223821.282656	0.75	0.7076	-1.0	-1.0139	0.0	0.0394	0	
20200423_223821.290807	0.75	0.7076	-1.0	-1.0139	0.0	0.0394	0	
20200423_223821.299839	0.75	0.7075	-1.0	-1.0139	0.0	0.0404	0	
20200423_223821.307401	0.75	0.7076	-1.0	-1.0139	0.0	0.0393	0	
20200423_223821.315692	0.75	0.7076	-1.0	-1.0139	0.0	0.0394	0	
20200423_223821.324490	0.75	0.7077	-1.0	-1.0139	0.0	0.0399	0	
20200423_223821.332617	0.75	0.7077	-1.0	-1.0139	0.0	0.04	0	
20200423_223821.340832	0.75	0.7077	-1.0	-1.0139	0.0	0.0399	0	
20200423_223821.349150	0.75	0.7077	-1.0	-1.0139	0.0	0.04	0	
20200423_223821.358122	0.75	0.7077	-1.0	-1.0139	0.0	0.04	0	
20200423_223821.365889	0.75	0.7076	-1.0	-1.0139	0.0	0.0393	0	
20200423_223821.374238	0.75	0.7076	-1.0	-1.0139	0.0	0.0403	0	
20200423_223821.382878	0.75	0.7072	-1.0	-1.014	0.0	0.0447	0	
20200423_223821.391257	0.75	0.7072	-1.0	-1.014	0.0	0.0449	0	
20200423_223821.399059	0.75	0.7072	-1.0	-1.014	0.0	0.0449	0	
20200423_223821.407635	0.75	0.7072	-1.0	-1.014	0.0	0.0449	0	
20200423_223821.420136	0.75	0.7072	-1.0	-1.014	0.0	0.0449	0	
20200423_223821.424087	0.75	0.7077	-1.0	-1.0142	0.0	0.0421	0	
20200423_223821.432944	0.75	0.7072	-1.0	-1.0136	0.0	0.0374	0	
20200423_223821.440812	0.75	0.7073	-1.0	-1.014	0.0	0.0423	0	
20200423_223821.449682	0.75	0.7073	-1.0	-1.014	0.0	0.0423	0	
20200423_223821.458363	0.75	0.7072	-1.0	-1.0138	0.0	0.0409	0	
20200423_223821.465899	0.75	0.7073	-1.0	-1.0138	0.0	0.0415	0	
20200423_223821.473859	0.75	0.7073	-1.0	-1.0138	0.0	0.0415	0	
20200423_223821.482373	0.75	0.7074	-1.0	-1.0138	0.0	0.0382	0	
20200423_223821.491226	0.75	0.7074	-1.0	-1.0138	0.0	0.0382	0	
20200423_223821.499186	0.75	0.7074	-1.0	-1.0138	0.0	0.0382	0	
20200423_223821.507688	0.75	0.7072	-1.0	-1.0139	0.0	0.0412	0	
20200423_223821.516747	0.75	0.7073	-1.0	-1.014	0.0	0.0426	0	
20200423_223821.523979	0.75	0.7073	-1.0	-1.014	0.0	0.0426	0	
20200423_223821.532631	0.75	0.7073	-1.0	-1.014	0.0	0.0426	0	
20200423_223821.540792	0.75	0.7073	-1.0	-1.0138	0.0	0.0415	0	
20200423_223821.549364	0.75	0.7074	-1.0	-1.0137	0.0	0.0379	0	
20200423_223821.559528	0.75	0.7072	-1.0	-1.0138	0.0	0.041	0	
20200423_223821.565543	0.75	0.7075	-1.0	-1.0138	0.0	0.038	0	
20200423_223821.574161	0.75	0.7075	-1.0	-1.0138	0.0	0.0384	0	
20200423_223821.582175	0.75	0.7072	-1.0	-1.0139	0.0	0.0412	0	
20200423_223821.591272	0.75	0.7072	-1.0	-1.0139	0.0	0.0412	0	
20200423_223821.598676	0.75	0.7074	-1.0	-1.0137	0.0	0.0377	0	
20200423_223821.607150	0.75	0.7073	-1.0	-1.0137	0.0	0.0379	0	
20200423_223821.615428	0.75	0.7073	-1.0	-1.0137	0.0	0.0379	0	
20200423_223821.624637	0.75	0.7073	-1.0	-1.0137	0.0	0.0379	0	
20200423_223821.632017	0.75	0.7074	-1.0	-1.0137	0.0	0.0378	0	
20200423_223821.640321	0.75	0.7074	-1.0	-1.0138	0.0	0.0384	0	
20200423_223821.649154	0.75	0.7072	-1.0	-1.0139	0.0	0.0413	0	
20200423_223821.657858	0.75	0.7075	-1.0	-1.0138	0.0	0.0385	0	
20200423_223821.665818	0.75	0.7075	-1.0	-1.0138	0.0	0.0386	0	
20200423_223821.674281	0.75	0.7074	-1.0	-1.0137	0.0	0.0381	0	
20200423_223821.683110	0.75	0.7074	-1.0	-1.0137	0.0	0.0381	0	
20200423_223821.691229	0.75	0.7073	-1.0	-1.0137	0.0	0.038	0	
20200423_223821.699220	0.75	0.7073	-1.0	-1.0137	0.0	0.0378	0	
20200423_223821.707713	0.75	0.7073	-1.0	-1.0137	0.0	0.0379	0	
20200423_223821.716073	0.75	0.7072	-1.0	-1.0138	0.0	0.0411	0	
20200423_223821.724797	0.75	0.7075	-1.0	-1.0138	0.0	0.0386	0	
20200423_223821.732964	0.75	0.7075	-1.0	-1.0138	0.0	0.0386	0	
20200423_223821.740700	0.75	0.7074	-1.0	-1.0138	0.0	0.0381	0	
20200423_223821.751679	0.75	0.7074	-1.0	-1.0137	0.0	0.038	0	
20200423_223821.758935	0.75	0.7073	-1.0	-1.0137	0.0	0.0381	0	
20200423_223821.766427	0.75	0.7073	-1.0	-1.0137	0.0	0.0383	0	
20200423_223821.774451	0.75	0.7074	-1.0	-1.0137	0.0	0.0385	0	
20200423_223821.782620	0.75	0.7074	-1.0	-1.0137	0.0	0.0379	0	
20200423_223821.791341	0.75	0.7073	-1.0	-1.014	0.0	0.0426	0	
20200423_223821.799519	0.75	0.7073	-1.0	-1.014	0.0	0.0426	0	
20200423_223821.808286	0.75	0.7075	-1.0	-1.0138	0.0	0.0385	0	
20200423_223821.819250	0.75	0.7075	-1.0	-1.0138	0.0	0.0384	0	
20200423_223821.824230	0.75	0.7072	-1.0	-1.0139	0.0	0.0409	0	
20200423_223821.832442	0.75	0.7072	-1.0	-1.0138	0.0	0.0407	0	
20200423_223821.840757	0.75	0.7072	-1.0	-1.0138	0.0	0.0408	0	
20200423_223821.850414	0.75	0.7073	-1.0	-1.0137	0.0	0.0378	0	
20200423_223821.858780	0.75	0.7072	-1.0	-1.014	0.0	0.042	0	
20200423_223821.865982	0.75	0.7072	-1.0	-1.014	0.0	0.042	0	
20200423_223821.874146	0.75	0.7072	-1.0	-1.0138	0.0	0.041	0	
20200423_223821.883557	0.75	0.7073	-1.0	-1.0139	0.0	0.0418	0	
20200423_223821.891564	0.75	0.7075	-1.0	-1.0138	0.0	0.0385	0	
20200423_223821.898791	0.75	0.7073	-1.0	-1.014	0.0	0.0432	0	
20200423_223821.907776	0.75	0.7074	-1.0	-1.0137	0.0	0.0379	0	
20200423_223821.919268	0.75	0.7072	-1.0	-1.0138	0.0	0.0407	0	
20200423_223821.924130	0.75	0.7073	-1.0	-1.0137	0.0	0.0377	0	
20200423_223821.932505	0.75	0.7073	-1.0	-1.0137	0.0	0.0377	0	
20200423_223821.941094	0.75	0.7073	-1.0	-1.0137	0.0	0.0377	0	
20200423_223821.949210	0.75	0.7073	-1.0	-1.0137	0.0	0.0377	0	
20200423_223821.958128	0.75	0.7074	-1.0	-1.0138	0.0	0.0381	0	
20200423_223821.965839	0.75	0.7075	-1.0	-1.0138	0.0	0.0386	0	
20200423_223821.974712	0.75	0.7073	-1.0	-1.0141	0.0	0.043	0	
20200423_223821.982664	0.75	0.7074	-1.0	-1.0138	0.0	0.0378	0	
20200423_223821.991139	0.75	0.7072	-1.0	-1.0138	0.0	0.0408	0	
20200423_223821.999119	0.75	0.7071	-1.0	-1.0138	0.0	0.0408	0	
20200423_223822.007742	0.75	0.7073	-1.0	-1.0138	0.0	0.0416	0	
20200423_223822.016209	0.75	0.7073	-1.0	-1.0138	0.0	0.0377	0	
20200423_223822.024367	0.75	0.7072	-1.0	-1.0139	0.0	0.0411	0	
20200423_223822.033552	0.75	0.7072	-1.0	-1.0139	0.0	0.0414	0	
20200423_223822.041690	0.75	0.7072	-1.0	-1.0139	0.0	0.0411	0	
20200423_223822.049448	0.75	0.7072	-1.0	-1.0139	0.0	0.0411	0	
20200423_223822.059206	0.75	0.7072	-1.0	-1.0139	0.0	0.0411	0	
20200423_223822.065752	0.75	0.7074	-1.0	-1.0138	0.0	0.0378	0	
20200423_223822.073833	0.75	0.7072	-1.0	-1.0138	0.0	0.0406	0	
20200423_223822.082308	0.75	0.7071	-1.0	-1.0138	0.0	0.0406	0	
20200423_223822.091312	0.75	0.7072	-1.0	-1.0139	0.0	0.0409	0	
20200423_223822.099558	0.75	0.7074	-1.0	-1.0138	0.0	0.038	0	
20200423_223822.107620	0.75	0.7074	-1.0	-1.0138	0.0	0.0382	0	
20200423_223822.115849	0.75	0.7072	-1.0	-1.0139	0.0	0.0411	0	
20200423_223822.124383	0.75	0.7075	-1.0	-1.0138	0.0	0.0388	0	
20200423_223822.132550	0.75	0.7074	-1.0	-1.0138	0.0	0.0386	0	
20200423_223822.141618	0.75	0.7075	-1.0	-1.0138	0.0	0.039	0	
20200423_223822.149912	0.75	0.7074	-1.0	-1.0138	0.0	0.0381	0	
20200423_223822.157454	0.75	0.7073	-1.0	-1.0138	0.0	0.0379	0	
20200423_223822.165800	0.75	0.7073	-1.0	-1.0139	0.0	0.0416	0	
20200423_223822.175090	0.75	0.7074	-1.0	-1.0137	0.0	0.0381	0	
20200423_223822.182903	0.75	0.7072	-1.0	-1.0139	0.0	0.041	0	
20200423_223822.190752	0.75	0.7072	-1.0	-1.0139	0.0	0.0411	0	
20200423_223822.199161	0.75	0.7072	-1.0	-1.0139	0.0	0.0411	0	
20200423_223822.207648	0.75	0.7074	-1.0	-1.0138	0.0	0.0381	0	
20200423_223822.215973	0.75	0.7072	-1.0	-1.0139	0.0	0.0412	0	
20200423_223822.224434	0.75	0.7075	-1.0	-1.0138	0.0	0.0387	0	
20200423_223822.232831	0.75	0.7073	-1.0	-1.0138	0.0	0.0383	0	
20200423_223822.240987	0.75	0.7073	-1.0	-1.0137	0.0	0.038	0	
20200423_223822.249737	0.75	0.7072	-1.0	-1.0139	0.0	0.041	0	
20200423_223822.258943	0.75	0.7072	-1.0	-1.0139	0.0	0.0409	0	
20200423_223822.266010	0.75	0.7072	-1.0	-1.0139	0.0	0.041	0	
20200423_223822.274565	0.75	0.7074	-1.0	-1.0138	0.0	0.0381	0	
20200423_223822.285251	0.75	0.7072	-1.0	-1.0139	0.0	0.0411	0	
20200423_223822.291403	0.75	0.7073	-1.0	-1.0139	0.0	0.0416	0	
20200423_223822.299563	0.75	0.7072	-1.0	-1.0138	0.0	0.0411	0	
20200423_223822.307335	0.75	0.7072	-1.0	-1.0138	0.0	0.0411	0	
20200423_223822.316202	0.75	0.7073	-1.0	-1.0137	0.0	0.038	0	
20200423_223822.324895	0.75	0.7072	-1.0	-1.0138	0.0	0.0409	0	
20200423_223822.332937	0.75	0.7073	-1.0	-1.014	0.0	0.0423	0	
20200423_223822.340764	0.75	0.7071	-1.0	-1.0138	0.0	0.041	0	
20200423_223822.349443	0.75	0.7072	-1.0	-1.0139	0.0	0.0409	0	
20200423_223822.359035	0.75	0.7072	-1.0	-1.0139	0.0	0.0409	0	
20200423_223822.365673	0.75	0.7072	-1.0	-1.0139	0.0	0.0413	0	
20200423_223822.374040	0.75	0.7072	-1.0	-1.0138	0.0	0.041	0	
20200423_223822.382769	0.75	0.7072	-1.0	-1.0139	0.0	0.0411	0	
20200423_223822.390878	0.75	0.7073	-1.0	-1.0139	0.0	0.0415	0	
20200423_223822.399193	0.75	0.7072	-1.0	-1.0138	0.0	0.041	0	
20200423_223822.407730	0.75	0.7073	-1.0	-1.0137	0.0	0.038	0	
20200423_223822.416819	0.75	0.7072	-1.0	-1.0138	0.0	0.041	0	
20200423_223822.424110	0.75	0.7072	-1.0	-1.0138	0.0	0.0411	0	
20200423_223822.432818	0.75	0.7072	-1.0	-1.0139	0.0	0.0415	0	
20200423_223822.442550	0.75	0.7073	-1.0	-1.0139	0.0	0.0416	0	
20200423_223822.450095	0.75	0.7072	-1.0	-1.0139	0.0	0.0412	0	
20200423_223822.458321	0.75	0.7072	-1.0	-1.0139	0.0	0.0411	0	
20200423_223822.465982	0.75	0.7071	-1.0	-1.0138	0.0	0.0409	0	
20200423_223822.474565	0.75	0.7071	-1.0	-1.0138	0.0	0.0409	0	
20200423_223822.483898	0.75	0.7071	-1.0	-1.0138	0.0	0.041	0	
20200423_223822.490622	0.75	0.7071	-1.0	-1.0138	0.0	0.0411	0	
20200423_223822.499620	0.75	0.7071	-1.0	-1.0138	0.0	0.041	0	
20200423_223822.507704	0.75	0.7072	-1.0	-1.0138	0.0	0.041	0	
20200423_223822.516125	0.75	0.7072	-1.0	-1.0139	0.0	0.041	0	
20200423_223822.524745	0.75	0.7072	-1.0	-1.0139	0.0	0.0412	0	
20200423_223822.532577	0.75	0.7074	-1.0	-1.0138	0.0	0.038	0	
20200423_223822.541324	0.75	0.7072	-1.0	-1.0138	0.0	0.0415	0	
20200423_223822.549579	0.75	0.7071	-1.0	-1.0138	0.0	0.0411	0	
20200423_223822.557633	0.75	0.7073	-1.0	-1.0137	0.0	0.038	0	
20200423_223822.566015	0.75	0.7071	-1.0	-1.0138	0.0	0.0409	0	
20200423_223822.573958	0.75	0.7073	-1.0	-1.0137	0.0	0.0384	0	
20200423_223822.582246	0.75	0.7072	-1.0	-1.0138	0.0	0.0412	0	
20200423_223822.590395	0.75	0.7074	-1.0	-1.0138	0.0	0.0383	0	
20200423_223822.598529	0.75	0.7072	-1.0	-1.0139	0.0	0.0412	0	
20200423_223822.607122	0.75	0.7072	-1.0	-1.0139	0.0	0.0413	0	
20200423_223822.615478	0.75	0.7073	-1.0	-1.0139	0.0	0.0418	0	
20200423_223822.624322	0.75	0.7072	-1.0	-1.0139	0.0	0.0411	0	
20200423_223822.632078	0.75	0.7072	-1.0	-1.0139	0.0	0.0409	0	
20200423_223822.640304	0.75	0.7072	-1.0	-1.0139	0.0	0.041	0	
20200423_223822.649429	0.75	0.7071	-1.0	-1.0139	0.0	0.0409	0	
20200423_223822.657803	0.75	0.7072	-1.0	-1.0139	0.0	0.0409	0	
20200423_223822.665871	0.75	0.7072	-1.0	-1.0139	0.0	0.0411	0	
20200423_223822.673981	0.75	0.7072	-1.0	-1.0139	0.0	0.0409	0	
20200423_223822.682682	0.75	0.7072	-1.0	-1.0139	0.0	0.0412	0	
20200423_223822.691104	0.75	0.7072	-1.0	-1.0139	0.0	0.0408	0	
20200423_223822.699213	0.75	0.7072	-1.0	-1.0139	0.0	0.041	0	
20200423_223822.707419	0.75	0.7072	-1.0	-1.0139	0.0	0.0408	0	
20200423_223822.716369	0.75	0.7072	-1.0	-1.0139	0.0	0.0407	0	
20200423_223822.724639	0.75	0.7072	-1.0	-1.0139	0.0	0.0409	0	
20200423_223822.732790	0.75	0.7072	-1.0	-1.0139	0.0	0.0409	0	
20200423_223822.741037	0.75	0.7072	-1.0	-1.0139	0.0	0.041	0	
20200423_223822.749215	0.75	0.7072	-1.0	-1.0139	0.0	0.0411	0	
20200423_223822.759120	0.75	0.7072	-1.0	-1.0139	0.0	0.041	0	
20200423_223822.765867	0.75	0.7072	-1.0	-1.0139	0.0	0.0409	0	
20200423_223822.774146	0.75	0.7072	-1.0	-1.0139	0.0	0.041	0	
20200423_223822.783335	0.75	0.7072	-1.0	-1.0139	0.0	0.041	0	
20200423_223822.790537	0.75	0.7072	-1.0	-1.0139	0.0	0.041	0	
20200423_223822.799571	0.75	0.7072	-1.0	-1.0139	0.0	0.0413	0	
20200423_223822.807646	0.75	0.7071	-1.0	-1.0139	0.0	0.0409	0	
20200423_223822.816892	0.75	0.7071	-1.0	-1.0139	0.0	0.0406	0	
20200423_223822.824372	0.75	0.7072	-1.0	-1.0139	0.0	0.041	0	
20200423_223822.833322	0.75	0.7072	-1.0	-1.0139	0.0	0.0411	0	
20200423_223822.840970	0.75	0.7072	-1.0	-1.0139	0.0	0.0412	0	
20200423_223822.849578	0.75	0.7072	-1.0	-1.0139	0.0	0.0411	0	
20200423_223822.858214	0.75	0.7072	-1.0	-1.0139	0.0	0.0411	0	
20200423_223822.865648	0.75	0.7072	-1.0	-1.0139	0.0	0.0415	0	
20200423_223822.873905	0.75	0.7072	-1.0	-1.0139	0.0	0.0411	0	
20200423_223822.883030	0.75	0.7071	-1.0	-1.0139	0.0	0.0411	0	
20200423_223822.890809	0.75	0.7071	-1.0	-1.0139	0.0	0.0409	0	
20200423_223822.899267	0.75	0.7071	-1.0	-1.0139	0.0	0.0409	0	
20200423_223822.907800	0.75	0.7073	-1.0	-1.0138	0.0	0.0381	0	
20200423_223822.916245	0.75	0.7072	-1.0	-1.0139	0.0	0.0407	0	
20200423_223822.924210	0.75	0.7073	-1.0	-1.0139	0.0	0.0415	0	
20200423_223822.932988	0.75	0.7072	-1.0	-1.0139	0.0	0.0412	0	
20200423_223822.941294	0.75	0.7072	-1.0	-1.0139	0.0	0.0408	0	
20200423_223822.951878	0.75	0.7073	-1.0	-1.0138	0.0	0.038	0	
20200423_223822.957500	0.75	0.7071	-1.0	-1.0138	0.0	0.0407	0	
20200423_223822.965758	0.75	0.7071	-1.0	-1.0139	0.0	0.0407	0	
20200423_223822.973995	0.75	0.7071	-1.0	-1.0139	0.0	0.0411	0	
20200423_223822.983147	0.75	0.7071	-1.0	-1.0139	0.0	0.0412	0	
20200423_223822.991395	0.75	0.7072	-1.0	-1.0139	0.0	0.0413	0	
20200423_223822.999588	0.75	0.7073	-1.0	-1.0139	0.0	0.0418	0	
20200423_223823.007340	0.75	0.7073	-1.0	-1.0139	0.0	0.0415	0	
20200423_223823.016501	0.75	0.7072	-1.0	-1.0139	0.0	0.041	0	
20200423_223823.024340	0.75	0.7072	-1.0	-1.0139	0.0	0.0411	0	
20200423_223823.033040	0.75	0.7071	-1.0	-1.0139	0.0	0.0409	0	
20200423_223823.041221	0.75	0.7072	-1.0	-1.0139	0.0	0.041	0	
20200423_223823.049451	0.75	0.7072	-1.0	-1.0139	0.0	0.0409	0	
20200423_223823.057791	0.75	0.7072	-1.0	-1.0139	0.0	0.0411	0	
20200423_223823.065877	0.75	0.7072	-1.0	-1.0139	0.0	0.0408	0	
20200423_223823.074439	0.75	0.7072	-1.0	-1.0139	0.0	0.0409	0	
20200423_223823.082792	0.75	0.7072	-1.0	-1.0139	0.0	0.0411	0	
20200423_223823.091097	0.75	0.7072	-1.0	-1.0139	0.0	0.0411	0	
20200423_223823.099554	0.75	0.7072	-1.0	-1.0139	0.0	0.0408	0	
20200423_223823.107647	0.75	0.7072	-1.0	-1.0139	0.0	0.0413	0	
20200423_223823.116425	0.75	0.7072	-1.0	-1.0139	0.0	0.041	0	
20200423_223823.128157	0.75	0.7072	-1.0	-1.0139	0.0	0.041	0	
20200423_223823.133465	0.75	0.7072	-1.0	-1.0139	0.0	0.0409	0	
20200423_223823.140709	0.75	0.7072	-1.0	-1.0139	0.0	0.0409	0	
20200423_223823.149719	0.75	0.7072	-1.0	-1.0139	0.0	0.0411	0	
20200423_223823.158114	0.75	0.7072	-1.0	-1.0139	0.0	0.0413	0	
20200423_223823.165907	0.75	0.7072	-1.0	-1.0139	0.0	0.0411	0	
20200423_223823.174537	0.75	0.7072	-1.0	-1.0139	0.0	0.041	0	
20200423_223823.184058	0.75	0.7072	-1.0	-1.0139	0.0	0.041	0	
20200423_223823.191090	0.75	0.7072	-1.0	-1.0139	0.0	0.0413	0	
20200423_223823.199711	0.75	0.7071	-1.0	-1.0139	0.0	0.0409	0	
20200423_223823.207871	0.75	0.7071	-1.0	-1.0139	0.0	0.0409	0	
20200423_223823.216146	0.75	0.7072	-1.0	-1.0139	0.0	0.0411	0	
20200423_223823.224331	0.75	0.7072	-1.0	-1.0139	0.0	0.0409	0	
20200423_223823.232596	0.75	0.7073	-1.0	-1.0139	0.0	0.0415	0	
20200423_223823.240267	0.75	0.7072	-1.0	-1.0139	0.0	0.0411	0	
20200423_223823.252422	0.75	0.7072	-1.0	-1.0139	0.0	0.041	0	
20200423_223823.257385	0.75	0.7072	-1.0	-1.0139	0.0	0.0412	0	
20200423_223823.265995	0.75	0.7072	-1.0	-1.0139	0.0	0.0407	0	
20200423_223823.274000	0.75	0.7072	-1.0	-1.0139	0.0	0.0412	0	
20200423_223823.282884	0.75	0.7072	-1.0	-1.0139	0.0	0.0409	0	
20200423_223823.291414	0.75	0.7071	-1.0	-1.0139	0.0	0.0407	0	
20200423_223823.298721	0.75	0.7071	-1.0	-1.0139	0.0	0.041	0	
20200423_223823.306941	0.75	0.7071	-1.0	-1.0139	0.0	0.041	0	
20200423_223823.315634	0.75	0.7071	-1.0	-1.0139	0.0	0.0413	0	
20200423_223823.323680	0.75	0.7071	-1.0	-1.0139	0.0	0.0412	0	
20200423_223823.332101	0.75	0.7071	-1.0	-1.0139	0.0	0.0411	0	
20200423_223823.340665	0.75	0.7071	-1.0	-1.0139	0.0	0.0413	0	
20200423_223823.349388	0.75	0.7071	-1.0	-1.0139	0.0	0.0407	0	
20200423_223823.358030	0.75	0.7073	-1.0	-1.0138	0.0	0.0379	0	
20200423_223823.365935	0.75	0.7071	-1.0	-1.0139	0.0	0.0411	0	
20200423_223823.374296	0.75	0.7071	-1.0	-1.0139	0.0	0.0412	0	
20200423_223823.382991	0.75	0.7074	-1.0	-1.0138	0.0	0.0379	0	
20200423_223823.390472	0.75	0.7074	-1.0	-1.0138	0.0	0.038	0	
20200423_223823.398904	0.75	0.7074	-1.0	-1.0138	0.0	0.0383	0	
20200423_223823.407593	0.75	0.7073	-1.0	-1.0138	0.0	0.0381	0	
20200423_223823.416093	0.75	0.7071	-1.0	-1.0139	0.0	0.0409	0	
20200423_223823.424620	0.75	0.7071	-1.0	-1.0139	0.0	0.0409	0	
20200423_223823.433093	0.75	0.7073	-1.0	-1.0138	0.0	0.0376	0	
20200423_223823.441135	0.75	0.7072	-1.0	-1.014	0.0	0.0424	0	
20200423_223823.449506	0.75	0.7071	-1.0	-1.0139	0.0	0.0408	0	
20200423_223823.459137	0.75	0.7071	-1.0	-1.0138	0.0	0.041	0	
20200423_223823.465995	0.75	0.7071	-1.0	-1.0138	0.0	0.0413	0	
20200423_223823.474443	0.75	0.7071	-1.0	-1.0138	0.0	0.0412	0	
20200423_223823.482838	0.75	0.7072	-1.0	-1.014	0.0	0.0429	0	
20200423_223823.490906	0.75	0.7071	-1.0	-1.0138	0.0	0.0414	0	
20200423_223823.499633	0.75	0.7072	-1.0	-1.014	0.0	0.0429	0	
20200423_223823.507660	0.75	0.7071	-1.0	-1.0138	0.0	0.0411	0	
20200423_223823.516441	0.75	0.7071	-1.0	-1.0138	0.0	0.0412	0	
20200423_223823.524721	0.75	0.7072	-1.0	-1.014	0.0	0.0427	0	
20200423_223823.532361	0.75	0.7072	-1.0	-1.014	0.0	0.0428	0	
20200423_223823.541197	0.75	0.7072	-1.0	-1.014	0.0	0.0426	0	
20200423_223823.549294	0.75	0.7073	-1.0	-1.014	0.0	0.0427	0	
20200423_223823.558220	0.75	0.7072	-1.0	-1.014	0.0	0.043	0	
20200423_223823.565779	0.75	0.7072	-1.0	-1.014	0.0	0.0429	0	
20200423_223823.573736	0.75	0.7071	-1.0	-1.0138	0.0	0.0412	0	
20200423_223823.582365	0.75	0.7072	-1.0	-1.014	0.0	0.043	0	
20200423_223823.590422	0.75	0.7072	-1.0	-1.014	0.0	0.0431	0	
20200423_223823.598764	0.75	0.7072	-1.0	-1.014	0.0	0.0425	0	
20200423_223823.607129	0.75	0.7072	-1.0	-1.014	0.0	0.0423	0	
20200423_223823.615577	0.75	0.7072	-1.0	-1.014	0.0	0.0425	0	
20200423_223823.624596	0.75	0.7072	-1.0	-1.014	0.0	0.043	0	
20200423_223823.632155	0.75	0.7072	-1.0	-1.014	0.0	0.0427	0	
20200423_223823.640378	0.75	0.7071	-1.0	-1.0138	0.0	0.0411	0	
20200423_223823.648917	0.75	0.7073	-1.0	-1.0141	0.0	0.0431	0	
20200423_223823.657693	0.75	0.7072	-1.0	-1.0141	0.0	0.0429	0	
20200423_223823.665867	0.75	0.7072	-1.0	-1.0141	0.0	0.0429	0	
20200423_223823.674158	0.75	0.7072	-1.0	-1.014	0.0	0.0432	0	
20200423_223823.683125	0.75	0.7072	-1.0	-1.014	0.0	0.0425	0	
20200423_223823.691217	0.75	0.7071	-1.0	-1.0138	0.0	0.041	0	
20200423_223823.699224	0.75	0.7072	-1.0	-1.0139	0.0	0.0416	0	
20200423_223823.707403	0.75	0.7071	-1.0	-1.0138	0.0	0.041	0	
20200423_223823.718819	0.75	0.7072	-1.0	-1.0141	0.0	0.0429	0	
20200423_223823.724087	0.75	0.7071	-1.0	-1.0139	0.0	0.0412	0	
20200423_223823.732696	0.75	0.7071	-1.0	-1.0139	0.0	0.0411	0	
20200423_223823.740814	0.75	0.7071	-1.0	-1.0139	0.0	0.041	0	
20200423_223823.749816	0.75	0.7072	-1.0	-1.0141	0.0	0.0427	0	
20200423_223823.757509	0.75	0.7073	-1.0	-1.014	0.0	0.0431	0	
20200423_223823.766199	0.75	0.7071	-1.0	-1.0139	0.0	0.041	0	
20200423_223823.774618	0.75	0.7073	-1.0	-1.014	0.0	0.043	0	
20200423_223823.782730	0.75	0.7071	-1.0	-1.0139	0.0	0.041	0	
20200423_223823.791166	0.75	0.7071	-1.0	-1.0139	0.0	0.041	0	
20200423_223823.799236	0.75	0.7071	-1.0	-1.0139	0.0	0.0411	0	
20200423_223823.807683	0.75	0.7071	-1.0	-1.0139	0.0	0.041	0	
20200423_223823.816245	0.75	0.7072	-1.0	-1.0139	0.0	0.0408	0	
20200423_223823.825254	0.75	0.7072	-1.0	-1.0139	0.0	0.0409	0	
20200423_223823.832722	0.75	0.7071	-1.0	-1.0139	0.0	0.0411	0	
20200423_223823.841034	0.75	0.7071	-1.0	-1.0138	0.0	0.0409	0	
20200423_223823.849268	0.75	0.7071	-1.0	-1.0138	0.0	0.041	0	
20200423_223823.858003	0.75	0.7072	-1.0	-1.0139	0.0	0.0409	0	
20200423_223823.865444	0.75	0.7071	-1.0	-1.0138	0.0	0.041	0	
20200423_223823.873790	0.75	0.7072	-1.0	-1.0138	0.0	0.0415	0	
20200423_223823.882643	0.75	0.7071	-1.0	-1.0139	0.0	0.041	0	
20200423_223823.890791	0.75	0.7071	-1.0	-1.0139	0.0	0.041	0	
20200423_223823.898964	0.75	0.7071	-1.0	-1.0139	0.0	0.0409	0	
20200423_223823.907584	0.75	0.7071	-1.0	-1.0138	0.0	0.041	0	
20200423_223823.918387	0.75	0.7072	-1.0	-1.0139	0.0	0.0415	0	
20200423_223823.924291	0.75	0.7071	-1.0	-1.0139	0.0	0.0409	0	
20200423_223823.932759	0.75	0.7071	-1.0	-1.0138	0.0	0.0409	0	
20200423_223823.940576	0.75	0.7071	-1.0	-1.0138	0.0	0.0412	0	
20200423_223823.949537	0.75	0.7071	-1.0	-1.0138	0.0	0.0411	0	
20200423_223823.957479	0.75	0.7071	-1.0	-1.0138	0.0	0.0411	0	
20200423_223823.966023	0.75	0.7074	-1.0	-1.0137	0.0	0.0379	0	
20200423_223823.974428	0.75	0.7071	-1.0	-1.0138	0.0	0.0411	0	
20200423_223823.984966	0.75	0.7071	-1.0	-1.0138	0.0	0.0407	0	
20200423_223823.990239	0.75	0.7071	-1.0	-1.0138	0.0	0.0408	0	
20200423_223823.998931	0.75	0.7071	-1.0	-1.0138	0.0	0.0407	0	
20200423_223824.007600	0.75	0.7071	-1.0	-1.0138	0.0	0.0407	0	
20200423_223824.015847	0.75	0.7072	-1.0	-1.014	0.0	0.0425	0	
20200423_223824.023944	0.75	0.7071	-1.0	-1.0138	0.0	0.0409	0	
20200423_223824.032591	0.75	0.7071	-1.0	-1.0138	0.0	0.041	0	
20200423_223824.041133	0.75	0.7072	-1.0	-1.014	0.0	0.0428	0	
20200423_223824.051039	0.75	0.7073	-1.0	-1.0137	0.0	0.0379	0	
20200423_223824.057463	0.75	0.7071	-1.0	-1.0138	0.0	0.041	0	
20200423_223824.066388	0.75	0.7072	-1.0	-1.0138	0.0	0.0417	0	
20200423_223824.074103	0.75	0.7073	-1.0	-1.0138	0.0	0.0415	0	
20200423_223824.082751	0.75	0.7072	-1.0	-1.0138	0.0	0.0417	0	
20200423_223824.091468	0.75	0.7071	-1.0	-1.0138	0.0	0.041	0	
20200423_223824.099583	0.75	0.7072	-1.0	-1.014	0.0	0.0428	0	
20200423_223824.107994	0.75	0.7072	-1.0	-1.014	0.0	0.0425	0	
20200423_223824.116465	0.75	0.7071	-1.0	-1.0138	0.0	0.0413	0	
20200423_223824.124775	0.75	0.7072	-1.0	-1.014	0.0	0.0432	0	
20200423_223824.132779	0.75	0.7071	-1.0	-1.0138	0.0	0.0411	0	
20200423_223824.141101	0.75	0.7072	-1.0	-1.0138	0.0	0.0409	0	
20200423_223824.149754	0.75	0.7072	-1.0	-1.014	0.0	0.0425	0	
20200423_223824.158025	0.75	0.7071	-1.0	-1.0138	0.0	0.0408	0	
20200423_223824.166085	0.75	0.7072	-1.0	-1.0139	0.0	0.0409	0	
20200423_223824.174844	0.75	0.7074	-1.0	-1.0137	0.0	0.0386	0	
20200423_223824.184630	0.75	0.7072	-1.0	-1.0139	0.0	0.0417	0	
20200423_223824.191361	0.75	0.7072	-1.0	-1.0139	0.0	0.041	0	
20200423_223824.199711	0.75	0.7072	-1.0	-1.0139	0.0	0.0412	0	
20200423_223824.208038	0.75	0.7071	-1.0	-1.0139	0.0	0.0413	0	
20200423_223824.216955	0.75	0.7072	-1.0	-1.0139	0.0	0.0409	0	
20200423_223824.224253	0.75	0.7072	-1.0	-1.0139	0.0	0.0406	0	
20200423_223824.232670	0.75	0.7071	-1.0	-1.0139	0.0	0.0411	0	
20200423_223824.240930	0.75	0.7071	-1.0	-1.0139	0.0	0.041	0	
20200423_223824.249807	0.75	0.7071	-1.0	-1.0139	0.0	0.0409	0	
20200423_223824.257927	0.75	0.7071	-1.0	-1.0138	0.0	0.0412	0	
20200423_223824.265985	0.75	0.7071	-1.0	-1.0139	0.0	0.0413	0	
20200423_223824.273990	0.75	0.7071	-1.0	-1.0139	0.0	0.0409	0	
20200423_223824.283527	0.75	0.7071	-1.0	-1.0139	0.0	0.0409	0	
20200423_223824.291266	0.75	0.7071	-1.0	-1.0139	0.0	0.0409	0	
20200423_223824.299463	0.75	0.7071	-1.0	-1.0139	0.0	0.0409	0	
20200423_223824.308525	0.75	0.7071	-1.0	-1.0139	0.0	0.041	0	
20200423_223824.317770	0.75	0.7071	-1.0	-1.0139	0.0	0.0409	0	
20200423_223824.324220	0.75	0.7071	-1.0	-1.0138	0.0	0.041	0	
20200423_223824.332622	0.75	0.7072	-1.0	-1.0139	0.0	0.0415	0	
20200423_223824.340815	0.75	0.7072	-1.0	-1.014	0.0	0.0423	0	
20200423_223824.349440	0.75	0.7071	-1.0	-1.0138	0.0	0.0411	0	
20200423_223824.358284	0.75	0.7072	-1.0	-1.014	0.0	0.0424	0	
20200423_223824.366293	0.75	0.7072	-1.0	-1.014	0.0	0.0428	0	
20200423_223824.374381	0.75	0.7073	-1.0	-1.014	0.0	0.0427	0	
20200423_223824.384241	0.75	0.7073	-1.0	-1.014	0.0	0.0427	0	
20200423_223824.391067	0.75	0.7072	-1.0	-1.014	0.0	0.043	0	
20200423_223824.399636	0.75	0.7072	-1.0	-1.014	0.0	0.043	0	
20200423_223824.407768	0.75	0.7072	-1.0	-1.014	0.0	0.043	0	
20200423_223824.418588	0.75	0.7073	-1.0	-1.0137	0.0	0.0375	0	
20200423_223824.424119	0.75	0.7073	-1.0	-1.0137	0.0	0.0381	0	
20200423_223824.433240	0.75	0.7073	-1.0	-1.0137	0.0	0.0381	0	
20200423_223824.441135	0.75	0.7073	-1.0	-1.0137	0.0	0.0381	0	
20200423_223824.451904	0.75	0.7071	-1.0	-1.0138	0.0	0.0409	0	
20200423_223824.457898	0.75	0.7074	-1.0	-1.0138	0.0	0.0381	0	
20200423_223824.466172	0.75	0.7072	-1.0	-1.0138	0.0	0.0408	0	
20200423_223824.474650	0.75	0.7074	-1.0	-1.0138	0.0	0.0383	0	
20200423_223824.482777	0.75	0.7073	-1.0	-1.0138	0.0	0.0383	0	
20200423_223824.491109	0.75	0.7071	-1.0	-1.0139	0.0	0.0409	0	
20200423_223824.499332	0.75	0.7071	-1.0	-1.0139	0.0	0.0408	0	
20200423_223824.507596	0.75	0.7071	-1.0	-1.0139	0.0	0.041	0	
20200423_223824.516623	0.75	0.7071	-1.0	-1.0138	0.0	0.0407	0	
20200423_223824.525110	0.75	0.7071	-1.0	-1.0138	0.0	0.0409	0	
20200423_223824.532685	0.75	0.7072	-1.0	-1.0138	0.0	0.0409	0	
20200423_223824.541038	0.75	0.7072	-1.0	-1.0138	0.0	0.0409	0	
20200423_223824.549503	0.75	0.7072	-1.0	-1.0138	0.0	0.0404	0	
20200423_223824.557772	0.75	0.7072	-1.0	-1.0138	0.0	0.0404	0	
20200423_223824.572865	0.75	0.7072	-1.0	-1.0139	0.0	0.0409	0	
20200423_223824.573727	0.75	0.7072	-1.0	-1.0138	0.0	0.0408	0	
20200423_223824.583225	0.75	0.7072	-1.0	-1.0139	0.0	0.0411	0	
20200423_223824.590506	0.75	0.7071	-1.0	-1.0138	0.0	0.0407	0	
20200423_223824.598686	0.75	0.7072	-1.0	-1.014	0.0	0.0423	0	
20200423_223824.606935	0.75	0.7071	-1.0	-1.0138	0.0	0.0411	0	
20200423_223824.615613	0.75	0.7071	-1.0	-1.0139	0.0	0.041	0	
20200423_223824.623745	0.75	0.7072	-1.0	-1.0139	0.0	0.0411	0	
20200423_223824.632391	0.75	0.7071	-1.0	-1.0139	0.0	0.0412	0	
20200423_223824.640558	0.75	0.7071	-1.0	-1.0139	0.0	0.041	0	
20200423_223824.649564	0.75	0.7072	-1.0	-1.0139	0.0	0.0415	0	
20200423_223824.657852	0.75	0.7071	-1.0	-1.0139	0.0	0.041	0	
20200423_223824.665510	0.75	0.7071	-1.0	-1.0138	0.0	0.0408	0	
20200423_223824.674144	0.75	0.7071	-1.0	-1.0138	0.0	0.0407	0	
20200423_223824.682674	0.75	0.7071	-1.0	-1.0138	0.0	0.0408	0	
20200423_223824.690851	0.75	0.7072	-1.0	-1.0138	0.0	0.042	0	
20200423_223824.699332	0.75	0.7072	-1.0	-1.0141	0.0	0.0432	0	
20200423_223824.707972	0.75	0.7072	-1.0	-1.0139	0.0	0.0419	0	
20200423_223824.716509	0.75	0.7071	-1.0	-1.0139	0.0	0.0412	0	
20200423_223824.724073	0.75	0.7072	-1.0	-1.0139	0.0	0.0416	0	
20200423_223824.732619	0.75	0.7072	-1.0	-1.0138	0.0	0.0413	0	
20200423_223824.740860	0.75	0.707	-1.0	-1.0138	0.0	0.0408	0	
20200423_223824.750429	0.75	0.7071	-1.0	-1.0138	0.0	0.041	0	
20200423_223824.757867	0.75	0.7071	-1.0	-1.0139	0.0	0.0409	0	
20200423_223824.765577	0.75	0.7071	-1.0	-1.0139	0.0	0.0409	0	
20200423_223824.774233	0.75	0.7072	-1.0	-1.0139	0.0	0.0414	0	
20200423_223824.782539	0.75	0.7072	-1.0	-1.0139	0.0	0.0415	0	
20200423_223824.791196	0.75	0.7071	-1.0	-1.0138	0.0	0.0413	0	
20200423_223824.799363	0.75	0.7072	-1.0	-1.0138	0.0	0.0417	0	
20200423_223824.808224	0.75	0.7071	-1.0	-1.0138	0.0	0.0409	0	
20200423_223824.815898	0.75	0.7071	-1.0	-1.0138	0.0	0.0412	0	
20200423_223824.824291	0.75	0.7071	-1.0	-1.0138	0.0	0.0407	0	
20200423_223824.832902	0.75	0.7072	-1.0	-1.0138	0.0	0.0414	0	
20200423_223824.841023	0.75	0.7072	-1.0	-1.014	0.0	0.0427	0	
20200423_223824.849701	0.75	0.7072	-1.0	-1.0141	0.0	0.0432	0	
20200423_223824.858101	0.75	0.7071	-1.0	-1.0139	0.0	0.0412	0	
20200423_223824.865508	0.75	0.7071	-1.0	-1.0139	0.0	0.041	0	
20200423_223824.874408	0.75	0.7071	-1.0	-1.0139	0.0	0.0409	0	
20200423_223824.883092	0.75	0.7071	-1.0	-1.0139	0.0	0.041	0	
20200423_223824.891633	0.75	0.7071	-1.0	-1.0138	0.0	0.0411	0	
20200423_223824.899339	0.75	0.7072	-1.0	-1.014	0.0	0.0424	0	
20200423_223824.908083	0.75	0.7071	-1.0	-1.0138	0.0	0.0411	0	
20200423_223824.916256	0.75	0.7073	-1.0	-1.0137	0.0	0.0379	0	
20200423_223824.924162	0.75	0.7071	-1.0	-1.0138	0.0	0.0412	0	
20200423_223824.933138	0.75	0.7071	-1.0	-1.0139	0.0	0.041	0	
20200423_223824.941113	0.75	0.7073	-1.0	-1.0141	0.0	0.0433	0	
20200423_223824.949684	0.75	0.7071	-1.0	-1.0139	0.0	0.0412	0	
20200423_223824.957906	0.75	0.7072	-1.0	-1.014	0.0	0.0427	0	
20200423_223824.966182	0.75	0.7071	-1.0	-1.0138	0.0	0.0409	0	
20200423_223824.974119	0.75	0.7071	-1.0	-1.0138	0.0	0.041	0	
20200423_223824.983141	0.75	0.7071	-1.0	-1.0139	0.0	0.0409	0	
20200423_223824.991565	0.75	0.7072	-1.0	-1.0139	0.0	0.0414	0	
20200423_223824.999501	0.75	0.7071	-1.0	-1.0139	0.0	0.0407	0	
20200423_223825.007638	0.75	0.7071	-1.0	-1.0139	0.0	0.0411	0	
20200423_223825.016465	0.75	0.7071	-1.0	-1.0139	0.0	0.0409	0	
20200423_223825.024672	0.75	0.7071	-1.0	-1.0139	0.0	0.0408	0	
20200423_223825.032774	0.75	0.7071	-1.0	-1.0139	0.0	0.0409	0	
20200423_223825.041264	0.75	0.7071	-1.0	-1.0139	0.0	0.0408	0	
20200423_223825.051176	0.75	0.7071	-1.0	-1.0139	0.0	0.0409	0	
20200423_223825.057924	0.75	0.7071	-1.0	-1.0139	0.0	0.0409	0	
20200423_223825.066235	0.75	0.7071	-1.0	-1.0138	0.0	0.0411	0	
20200423_223825.074262	0.75	0.7071	-1.0	-1.0138	0.0	0.041	0	
20200423_223825.082605	0.75	0.7071	-1.0	-1.0139	0.0	0.0412	0	
20200423_223825.091392	0.75	0.7071	-1.0	-1.0139	0.0	0.0412	0	
20200423_223825.099591	0.75	0.7071	-1.0	-1.0139	0.0	0.0411	0	
20200423_223825.108615	0.75	0.7072	-1.0	-1.0139	0.0	0.0416	0	
20200423_223825.116145	0.75	0.7071	-1.0	-1.0139	0.0	0.041	0	
20200423_223825.124242	0.75	0.7071	-1.0	-1.0139	0.0	0.041	0	
20200423_223825.132870	0.75	0.7071	-1.0	-1.0139	0.0	0.0407	0	
20200423_223825.141399	0.75	0.7071	-1.0	-1.0139	0.0	0.0409	0	
20200423_223825.149419	0.75	0.7071	-1.0	-1.0139	0.0	0.0408	0	
20200423_223825.157842	0.75	0.7071	-1.0	-1.0139	0.0	0.041	0	
20200423_223825.166559	0.75	0.7071	-1.0	-1.0139	0.0	0.0409	0	
20200423_223825.174437	0.75	0.7071	-1.0	-1.0139	0.0	0.0411	0	
20200423_223825.184407	0.75	0.7071	-1.0	-1.0139	0.0	0.0412	0	
20200423_223825.190875	0.75	0.7071	-1.0	-1.0139	0.0	0.0411	0	
20200423_223825.198947	0.75	0.7071	-1.0	-1.0139	0.0	0.041	0	
20200423_223825.207296	0.75	0.7072	-1.0	-1.0139	0.0	0.0414	0	
20200423_223825.217099	0.75	0.7071	-1.0	-1.0139	0.0	0.0411	0	
20200423_223825.224838	0.75	0.7071	-1.0	-1.0139	0.0	0.0409	0	
20200423_223825.232565	0.75	0.7071	-1.0	-1.0139	0.0	0.0409	0	
20200423_223825.241470	0.75	0.7071	-1.0	-1.0139	0.0	0.041	0	
20200423_223825.249581	0.75	0.7071	-1.0	-1.0138	0.0	0.0412	0	
20200423_223825.257853	0.75	0.7071	-1.0	-1.0139	0.0	0.0408	0	
20200423_223825.266204	0.75	0.7072	-1.0	-1.0139	0.0	0.0414	0	
20200423_223825.274597	0.75	0.7071	-1.0	-1.0139	0.0	0.041	0	
20200423_223825.283248	0.75	0.7072	-1.0	-1.0139	0.0	0.0412	0	
20200423_223825.290788	0.75	0.7072	-1.0	-1.014	0.0	0.0423	0	
20200423_223825.299615	0.75	0.7071	-1.0	-1.0138	0.0	0.0409	0	
20200423_223825.308090	0.75	0.7071	-1.0	-1.0138	0.0	0.0409	0	
20200423_223825.316548	0.75	0.7071	-1.0	-1.0138	0.0	0.041	0	
20200423_223825.324542	0.75	0.7072	-1.0	-1.0141	0.0	0.0428	0	
20200423_223825.332699	0.75	0.7071	-1.0	-1.0139	0.0	0.0411	0	
20200423_223825.341292	0.75	0.7071	-1.0	-1.0139	0.0	0.0409	0	
20200423_223825.349238	0.75	0.7072	-1.0	-1.0139	0.0	0.0415	0	
20200423_223825.357836	0.75	0.7072	-1.0	-1.0139	0.0	0.0414	0	
20200423_223825.366576	0.75	0.7071	-1.0	-1.0139	0.0	0.0411	0	
20200423_223825.374415	0.75	0.7072	-1.0	-1.0139	0.0	0.0409	0	
20200423_223825.382511	0.75	0.7073	-1.0	-1.0138	0.0	0.0385	0	
20200423_223825.391345	0.75	0.7072	-1.0	-1.0139	0.0	0.0412	0	
20200423_223825.399651	0.75	0.7072	-1.0	-1.0139	0.0	0.0412	0	
20200423_223825.407807	0.75	0.7072	-1.0	-1.0139	0.0	0.0414	0	
20200423_223825.416239	0.75	0.7071	-1.0	-1.0139	0.0	0.0409	0	
20200423_223825.424209	0.75	0.7071	-1.0	-1.0139	0.0	0.041	0	
20200423_223825.433210	0.75	0.7071	-1.0	-1.0139	0.0	0.0409	0	
20200423_223825.441105	0.75	0.7071	-1.0	-1.0139	0.0	0.0409	0	
20200423_223825.449205	0.75	0.7071	-1.0	-1.0139	0.0	0.041	0	
20200423_223825.458221	0.75	0.7071	-1.0	-1.0138	0.0	0.041	0	
20200423_223825.466089	0.75	0.7071	-1.0	-1.0138	0.0	0.041	0	
20200423_223825.474960	0.75	0.7071	-1.0	-1.0138	0.0	0.0412	0	
20200423_223825.483169	0.75	0.7071	-1.0	-1.0139	0.0	0.0411	0	
20200423_223825.491025	0.75	0.7071	-1.0	-1.0139	0.0	0.0412	0	
20200423_223825.499040	0.75	0.7071	-1.0	-1.0139	0.0	0.0409	0	
20200423_223825.507565	0.75	0.7071	-1.0	-1.0138	0.0	0.041	0	
20200423_223825.516572	0.75	0.7071	-1.0	-1.0138	0.0	0.0411	0	
20200423_223825.524258	0.75	0.7071	-1.0	-1.0138	0.0	0.0411	0	
20200423_223825.532742	0.75	0.7072	-1.0	-1.014	0.0	0.0424	0	
20200423_223825.540740	0.75	0.7071	-1.0	-1.0138	0.0	0.0408	0	
20200423_223825.551169	0.75	0.7072	-1.0	-1.014	0.0	0.0427	0	
20200423_223825.557771	0.75	0.7071	-1.0	-1.0138	0.0	0.0409	0	
20200423_223825.565572	0.75	0.7071	-1.0	-1.0139	0.0	0.0411	0	
20200423_223825.573716	0.75	0.7071	-1.0	-1.0138	0.0	0.0409	0	
20200423_223825.582153	0.75	0.7072	-1.0	-1.0139	0.0	0.0415	0	
20200423_223825.590638	0.75	0.7071	-1.0	-1.0139	0.0	0.041	0	
20200423_223825.598812	0.75	0.7071	-1.0	-1.0139	0.0	0.0407	0	
20200423_223825.607134	0.75	0.7071	-1.0	-1.0139	0.0	0.0411	0	
20200423_223825.615683	0.75	0.7071	-1.0	-1.0139	0.0	0.0409	0	
20200423_223825.624619	0.75	0.7071	-1.0	-1.0139	0.0	0.0412	0	
20200423_223825.632076	0.75	0.7071	-1.0	-1.0139	0.0	0.041	0	
20200423_223825.640755	0.75	0.7071	-1.0	-1.0138	0.0	0.0409	0	
20200423_223825.649259	0.75	0.7071	-1.0	-1.0139	0.0	0.041	0	
20200423_223825.657850	0.75	0.7073	-1.0	-1.0138	0.0	0.0376	0	
20200423_223825.666100	0.75	0.7071	-1.0	-1.0139	0.0	0.0409	0	
20200423_223825.674478	0.75	0.7072	-1.0	-1.014	0.0	0.0425	0	
20200423_223825.683507	0.75	0.7072	-1.0	-1.014	0.0	0.0424	0	
20200423_223825.691186	0.75	0.7071	-1.0	-1.0138	0.0	0.0406	0	
20200423_223825.699646	0.75	0.7071	-1.0	-1.0138	0.0	0.0408	0	
20200423_223825.707798	0.75	0.7071	-1.0	-1.0138	0.0	0.0408	0	
20200423_223825.716556	0.75	0.7071	-1.0	-1.0139	0.0	0.0407	0	
20200423_223825.724067	0.75	0.7071	-1.0	-1.0139	0.0	0.0406	0	
20200423_223825.732613	0.75	0.7071	-1.0	-1.0139	0.0	0.0409	0	
20200423_223825.740835	0.75	0.7071	-1.0	-1.0139	0.0	0.0407	0	
20200423_223825.750158	0.75	0.7073	-1.0	-1.0138	0.0	0.0379	0	
20200423_223825.758080	0.75	0.7073	-1.0	-1.0137	0.0	0.038	0	
20200423_223825.766531	0.75	0.7073	-1.0	-1.0138	0.0	0.0382	0	
20200423_223825.774737	0.75	0.7073	-1.0	-1.0138	0.0	0.0382	0	
20200423_223825.784301	0.75	0.7071	-1.0	-1.0139	0.0	0.0409	0	
20200423_223825.790784	0.75	0.7073	-1.0	-1.0138	0.0	0.0377	0	
20200423_223825.799519	0.75	0.7071	-1.0	-1.0139	0.0	0.0409	0	
20200423_223825.807936	0.75	0.7071	-1.0	-1.0139	0.0	0.0407	0	
20200423_223825.816301	0.75	0.7071	-1.0	-1.0139	0.0	0.041	0	
20200423_223825.824219	0.75	0.7071	-1.0	-1.0139	0.0	0.0409	0	
20200423_223825.832438	0.75	0.7072	-1.0	-1.0139	0.0	0.0409	0	
20200423_223825.841383	0.75	0.7071	-1.0	-1.0139	0.0	0.0412	0	
20200423_223825.849629	0.75	0.7072	-1.0	-1.0139	0.0	0.0419	0	
20200423_223825.857608	0.75	0.7071	-1.0	-1.0139	0.0	0.0411	0	
20200423_223825.865935	0.75	0.7071	-1.0	-1.0139	0.0	0.0411	0	
20200423_223825.874050	0.75	0.7071	-1.0	-1.0139	0.0	0.0412	0	
20200423_223825.882871	0.75	0.7071	-1.0	-1.0139	0.0	0.0411	0	
20200423_223825.890808	0.75	0.7071	-1.0	-1.0139	0.0	0.041	0	
20200423_223825.899374	0.75	0.7071	-1.0	-1.0139	0.0	0.0408	0	
20200423_223825.907537	0.75	0.7071	-1.0	-1.0139	0.0	0.0412	0	
20200423_223825.915716	0.75	0.7071	-1.0	-1.0138	0.0	0.0409	0	
20200423_223825.924597	0.75	0.7071	-1.0	-1.0138	0.0	0.0407	0	
20200423_223825.932573	0.75	0.7071	-1.0	-1.0138	0.0	0.0407	0	
20200423_223825.941804	0.75	0.7071	-1.0	-1.0139	0.0	0.041	0	
20200423_223825.949821	0.75	0.7073	-1.0	-1.0138	0.0	0.0383	0	
20200423_223825.958183	0.75	0.7071	-1.0	-1.0139	0.0	0.041	0	
20200423_223825.965981	0.75	0.7071	-1.0	-1.0138	0.0	0.0411	0	
20200423_223825.974079	0.75	0.7071	-1.0	-1.0138	0.0	0.0413	0	
20200423_223825.982612	0.75	0.7071	-1.0	-1.0139	0.0	0.0412	0	
20200423_223825.991556	0.75	0.7071	-1.0	-1.0139	0.0	0.0413	0	
20200423_223825.999417	0.75	0.7071	-1.0	-1.0139	0.0	0.0408	0	
20200423_223826.007660	0.75	0.7071	-1.0	-1.0138	0.0	0.0412	0	
20200423_223826.016219	0.75	0.7073	-1.0	-1.0137	0.0	0.0378	0	
20200423_223826.024401	0.75	0.7071	-1.0	-1.0138	0.0	0.0413	0	
20200423_223826.033285	0.75	0.7073	-1.0	-1.0137	0.0	0.0382	0	
20200423_223826.042176	0.75	0.7073	-1.0	-1.0138	0.0	0.0381	0	
20200423_223826.050709	0.75	0.7073	-1.0	-1.0137	0.0	0.0376	0	
20200423_223826.057974	0.75	0.7073	-1.0	-1.0138	0.0	0.0377	0	
20200423_223826.065905	0.75	0.7071	-1.0	-1.0139	0.0	0.041	0	
20200423_223826.074027	0.75	0.7072	-1.0	-1.0139	0.0	0.0413	0	
20200423_223826.082702	0.75	0.7071	-1.0	-1.0139	0.0	0.0409	0	
20200423_223826.091329	0.75	0.7071	-1.0	-1.0139	0.0	0.0406	0	
20200423_223826.099691	0.75	0.707	-1.0	-1.0139	0.0	0.0407	0	
20200423_223826.108144	0.75	0.7071	-1.0	-1.0139	0.0	0.0411	0	
20200423_223826.115957	0.75	0.7071	-1.0	-1.0139	0.0	0.0408	0	
20200423_223826.124322	0.75	0.7072	-1.0	-1.0139	0.0	0.0415	0	
20200423_223826.132833	0.75	0.7071	-1.0	-1.0139	0.0	0.0411	0	
20200423_223826.140688	0.75	0.7072	-1.0	-1.0139	0.0	0.0412	0	
20200423_223826.149582	0.75	0.7072	-1.0	-1.0139	0.0	0.0416	0	
20200423_223826.157909	0.75	0.7072	-1.0	-1.0139	0.0	0.0415	0	
20200423_223826.166276	0.75	0.7071	-1.0	-1.0139	0.0	0.041	0	
20200423_223826.174414	0.75	0.7071	-1.0	-1.0139	0.0	0.0407	0	
20200423_223826.183172	0.75	0.7071	-1.0	-1.0139	0.0	0.0409	0	
20200423_223826.190538	0.75	0.7071	-1.0	-1.0139	0.0	0.0412	0	
20200423_223826.198863	0.75	0.7071	-1.0	-1.0139	0.0	0.041	0	
20200423_223826.207290	0.75	0.7071	-1.0	-1.0139	0.0	0.0413	0	
20200423_223826.216698	0.75	0.7071	-1.0	-1.0139	0.0	0.041	0	
20200423_223826.223993	0.75	0.7071	-1.0	-1.0139	0.0	0.0413	0	
20200423_223826.232801	0.75	0.7071	-1.0	-1.0139	0.0	0.0412	0	
20200423_223826.241124	0.75	0.7071	-1.0	-1.0139	0.0	0.0411	0	
20200423_223826.249804	0.75	0.7071	-1.0	-1.0139	0.0	0.041	0	
20200423_223826.257858	0.75	0.7071	-1.0	-1.0139	0.0	0.0411	0	
20200423_223826.266581	0.75	0.7072	-1.0	-1.0139	0.0	0.0416	0	
20200423_223826.274806	0.75	0.7072	-1.0	-1.014	0.0	0.0426	0	
20200423_223826.282854	0.75	0.7071	-1.0	-1.0139	0.0	0.0409	0	
20200423_223826.291276	0.75	0.7071	-1.0	-1.0139	0.0	0.041	0	
20200423_223826.299661	0.75	0.7071	-1.0	-1.0139	0.0	0.041	0	
20200423_223826.311850	0.75	0.7071	-1.0	-1.0139	0.0	0.0412	0	
20200423_223826.316001	0.75	0.7071	-1.0	-1.0139	0.0	0.0412	0	
20200423_223826.324327	0.75	0.7071	-1.0	-1.0139	0.0	0.0411	0	
20200423_223826.334657	0.75	0.7071	-1.0	-1.0139	0.0	0.0407	0	
20200423_223826.341575	0.75	0.7071	-1.0	-1.0139	0.0	0.0409	0	
20200423_223826.349464	0.75	0.7071	-1.0	-1.0139	0.0	0.0411	0	
20200423_223826.357675	0.75	0.7071	-1.0	-1.0139	0.0	0.0411	0	
20200423_223826.366779	0.75	0.7071	-1.0	-1.0139	0.0	0.041	0	
20200423_223826.374375	0.75	0.7071	-1.0	-1.0139	0.0	0.0411	0	
20200423_223826.383210	0.75	0.7071	-1.0	-1.0139	0.0	0.041	0	
20200423_223826.390881	0.75	0.7072	-1.0	-1.0139	0.0	0.0414	0	
20200423_223826.399749	0.75	0.7071	-1.0	-1.0139	0.0	0.041	0	
20200423_223826.407712	0.75	0.7071	-1.0	-1.0139	0.0	0.041	0	
20200423_223826.416414	0.75	0.7071	-1.0	-1.0139	0.0	0.0412	0	
20200423_223826.424301	0.75	0.7071	-1.0	-1.0139	0.0	0.0412	0	
20200423_223826.432998	0.75	0.7071	-1.0	-1.0139	0.0	0.0412	0	
20200423_223826.441206	0.75	0.7071	-1.0	-1.0139	0.0	0.0411	0	
20200423_223826.449180	0.75	0.7071	-1.0	-1.0139	0.0	0.0408	0	
20200423_223826.458033	0.75	0.7071	-1.0	-1.0139	0.0	0.0408	0	
20200423_223826.465822	0.75	0.7071	-1.0	-1.0139	0.0	0.0411	0	
20200423_223826.474693	0.75	0.7071	-1.0	-1.0139	0.0	0.0413	0	
20200423_223826.482440	0.75	0.7071	-1.0	-1.0139	0.0	0.0411	0	
20200423_223826.490996	0.75	0.7072	-1.0	-1.0139	0.0	0.0415	0	
20200423_223826.499457	0.75	0.7071	-1.0	-1.0139	0.0	0.0409	0	
20200423_223826.507740	0.75	0.7071	-1.0	-1.0139	0.0	0.041	0	
20200423_223826.516132	0.75	0.7071	-1.0	-1.014	0.0	0.0412	0	
20200423_223826.524368	0.75	0.7071	-1.0	-1.0139	0.0	0.0412	0	
20200423_223826.532496	0.75	0.7071	-1.0	-1.0139	0.0	0.0414	0	
20200423_223826.541036	0.75	0.7072	-1.0	-1.0139	0.0	0.0418	0	
20200423_223826.549387	0.75	0.7071	-1.0	-1.0139	0.0	0.0411	0	
20200423_223826.557768	0.75	0.7071	-1.0	-1.0139	0.0	0.0408	0	
20200423_223826.565552	0.75	0.7071	-1.0	-1.0139	0.0	0.041	0	
20200423_223826.573838	0.75	0.707	-1.0	-1.0139	0.0	0.0411	0	
20200423_223826.582188	0.75	0.7071	-1.0	-1.0139	0.0	0.0412	0	
20200423_223826.590239	0.75	0.7071	-1.0	-1.0139	0.0	0.0414	0	
20200423_223826.598759	0.75	0.7071	-1.0	-1.0139	0.0	0.0413	0	
20200423_223826.606973	0.75	0.7071	-1.0	-1.0139	0.0	0.0413	0	
20200423_223826.615245	0.75	0.7071	-1.0	-1.0139	0.0	0.0413	0	
20200423_223826.623853	0.75	0.7071	-1.0	-1.0139	0.0	0.0412	0	
20200423_223826.632301	0.75	0.7071	-1.0	-1.0139	0.0	0.041	0	
20200423_223826.640386	0.75	0.7071	-1.0	-1.0139	0.0	0.0412	0	
20200423_223826.649036	0.75	0.707	-1.0	-1.0139	0.0	0.041	0	
20200423_223826.657663	0.75	0.7071	-1.0	-1.0139	0.0	0.0409	0	
20200423_223826.665904	0.75	0.7071	-1.0	-1.0139	0.0	0.0412	0	
20200423_223826.674128	0.75	0.7071	-1.0	-1.0139	0.0	0.0408	0	
20200423_223826.683231	0.75	0.7071	-1.0	-1.0139	0.0	0.0411	0	
20200423_223826.690899	0.75	0.7071	-1.0	-1.0139	0.0	0.041	0	
20200423_223826.699247	0.75	0.7071	-1.0	-1.0139	0.0	0.041	0	
20200423_223826.707443	0.75	0.7071	-1.0	-1.0139	0.0	0.041	0	
20200423_223826.715944	0.75	0.7071	-1.0	-1.0139	0.0	0.0412	0	
20200423_223826.724455	0.75	0.7071	-1.0	-1.0139	0.0	0.041	0	
20200423_223826.732922	0.75	0.7071	-1.0	-1.0139	0.0	0.041	0	
20200423_223826.741108	0.75	0.7071	-1.0	-1.0139	0.0	0.0411	0	
20200423_223826.749163	0.75	0.7071	-1.0	-1.0139	0.0	0.041	0	
20200423_223826.757724	0.75	0.7071	-1.0	-1.0139	0.0	0.0408	0	
20200423_223826.765647	0.75	0.7071	-1.0	-1.0139	0.0	0.041	0	
20200423_223826.774091	0.75	0.7072	-1.0	-1.0139	0.0	0.0415	0	
20200423_223826.782781	0.75	0.7071	-1.0	-1.0139	0.0	0.0409	0	
20200423_223826.791424	0.75	0.7071	-1.0	-1.0139	0.0	0.0411	0	
20200423_223826.799214	0.75	0.7071	-1.0	-1.0139	0.0	0.041	0	
20200423_223826.807912	0.75	0.7071	-1.0	-1.0138	0.0	0.0407	0	
20200423_223826.815926	0.75	0.7072	-1.0	-1.0139	0.0	0.0413	0	
20200423_223826.824178	0.75	0.7071	-1.0	-1.0139	0.0	0.0409	0	
20200423_223826.833090	0.75	0.7071	-1.0	-1.0139	0.0	0.0411	0	
20200423_223826.841146	0.75	0.7071	-1.0	-1.0139	0.0	0.0408	0	
20200423_223826.848785	0.75	0.7071	-1.0	-1.0139	0.0	0.041	0	
20200423_223826.857786	0.75	0.7071	-1.0	-1.0139	0.0	0.0408	0	
20200423_223826.865662	0.75	0.7071	-1.0	-1.0138	0.0	0.041	0	
20200423_223826.874634	0.75	0.7071	-1.0	-1.0138	0.0	0.041	0	
20200423_223826.882681	0.75	0.7071	-1.0	-1.0138	0.0	0.041	0	
20200423_223826.891467	0.75	0.707	-1.0	-1.0138	0.0	0.0408	0	
20200423_223826.899068	0.75	0.707	-1.0	-1.0138	0.0	0.0409	0	
20200423_223826.908136	0.75	0.7071	-1.0	-1.0138	0.0	0.0408	0	
20200423_223826.915755	0.75	0.7072	-1.0	-1.014	0.0	0.0428	0	
20200423_223826.924291	0.75	0.7071	-1.0	-1.0138	0.0	0.0412	0	
20200423_223826.932586	0.75	0.7071	-1.0	-1.0138	0.0	0.0409	0	
20200423_223826.941209	0.75	0.7071	-1.0	-1.0138	0.0	0.0413	0	
20200423_223826.949716	0.75	0.7071	-1.0	-1.0139	0.0	0.0408	0	
20200423_223826.957840	0.75	0.7071	-1.0	-1.0139	0.0	0.0408	0	
20200423_223826.965679	0.75	0.7071	-1.0	-1.0139	0.0	0.0406	0	
20200423_223826.973936	0.75	0.7071	-1.0	-1.0138	0.0	0.0408	0	
20200423_223826.982712	0.75	0.7071	-1.0	-1.0138	0.0	0.0409	0	
20200423_223826.991500	0.75	0.7071	-1.0	-1.0139	0.0	0.0408	0	
20200423_223826.999113	0.75	0.7072	-1.0	-1.0139	0.0	0.0416	0	
20200423_223827.007771	0.75	0.7071	-1.0	-1.0139	0.0	0.0408	0	
20200423_223827.016467	0.75	0.7071	-1.0	-1.0139	0.0	0.0411	0	
20200423_223827.024634	0.75	0.7071	-1.0	-1.0139	0.0	0.0409	0	
20200423_223827.032649	0.75	0.7071	-1.0	-1.0139	0.0	0.0409	0	
20200423_223827.041385	0.75	0.7071	-1.0	-1.0139	0.0	0.0409	0	
20200423_223827.049427	0.75	0.707	-1.0	-1.0139	0.0	0.0407	0	
20200423_223827.057830	0.75	0.707	-1.0	-1.0139	0.0	0.0407	0	
20200423_223827.066242	0.75	0.7071	-1.0	-1.0139	0.0	0.0406	0	
20200423_223827.074606	0.75	0.7071	-1.0	-1.0139	0.0	0.0409	0	
20200423_223827.082486	0.75	0.7071	-1.0	-1.0139	0.0	0.041	0	
20200423_223827.091451	0.75	0.7071	-1.0	-1.0139	0.0	0.041	0	
20200423_223827.099477	0.75	0.7071	-1.0	-1.0139	0.0	0.0409	0	
20200423_223827.107624	0.75	0.7071	-1.0	-1.0139	0.0	0.0408	0	
20200423_223827.115813	0.75	0.707	-1.0	-1.0139	0.0	0.0408	0	
20200423_223827.123910	0.75	0.707	-1.0	-1.0139	0.0	0.0405	0	
20200423_223827.132949	0.75	0.707	-1.0	-1.0139	0.0	0.0408	0	
20200423_223827.140749	0.75	0.707	-1.0	-1.0139	0.0	0.0407	0	
20200423_223827.148794	0.75	0.7071	-1.0	-1.0139	0.0	0.0408	0	
20200423_223827.158727	0.75	0.7071	-1.0	-1.0139	0.0	0.0412	0	
20200423_223827.166875	0.75	0.7071	-1.0	-1.0139	0.0	0.0411	0	
20200423_223827.174730	0.75	0.7071	-1.0	-1.0139	0.0	0.0414	0	
20200423_223827.183104	0.75	0.7071	-1.0	-1.0139	0.0	0.0413	0	
20200423_223827.191643	0.75	0.7071	-1.0	-1.0139	0.0	0.0412	0	
20200423_223827.200207	0.75	0.7071	-1.0	-1.0139	0.0	0.0412	0	
20200423_223827.208342	0.75	0.7071	-1.0	-1.0139	0.0	0.0412	0	
20200423_223827.216220	0.75	0.7071	-1.0	-1.0139	0.0	0.041	0	
20200423_223827.226592	0.75	0.7072	-1.0	-1.0139	0.0	0.0419	0	
20200423_223827.233406	0.75	0.7071	-1.0	-1.0139	0.0	0.0411	0	
20200423_223827.242035	0.75	0.7071	-1.0	-1.0139	0.0	0.0411	0	
20200423_223827.249620	0.75	0.7071	-1.0	-1.0139	0.0	0.0414	0	
20200423_223827.257423	0.75	0.7071	-1.0	-1.0139	0.0	0.0411	0	
20200423_223827.265584	0.75	0.707	-1.0	-1.0139	0.0	0.0409	0	
