Time	X_Setpt	X_FB	Y_Setpt	Y_FB	Theta_Setpt	Theta_FB	Motion Status	
20200423_223806.457709	1.125	0.9534	-1.0	0.0473	0.0	0.5388	1	
20200423_223806.556963	1.125	0.9534	-1.0	0.0476	0.0	0.5299	1	
20200423_223806.656403	1.125	0.9553	-1.0	0.0495	0.0	0.4935	1	
20200423_223806.756542	1.125	0.9586	-1.0	0.0527	0.0	0.4451	1	
20200423_223806.857120	1.125	0.9629	-1.0	0.057	0.0	0.3835	1	
20200423_223806.956705	1.125	0.9664	-1.0	0.0609	0.0	0.3022	1	
20200423_223807.056466	1.125	0.9714	-1.0	0.0655	0.0	0.2258	1	
20200423_223807.156609	1.125	0.976	-1.0	0.0682	0.0	0.157	1	
20200423_223807.256769	1.125	0.9804	-1.0	0.0713	0.0	0.0842	1	
20200423_223807.356616	1.125	0.9858	-1.0	0.0744	0.0	0.0066	1	
20200423_223807.456713	1.125	0.9915	-1.0	0.0764	0.0	-0.0709	1	
20200423_223807.556898	1.125	0.9988	-1.0	0.0783	0.0	-0.1343	1	
20200423_223807.656747	1.125	1.0055	-1.0	0.0797	0.0	-0.205	1	
20200423_223807.756973	1.125	1.0119	-1.0	0.0804	0.0	-0.2695	1	
20200423_223807.856702	1.125	1.0192	-1.0	0.0804	0.0	-0.355	1	
20200423_223807.956235	1.125	1.0275	-1.0	0.0795	0.0	-0.4297	1	
20200423_223808.056326	1.125	1.0352	-1.0	0.0785	0.0	-0.4988	1	
20200423_223808.156638	1.125	1.0424	-1.0	0.0768	0.0	-0.5732	1	
20200423_223808.257278	1.125	1.051	-1.0	0.0741	0.0	-0.6457	1	
20200423_223808.356229	1.125	1.0582	-1.0	0.0721	0.0	-0.7265	1	
20200423_223808.456523	1.125	1.0655	-1.0	0.0679	0.0	-0.7982	1	
20200423_223808.555917	1.125	1.0717	-1.0	0.0639	0.0	-0.8642	1	
20200423_223808.656165	1.125	1.0768	-1.0	0.061	0.0	-0.9351	1	
20200423_223808.756634	1.125	1.083	-1.0	0.0553	0.0	-0.9876	1	
20200423_223808.857010	1.125	1.0893	-1.0	0.0503	0.0	-1.0794	1	
20200423_223808.957963	1.125	1.0962	-1.0	0.0435	0.0	-1.1451	1	
20200423_223809.058148	1.125	1.1017	-1.0	0.0357	0.0	-1.2237	1	
20200423_223809.156170	1.125	1.1077	-1.0	0.0272	0.0	-1.3023	1	
20200423_223809.256156	1.125	1.1128	-1.0	0.0183	0.0	-1.3786	1	
20200423_223809.356513	1.125	1.1169	-1.0	0.0099	0.0	-1.4564	1	
20200423_223809.456437	1.125	1.1197	-1.0	0.0015	0.0	-1.5305	1	
20200423_223809.556976	1.125	1.1225	-1.0	-0.0061	0.0	-1.585	1	
20200423_223809.656292	1.125	1.1237	-1.0	-0.0164	0.0	-1.6309	1	
20200423_223809.756623	1.125	1.1233	-1.0	-0.0221	0.0	-1.6311	1	
20200423_223809.856851	1.125	1.1229	-1.0	-0.0314	0.0	-1.6398	1	
20200423_223809.956737	1.125	1.1225	-1.0	-0.0414	0.0	-1.6268	1	
20200423_223810.056699	1.125	1.1219	-1.0	-0.0509	0.0	-1.6269	1	
20200423_223810.156812	1.125	1.1207	-1.0	-0.0608	0.0	-1.6272	1	
20200423_223810.256632	1.125	1.1203	-1.0	-0.072	0.0	-1.6285	1	
20200423_223810.357055	1.125	1.1204	-1.0	-0.0808	0.0	-1.6264	1	
20200423_223810.456315	1.125	1.119	-1.0	-0.0911	0.0	-1.6241	1	
20200423_223810.557280	1.125	1.1182	-1.0	-0.1011	0.0	-1.6217	1	
20200423_223810.656508	1.125	1.1178	-1.0	-0.1088	0.0	-1.6237	1	
20200423_223810.756863	1.125	1.1169	-1.0	-0.1203	0.0	-1.6342	1	
20200423_223810.856807	1.125	1.1167	-1.0	-0.1293	0.0	-1.6251	1	
20200423_223810.957418	1.125	1.1167	-1.0	-0.1407	0.0	-1.6268	1	
20200423_223811.056301	1.125	1.1153	-1.0	-0.1484	0.0	-1.6233	1	
20200423_223811.157217	1.125	1.1148	-1.0	-0.1589	0.0	-1.6245	1	
20200423_223811.256891	1.125	1.1146	-1.0	-0.1699	0.0	-1.6265	1	
20200423_223811.356780	1.125	1.114	-1.0	-0.1783	0.0	-1.6387	1	
20200423_223811.456422	1.125	1.1133	-1.0	-0.1888	0.0	-1.6369	1	
20200423_223811.556672	1.125	1.1122	-1.0	-0.1981	0.0	-1.6238	1	
20200423_223811.658507	1.125	1.1116	-1.0	-0.2086	0.0	-1.6257	1	
20200423_223811.756734	1.125	1.1111	-1.0	-0.2174	0.0	-1.6218	1	
20200423_223811.857661	1.125	1.1105	-1.0	-0.2279	0.0	-1.6227	1	
20200423_223811.956990	1.125	1.1101	-1.0	-0.238	0.0	-1.6167	1	
20200423_223812.056777	1.125	1.1096	-1.0	-0.2479	0.0	-1.6175	1	
20200423_223812.157799	1.125	1.1099	-1.0	-0.2572	0.0	-1.6202	1	
20200423_223812.256367	1.125	1.1094	-1.0	-0.2671	0.0	-1.6098	1	
20200423_223812.356725	1.125	1.1082	-1.0	-0.2782	0.0	-1.6091	1	
20200423_223812.456844	1.125	1.1074	-1.0	-0.2856	0.0	-1.6102	1	
20200423_223812.556724	1.125	1.1076	-1.0	-0.2967	0.0	-1.6024	1	
20200423_223812.656337	1.125	1.107	-1.0	-0.3057	0.0	-1.6011	1	
20200423_223812.756598	1.125	1.1064	-1.0	-0.3154	0.0	-1.6017	1	
20200423_223812.856776	1.125	1.1065	-1.0	-0.3238	0.0	-1.6034	1	
20200423_223812.956830	1.125	1.1064	-1.0	-0.3352	0.0	-1.5983	1	
20200423_223813.056332	1.125	1.1056	-1.0	-0.3455	0.0	-1.5938	1	
20200423_223813.158055	1.125	1.1059	-1.0	-0.3538	0.0	-1.5965	1	
20200423_223813.256685	1.125	1.1053	-1.0	-0.3647	0.0	-1.5929	1	
20200423_223813.356801	1.125	1.1051	-1.0	-0.374	0.0	-1.5876	1	
20200423_223813.456670	1.125	1.1049	-1.0	-0.384	0.0	-1.5981	1	
20200423_223813.556009	1.125	1.1049	-1.0	-0.3938	0.0	-1.5896	1	
20200423_223813.656599	1.125	1.1045	-1.0	-0.4029	0.0	-1.5904	1	
20200423_223813.757020	1.125	1.1041	-1.0	-0.4128	0.0	-1.5855	1	
20200423_223813.856890	1.125	1.1046	-1.0	-0.4228	0.0	-1.5924	1	
20200423_223813.956225	1.125	1.1043	-1.0	-0.4327	0.0	-1.5951	1	
20200423_223814.056897	1.125	1.1038	-1.0	-0.4426	0.0	-1.5925	1	
20200423_223814.156464	1.125	1.1039	-1.0	-0.4519	0.0	-1.5962	1	
20200423_223814.256124	1.125	1.1036	-1.0	-0.4617	0.0	-1.594	1	
20200423_223814.356465	1.125	1.1028	-1.0	-0.4713	0.0	-1.5936	1	
20200423_223814.456611	1.125	1.1027	-1.0	-0.4795	0.0	-1.5947	1	
20200423_223814.557213	1.125	1.1024	-1.0	-0.4903	0.0	-1.6105	1	
20200423_223814.656070	1.125	1.1021	-1.0	-0.4988	0.0	-1.5917	1	
20200423_223814.756419	1.125	1.1013	-1.0	-0.5102	0.0	-1.589	1	
20200423_223814.856286	1.125	1.1013	-1.0	-0.5201	0.0	-1.5918	1	
20200423_223814.956957	1.125	1.1009	-1.0	-0.5293	0.0	-1.6012	1	
20200423_223815.056534	1.125	1.1007	-1.0	-0.5397	0.0	-1.5876	1	
20200423_223815.156756	1.125	1.1014	-1.0	-0.5483	0.0	-1.5916	1	
20200423_223815.256888	1.125	1.101	-1.0	-0.5594	0.0	-1.5924	1	
20200423_223815.356601	1.125	1.1007	-1.0	-0.5682	0.0	-1.5939	1	
20200423_223815.456213	1.125	1.1008	-1.0	-0.5774	0.0	-1.5956	1	
20200423_223815.556894	1.125	1.1009	-1.0	-0.5877	0.0	-1.5947	1	
20200423_223815.656464	1.125	1.1012	-1.0	-0.595	0.0	-1.5987	1	
20200423_223815.756435	1.125	1.1011	-1.0	-0.5997	0.0	-1.5814	1	
20200423_223815.856713	1.125	1.1008	-1.0	-0.6073	0.0	-1.5791	1	
20200423_223815.956539	1.125	1.1011	-1.0	-0.6171	0.0	-1.5754	1	
20200423_223816.056715	1.125	1.1007	-1.0	-0.6285	0.0	-1.5702	1	
20200423_223816.158907	1.125	1.1004	-1.0	-0.6382	0.0	-1.5617	1	
20200423_223816.256979	1.125	1.101	-1.0	-0.649	0.0	-1.5686	1	
20200423_223816.357273	1.125	1.1004	-1.0	-0.6575	0.0	-1.5564	1	
20200423_223816.456798	1.125	1.1	-1.0	-0.6683	0.0	-1.556	1	
20200423_223816.556857	1.125	1.1007	-1.0	-0.679	0.0	-1.5547	1	
20200423_223816.655980	1.125	1.1005	-1.0	-0.6873	0.0	-1.5572	1	
20200423_223816.757317	1.125	1.1	-1.0	-0.6985	0.0	-1.5501	1	
20200423_223816.856424	1.125	1.1001	-1.0	-0.7086	0.0	-1.5469	1	
20200423_223816.956520	1.125	1.1007	-1.0	-0.7186	0.0	-1.5465	1	
20200423_223817.056863	1.125	1.1003	-1.0	-0.7275	0.0	-1.5427	1	
20200423_223817.156796	1.125	1.1003	-1.0	-0.737	0.0	-1.5458	1	
20200423_223817.256217	1.125	1.1005	-1.0	-0.7473	0.0	-1.5634	1	
20200423_223817.356974	1.125	1.1009	-1.0	-0.7559	0.0	-1.5545	1	
20200423_223817.456552	1.125	1.1	-1.0	-0.7679	0.0	-1.4975	1	
20200423_223817.556608	1.125	1.1005	-1.0	-0.7774	0.0	-1.4807	1	
20200423_223817.656451	1.125	1.1015	-1.0	-0.7876	0.0	-1.4791	1	
20200423_223817.755959	1.125	1.1016	-1.0	-0.7957	0.0	-1.4695	1	
20200423_223817.856217	1.125	1.1027	-1.0	-0.8062	0.0	-1.4687	1	
20200423_223817.956825	1.125	1.1042	-1.0	-0.816	0.0	-1.4823	1	
20200423_223818.055993	1.125	1.1051	-1.0	-0.8253	0.0	-1.4702	1	
20200423_223818.156418	1.125	1.1074	-1.0	-0.8357	0.0	-1.4679	1	
20200423_223818.256120	1.125	1.108	-1.0	-0.846	0.0	-1.4702	1	
20200423_223818.356115	1.125	1.1085	-1.0	-0.854	0.0	-1.4654	1	
20200423_223818.456162	1.125	1.1104	-1.0	-0.8645	0.0	-1.4619	1	
20200423_223818.556192	1.125	1.1112	-1.0	-0.8745	0.0	-1.4607	1	
20200423_223818.656049	1.125	1.1118	-1.0	-0.8844	0.0	-1.4578	1	
20200423_223818.756151	1.125	1.1132	-1.0	-0.894	0.0	-1.4561	1	
20200423_223818.856137	1.125	1.1142	-1.0	-0.9046	0.0	-1.4547	1	
20200423_223818.956158	1.125	1.1147	-1.0	-0.9133	0.0	-1.4524	1	
20200423_223819.056160	1.125	1.1158	-1.0	-0.9234	0.0	-1.45	1	
20200423_223819.156110	1.125	1.1168	-1.0	-0.932	0.0	-1.4607	1	
20200423_223819.256132	1.125	1.1179	-1.0	-0.9434	0.0	-1.4585	1	
20200423_223819.356090	1.125	1.1188	-1.0	-0.9525	0.0	-1.4798	1	
20200423_223819.456010	1.125	1.1201	-1.0	-0.9615	0.0	-1.4711	1	
20200423_223819.556126	1.125	1.1186	-1.0	-0.9663	0.0	-1.4061	1	
20200423_223819.656004	1.125	1.1165	-1.0	-0.9684	0.0	-1.3215	1	
20200423_223819.756135	1.125	1.1142	-1.0	-0.9696	0.0	-1.2345	1	
20200423_223819.856170	1.125	1.1115	-1.0	-0.9713	0.0	-1.1613	1	
20200423_223819.956075	1.125	1.11	-1.0	-0.9745	0.0	-1.0533	1	
20200423_223820.056050	1.125	1.1076	-1.0	-0.975	0.0	-0.9965	1	
20200423_223820.156143	1.125	1.1067	-1.0	-0.9788	0.0	-0.9397	1	
20200423_223820.256109	1.125	1.1056	-1.0	-0.9813	0.0	-0.8606	1	
20200423_223820.356191	1.125	1.1049	-1.0	-0.9837	0.0	-0.7771	1	
20200423_223820.456167	1.125	1.1038	-1.0	-0.9856	0.0	-0.7033	1	
20200423_223820.556172	1.125	1.1027	-1.0	-0.9872	0.0	-0.6282	1	
20200423_223820.656024	1.125	1.1027	-1.0	-0.9897	0.0	-0.5623	1	
20200423_223820.756151	1.125	1.103	-1.0	-0.992	0.0	-0.4936	1	
20200423_223820.856422	1.125	1.0998	-1.0	-0.9925	0.0	-0.4447	1	
20200423_223820.956049	1.125	1.0998	-1.0	-0.9942	0.0	-0.3871	1	
20200423_223821.056087	1.125	1.1005	-1.0	-0.996	0.0	-0.359	1	
20200423_223821.156065	1.125	1.1005	-1.0	-0.996	0.0	-0.359	1	
20200423_223821.256268	1.125	1.0992	-1.0	-1.001	0.0	-0.1547	1	
20200423_223821.356109	1.125	1.0992	-1.0	-1.001	0.0	-0.1547	1	
20200423_223821.456115	1.125	1.0992	-1.0	-1.001	0.0	-0.1547	1	
20200423_223821.556506	1.125	1.1014	-1.0	-1.0059	0.0	-0.033	1	
20200423_223821.656055	1.125	1.1031	-1.0	-1.0082	0.0	0.0184	0	
20200423_223821.656226	1.125	1.1031	-1.0	-1.0082	0.0	0.0209	0	
20200423_223821.657497	1.125	1.1028	-1.0	-1.0081	0.0	0.0215	0	
20200423_223821.665685	1.125	1.1025	-1.0	-1.0082	0.0	0.028	0	
20200423_223821.674141	1.125	1.1023	-1.0	-1.0082	0.0	0.029	0	
20200423_223821.682812	1.125	1.1021	-1.0	-1.0082	0.0	0.0326	0	
20200423_223821.690724	1.125	1.1026	-1.0	-1.0083	0.0	0.029	0	
20200423_223821.699349	1.125	1.1026	-1.0	-1.0084	0.0	0.0307	0	
20200423_223821.707808	1.125	1.103	-1.0	-1.0087	0.0	0.0332	0	
20200423_223821.715726	1.125	1.1031	-1.0	-1.0087	0.0	0.0354	0	
20200423_223821.724315	1.125	1.1032	-1.0	-1.0088	0.0	0.037	0	
20200423_223821.732695	1.125	1.1032	-1.0	-1.0088	0.0	0.0377	0	
20200423_223821.740239	1.125	1.1028	-1.0	-1.0088	0.0	0.0434	0	
20200423_223821.751080	1.125	1.1028	-1.0	-1.0088	0.0	0.0428	0	
20200423_223821.759098	1.125	1.1025	-1.0	-1.0087	0.0	0.0421	0	
20200423_223821.766089	1.125	1.1027	-1.0	-1.0088	0.0	0.0434	0	
20200423_223821.774280	1.125	1.1025	-1.0	-1.0087	0.0	0.043	0	
20200423_223821.782206	1.125	1.1027	-1.0	-1.0089	0.0	0.0444	0	
20200423_223821.790668	1.125	1.1025	-1.0	-1.0088	0.0	0.0443	0	
20200423_223821.798947	1.125	1.1024	-1.0	-1.0088	0.0	0.0448	0	
20200423_223821.807389	1.125	1.1026	-1.0	-1.0089	0.0	0.0472	0	
20200423_223821.818802	1.125	1.1024	-1.0	-1.0088	0.0	0.047	0	
20200423_223821.824094	1.125	1.1023	-1.0	-1.0087	0.0	0.0486	0	
20200423_223821.832312	1.125	1.1029	-1.0	-1.009	0.0	0.0416	0	
20200423_223821.840902	1.125	1.1026	-1.0	-1.0087	0.0	0.0401	0	
20200423_223821.850242	1.125	1.1026	-1.0	-1.0087	0.0	0.0405	0	
20200423_223821.857204	1.125	1.1026	-1.0	-1.0088	0.0	0.0408	0	
20200423_223821.865721	1.125	1.1025	-1.0	-1.0089	0.0	0.0457	0	
20200423_223821.873859	1.125	1.1024	-1.0	-1.0088	0.0	0.0458	0	
20200423_223821.883409	1.125	1.1023	-1.0	-1.0088	0.0	0.0473	0	
20200423_223821.890752	1.125	1.1028	-1.0	-1.0089	0.0	0.043	0	
20200423_223821.898650	1.125	1.1027	-1.0	-1.0089	0.0	0.0426	0	
20200423_223821.907552	1.125	1.1026	-1.0	-1.0088	0.0	0.0418	0	
20200423_223821.918818	1.125	1.1026	-1.0	-1.0088	0.0	0.0409	0	
20200423_223821.923753	1.125	1.1025	-1.0	-1.0088	0.0	0.0405	0	
20200423_223821.932355	1.125	1.1026	-1.0	-1.0088	0.0	0.0407	0	
20200423_223821.940960	1.125	1.1023	-1.0	-1.0088	0.0	0.0469	0	
20200423_223821.949512	1.125	1.1024	-1.0	-1.0088	0.0	0.0463	0	
20200423_223821.957760	1.125	1.1024	-1.0	-1.0089	0.0	0.0466	0	
20200423_223821.965615	1.125	1.1024	-1.0	-1.0089	0.0	0.0467	0	
20200423_223821.974247	1.125	1.1025	-1.0	-1.0089	0.0	0.0473	0	
20200423_223821.982452	1.125	1.1024	-1.0	-1.0089	0.0	0.0465	0	
20200423_223821.991229	1.125	1.1024	-1.0	-1.0089	0.0	0.046	0	
20200423_223821.999360	1.125	1.1022	-1.0	-1.0088	0.0	0.0444	0	
20200423_223822.007210	1.125	1.1026	-1.0	-1.0088	0.0	0.0404	0	
20200423_223822.016060	1.125	1.1026	-1.0	-1.0088	0.0	0.041	0	
20200423_223822.024621	1.125	1.1026	-1.0	-1.0089	0.0	0.0418	0	
20200423_223822.033365	1.125	1.1028	-1.0	-1.0089	0.0	0.0422	0	
20200423_223822.041475	1.125	1.1028	-1.0	-1.0089	0.0	0.0431	0	
20200423_223822.049190	1.125	1.1028	-1.0	-1.0089	0.0	0.0431	0	
20200423_223822.058397	1.125	1.1024	-1.0	-1.009	0.0	0.0488	0	
20200423_223822.065895	1.125	1.1024	-1.0	-1.0089	0.0	0.0465	0	
20200423_223822.073945	1.125	1.1023	-1.0	-1.0088	0.0	0.0453	0	
20200423_223822.082413	1.125	1.1022	-1.0	-1.0088	0.0	0.0458	0	
20200423_223822.090673	1.125	1.1026	-1.0	-1.0089	0.0	0.0409	0	
20200423_223822.098784	1.125	1.1026	-1.0	-1.0089	0.0	0.0419	0	
20200423_223822.107882	1.125	1.1027	-1.0	-1.0089	0.0	0.0424	0	
20200423_223822.116016	1.125	1.1027	-1.0	-1.0089	0.0	0.0422	0	
20200423_223822.124125	1.125	1.1028	-1.0	-1.009	0.0	0.0428	0	
20200423_223822.132696	1.125	1.1027	-1.0	-1.0089	0.0	0.0428	0	
20200423_223822.141160	1.125	1.1024	-1.0	-1.0089	0.0	0.048	0	
20200423_223822.149486	1.125	1.1023	-1.0	-1.0088	0.0	0.046	0	
20200423_223822.157596	1.125	1.1023	-1.0	-1.0088	0.0	0.0459	0	
20200423_223822.165659	1.125	1.1023	-1.0	-1.0088	0.0	0.045	0	
20200423_223822.174474	1.125	1.1024	-1.0	-1.0089	0.0	0.0467	0	
20200423_223822.182246	1.125	1.1024	-1.0	-1.0089	0.0	0.0465	0	
20200423_223822.190622	1.125	1.1024	-1.0	-1.0089	0.0	0.0468	0	
20200423_223822.198994	1.125	1.1023	-1.0	-1.0089	0.0	0.046	0	
20200423_223822.207878	1.125	1.1027	-1.0	-1.009	0.0	0.0427	0	
20200423_223822.215764	1.125	1.1027	-1.0	-1.0089	0.0	0.0428	0	
20200423_223822.224215	1.125	1.1026	-1.0	-1.0089	0.0	0.0421	0	
20200423_223822.232284	1.125	1.1026	-1.0	-1.0088	0.0	0.0411	0	
20200423_223822.240772	1.125	1.1025	-1.0	-1.0088	0.0	0.0412	0	
20200423_223822.249033	1.125	1.1026	-1.0	-1.0088	0.0	0.0411	0	
20200423_223822.259140	1.125	1.1027	-1.0	-1.0089	0.0	0.0419	0	
20200423_223822.265430	1.125	1.1025	-1.0	-1.0089	0.0	0.0467	0	
20200423_223822.274098	1.125	1.1024	-1.0	-1.0089	0.0	0.0463	0	
20200423_223822.285013	1.125	1.1022	-1.0	-1.0088	0.0	0.0467	0	
20200423_223822.291132	1.125	1.1027	-1.0	-1.0089	0.0	0.0428	0	
20200423_223822.299030	1.125	1.1026	-1.0	-1.0089	0.0	0.0424	0	
20200423_223822.307523	1.125	1.1026	-1.0	-1.0089	0.0	0.0422	0	
20200423_223822.315795	1.125	1.1026	-1.0	-1.0088	0.0	0.0417	0	
20200423_223822.324199	1.125	1.1026	-1.0	-1.0088	0.0	0.0417	0	
20200423_223822.332644	1.125	1.1026	-1.0	-1.0088	0.0	0.0416	0	
20200423_223822.340345	1.125	1.1023	-1.0	-1.0089	0.0	0.0481	0	
20200423_223822.348861	1.125	1.1024	-1.0	-1.0089	0.0	0.0468	0	
20200423_223822.358088	1.125	1.1024	-1.0	-1.0089	0.0	0.047	0	
20200423_223822.365773	1.125	1.1024	-1.0	-1.0088	0.0	0.0461	0	
20200423_223822.374306	1.125	1.1024	-1.0	-1.0089	0.0	0.0479	0	
20200423_223822.382949	1.125	1.1024	-1.0	-1.0089	0.0	0.0471	0	
20200423_223822.390712	1.125	1.1023	-1.0	-1.0088	0.0	0.0464	0	
20200423_223822.399035	1.125	1.1022	-1.0	-1.0088	0.0	0.0452	0	
20200423_223822.408053	1.125	1.1026	-1.0	-1.0088	0.0	0.0417	0	
20200423_223822.416521	1.125	1.1026	-1.0	-1.0089	0.0	0.042	0	
20200423_223822.423894	1.125	1.1026	-1.0	-1.0089	0.0	0.0427	0	
20200423_223822.433020	1.125	1.1027	-1.0	-1.0089	0.0	0.043	0	
20200423_223822.442803	1.125	1.1027	-1.0	-1.0089	0.0	0.0431	0	
20200423_223822.449815	1.125	1.1028	-1.0	-1.0089	0.0	0.0434	0	
20200423_223822.458600	1.125	1.1026	-1.0	-1.0089	0.0	0.0427	0	
20200423_223822.466142	1.125	1.1023	-1.0	-1.0089	0.0	0.0466	0	
20200423_223822.474411	1.125	1.1023	-1.0	-1.0088	0.0	0.0456	0	
20200423_223822.483469	1.125	1.1021	-1.0	-1.0088	0.0	0.0457	0	
20200423_223822.490781	1.125	1.1025	-1.0	-1.0088	0.0	0.0418	0	
20200423_223822.499061	1.125	1.1026	-1.0	-1.0089	0.0	0.0426	0	
20200423_223822.507568	1.125	1.1027	-1.0	-1.0089	0.0	0.0426	0	
20200423_223822.515902	1.125	1.1027	-1.0	-1.0089	0.0	0.0427	0	
20200423_223822.524957	1.125	1.1027	-1.0	-1.0089	0.0	0.0429	0	
20200423_223822.532736	1.125	1.1027	-1.0	-1.0089	0.0	0.0432	0	
20200423_223822.540852	1.125	1.1023	-1.0	-1.0089	0.0	0.0485	0	
20200423_223822.549444	1.125	1.1023	-1.0	-1.0088	0.0	0.0462	0	
20200423_223822.557876	1.125	1.1023	-1.0	-1.0088	0.0	0.0459	0	
20200423_223822.565625	1.125	1.1022	-1.0	-1.0088	0.0	0.0452	0	
20200423_223822.573757	1.125	1.1023	-1.0	-1.0089	0.0	0.0473	0	
20200423_223822.582307	1.125	1.1023	-1.0	-1.0089	0.0	0.0466	0	
20200423_223822.590458	1.125	1.1024	-1.0	-1.0089	0.0	0.0468	0	
20200423_223822.598473	1.125	1.1023	-1.0	-1.0089	0.0	0.0461	0	
20200423_223822.606898	1.125	1.1027	-1.0	-1.009	0.0	0.0426	0	
20200423_223822.615280	1.125	1.1027	-1.0	-1.009	0.0	0.0429	0	
20200423_223822.624186	1.125	1.1026	-1.0	-1.0089	0.0	0.0423	0	
20200423_223822.632277	1.125	1.1026	-1.0	-1.0089	0.0	0.0416	0	
20200423_223822.640414	1.125	1.1026	-1.0	-1.0088	0.0	0.0413	0	
20200423_223822.649035	1.125	1.1026	-1.0	-1.0088	0.0	0.0416	0	
20200423_223822.657683	1.125	1.1026	-1.0	-1.0089	0.0	0.0417	0	
20200423_223822.665706	1.125	1.1024	-1.0	-1.009	0.0	0.0469	0	
20200423_223822.674243	1.125	1.1024	-1.0	-1.0089	0.0	0.0464	0	
20200423_223822.682508	1.125	1.1022	-1.0	-1.0089	0.0	0.0464	0	
20200423_223822.690572	1.125	1.1027	-1.0	-1.009	0.0	0.0425	0	
20200423_223822.699395	1.125	1.1026	-1.0	-1.009	0.0	0.0424	0	
20200423_223822.707068	1.125	1.1026	-1.0	-1.009	0.0	0.0423	0	
20200423_223822.715969	1.125	1.1026	-1.0	-1.0089	0.0	0.0414	0	
20200423_223822.724068	1.125	1.1026	-1.0	-1.0089	0.0	0.0414	0	
20200423_223822.732296	1.125	1.1026	-1.0	-1.0089	0.0	0.0416	0	
20200423_223822.740698	1.125	1.1026	-1.0	-1.0089	0.0	0.0415	0	
20200423_223822.748796	1.125	1.1023	-1.0	-1.0089	0.0	0.0462	0	
20200423_223822.758843	1.125	1.1023	-1.0	-1.0089	0.0	0.0467	0	
20200423_223822.766079	1.125	1.1023	-1.0	-1.0089	0.0	0.0464	0	
20200423_223822.774356	1.125	1.1024	-1.0	-1.0089	0.0	0.0485	0	
20200423_223822.782784	1.125	1.1023	-1.0	-1.0089	0.0	0.0472	0	
20200423_223822.790443	1.125	1.1023	-1.0	-1.0089	0.0	0.0467	0	
20200423_223822.799429	1.125	1.1023	-1.0	-1.0089	0.0	0.0453	0	
20200423_223822.807399	1.125	1.1026	-1.0	-1.0089	0.0	0.0415	0	
20200423_223822.816175	1.125	1.1025	-1.0	-1.0089	0.0	0.0414	0	
20200423_223822.824715	1.125	1.1026	-1.0	-1.0089	0.0	0.0419	0	
20200423_223822.833022	1.125	1.1026	-1.0	-1.0089	0.0	0.0423	0	
20200423_223822.840808	1.125	1.1027	-1.0	-1.0089	0.0	0.042	0	
20200423_223822.849322	1.125	1.1027	-1.0	-1.0089	0.0	0.0428	0	
20200423_223822.857674	1.125	1.1026	-1.0	-1.0089	0.0	0.0429	0	
20200423_223822.865348	1.125	1.1023	-1.0	-1.0089	0.0	0.0468	0	
20200423_223822.874051	1.125	1.1023	-1.0	-1.0089	0.0	0.0457	0	
20200423_223822.882806	1.125	1.1021	-1.0	-1.0088	0.0	0.0454	0	
20200423_223822.891038	1.125	1.1025	-1.0	-1.0089	0.0	0.0417	0	
20200423_223822.899526	1.125	1.1026	-1.0	-1.0089	0.0	0.0422	0	
20200423_223822.907221	1.125	1.1026	-1.0	-1.0089	0.0	0.0426	0	
20200423_223822.915730	1.125	1.1026	-1.0	-1.0089	0.0	0.0424	0	
20200423_223822.923850	1.125	1.1026	-1.0	-1.0089	0.0	0.0426	0	
20200423_223822.932828	1.125	1.1026	-1.0	-1.0089	0.0	0.0426	0	
20200423_223822.940715	1.125	1.1026	-1.0	-1.0089	0.0	0.0424	0	
20200423_223822.951100	1.125	1.1022	-1.0	-1.0088	0.0	0.0463	0	
20200423_223822.958984	1.125	1.1022	-1.0	-1.0088	0.0	0.046	0	
20200423_223822.965419	1.125	1.1022	-1.0	-1.0088	0.0	0.046	0	
20200423_223822.973807	1.125	1.1023	-1.0	-1.0089	0.0	0.048	0	
20200423_223822.982971	1.125	1.1023	-1.0	-1.0089	0.0	0.0471	0	
20200423_223822.990520	1.125	1.1023	-1.0	-1.0089	0.0	0.0471	0	
20200423_223822.998982	1.125	1.1023	-1.0	-1.0089	0.0	0.0464	0	
20200423_223823.007697	1.125	1.1027	-1.0	-1.0089	0.0	0.0429	0	
20200423_223823.015812	1.125	1.1028	-1.0	-1.009	0.0	0.0434	0	
20200423_223823.023895	1.125	1.1025	-1.0	-1.0089	0.0	0.042	0	
20200423_223823.032610	1.125	1.1025	-1.0	-1.0089	0.0	0.0415	0	
20200423_223823.040524	1.125	1.1026	-1.0	-1.0088	0.0	0.0415	0	
20200423_223823.049110	1.125	1.1026	-1.0	-1.0088	0.0	0.0418	0	
20200423_223823.057534	1.125	1.1026	-1.0	-1.0089	0.0	0.0423	0	
20200423_223823.065342	1.125	1.1024	-1.0	-1.009	0.0	0.0474	0	
20200423_223823.074233	1.125	1.1023	-1.0	-1.0089	0.0	0.0465	0	
20200423_223823.082435	1.125	1.1022	-1.0	-1.0089	0.0	0.0459	0	
20200423_223823.090910	1.125	1.1026	-1.0	-1.009	0.0	0.0423	0	
20200423_223823.098965	1.125	1.1026	-1.0	-1.0089	0.0	0.0424	0	
20200423_223823.107133	1.125	1.1026	-1.0	-1.0089	0.0	0.0418	0	
20200423_223823.116258	1.125	1.1026	-1.0	-1.0089	0.0	0.0417	0	
20200423_223823.128535	1.125	1.1026	-1.0	-1.0089	0.0	0.0418	0	
20200423_223823.133092	1.125	1.1026	-1.0	-1.0089	0.0	0.0417	0	
20200423_223823.140531	1.125	1.1026	-1.0	-1.0089	0.0	0.0421	0	
20200423_223823.149327	1.125	1.1016	-1.0	-1.0086	0.0	0.0704	0	
20200423_223823.158291	1.125	1.1016	-1.0	-1.0086	0.0	0.0706	0	
20200423_223823.165748	1.125	1.1016	-1.0	-1.0086	0.0	0.0703	0	
20200423_223823.174187	1.125	1.1016	-1.0	-1.0086	0.0	0.0709	0	
20200423_223823.183326	1.125	1.1015	-1.0	-1.0086	0.0	0.071	0	
20200423_223823.190481	1.125	1.1015	-1.0	-1.0086	0.0	0.0702	0	
20200423_223823.199018	1.125	1.1015	-1.0	-1.0086	0.0	0.0704	0	
20200423_223823.207206	1.125	1.1016	-1.0	-1.0086	0.0	0.0709	0	
20200423_223823.216453	1.125	1.1016	-1.0	-1.0086	0.0	0.0709	0	
20200423_223823.224460	1.125	1.1016	-1.0	-1.0086	0.0	0.0712	0	
20200423_223823.232714	1.125	1.1016	-1.0	-1.0086	0.0	0.0718	0	
20200423_223823.240114	1.125	1.1017	-1.0	-1.0086	0.0	0.0709	0	
20200423_223823.252167	1.125	1.1016	-1.0	-1.0086	0.0	0.0718	0	
20200423_223823.257186	1.125	1.1016	-1.0	-1.0086	0.0	0.0712	0	
20200423_223823.265596	1.125	1.1016	-1.0	-1.0086	0.0	0.0718	0	
20200423_223823.274218	1.125	1.1001	-1.0	-1.0093	0.0	0.1131	0	
20200423_223823.282487	1.125	1.1001	-1.0	-1.0093	0.0	0.1127	0	
20200423_223823.290625	1.125	1.1001	-1.0	-1.0093	0.0	0.1127	0	
20200423_223823.298645	1.125	1.1001	-1.0	-1.0092	0.0	0.1122	0	
20200423_223823.306730	1.125	1.1001	-1.0	-1.0092	0.0	0.1124	0	
20200423_223823.315775	1.125	1.1001	-1.0	-1.0092	0.0	0.1135	0	
20200423_223823.323584	1.125	1.1	-1.0	-1.0092	0.0	0.1113	0	
20200423_223823.332003	1.125	1.1	-1.0	-1.0091	0.0	0.1109	0	
20200423_223823.340530	1.125	1.1	-1.0	-1.0092	0.0	0.1127	0	
20200423_223823.349204	1.125	1.1001	-1.0	-1.0092	0.0	0.113	0	
20200423_223823.358179	1.125	1.1014	-1.0	-1.0086	0.0	0.0715	0	
20200423_223823.366074	1.125	1.1015	-1.0	-1.0085	0.0	0.0712	0	
20200423_223823.374463	1.125	1.1015	-1.0	-1.0086	0.0	0.0712	0	
20200423_223823.382662	1.125	1.1015	-1.0	-1.0086	0.0	0.0715	0	
20200423_223823.390344	1.125	1.1015	-1.0	-1.0086	0.0	0.0713	0	
20200423_223823.399089	1.125	1.1014	-1.0	-1.0086	0.0	0.0721	0	
20200423_223823.407297	1.125	1.1015	-1.0	-1.0086	0.0	0.0727	0	
20200423_223823.415939	1.125	1.1015	-1.0	-1.0086	0.0	0.0729	0	
20200423_223823.423936	1.125	1.1014	-1.0	-1.0086	0.0	0.074	0	
20200423_223823.432607	1.125	1.1015	-1.0	-1.0086	0.0	0.0724	0	
20200423_223823.440907	1.125	1.1016	-1.0	-1.0085	0.0	0.0716	0	
20200423_223823.449369	1.125	1.1016	-1.0	-1.0085	0.0	0.0715	0	
20200423_223823.458641	1.125	1.1016	-1.0	-1.0085	0.0	0.0712	0	
20200423_223823.465542	1.125	1.1015	-1.0	-1.0086	0.0	0.0716	0	
20200423_223823.474611	1.125	1.1015	-1.0	-1.0086	0.0	0.0721	0	
20200423_223823.482686	1.125	1.1013	-1.0	-1.0085	0.0	0.072	0	
20200423_223823.490709	1.125	1.1014	-1.0	-1.0086	0.0	0.0739	0	
20200423_223823.499183	1.125	1.1015	-1.0	-1.0086	0.0	0.0733	0	
20200423_223823.507098	1.125	1.1015	-1.0	-1.0086	0.0	0.0723	0	
20200423_223823.516290	1.125	1.1015	-1.0	-1.0086	0.0	0.0726	0	
20200423_223823.524462	1.125	1.1015	-1.0	-1.0086	0.0	0.0727	0	
20200423_223823.532208	1.125	1.1015	-1.0	-1.0085	0.0	0.0725	0	
20200423_223823.541015	1.125	1.1015	-1.0	-1.0086	0.0	0.0722	0	
20200423_223823.549484	1.125	1.1014	-1.0	-1.0085	0.0	0.0726	0	
20200423_223823.558356	1.125	1.1014	-1.0	-1.0085	0.0	0.0727	0	
20200423_223823.565584	1.125	1.1014	-1.0	-1.0085	0.0	0.0721	0	
20200423_223823.573604	1.125	1.1014	-1.0	-1.0086	0.0	0.0728	0	
20200423_223823.582467	1.125	1.1014	-1.0	-1.0086	0.0	0.073	0	
20200423_223823.590473	1.125	1.1013	-1.0	-1.0086	0.0	0.0734	0	
20200423_223823.598691	1.125	1.1013	-1.0	-1.0086	0.0	0.0741	0	
20200423_223823.607075	1.125	1.1013	-1.0	-1.0086	0.0	0.0745	0	
20200423_223823.615633	1.125	1.1014	-1.0	-1.0086	0.0	0.0739	0	
20200423_223823.624485	1.125	1.1015	-1.0	-1.0085	0.0	0.0725	0	
20200423_223823.632366	1.125	1.1015	-1.0	-1.0086	0.0	0.0721	0	
20200423_223823.640243	1.125	1.1015	-1.0	-1.0085	0.0	0.0728	0	
20200423_223823.648775	1.125	1.1015	-1.0	-1.0085	0.0	0.0735	0	
20200423_223823.657491	1.125	1.1015	-1.0	-1.0086	0.0	0.0727	0	
20200423_223823.665561	1.125	1.1014	-1.0	-1.0086	0.0	0.0732	0	
20200423_223823.673799	1.125	1.1014	-1.0	-1.0086	0.0	0.0731	0	
20200423_223823.682647	1.125	1.1013	-1.0	-1.0085	0.0	0.0716	0	
20200423_223823.690684	1.125	1.1014	-1.0	-1.0086	0.0	0.0736	0	
20200423_223823.698773	1.125	1.1013	-1.0	-1.0085	0.0	0.0724	0	
20200423_223823.707231	1.125	1.1013	-1.0	-1.0086	0.0	0.074	0	
20200423_223823.718442	1.125	1.1014	-1.0	-1.0086	0.0	0.0738	0	
20200423_223823.723917	1.125	1.1015	-1.0	-1.0086	0.0	0.0733	0	
20200423_223823.732934	1.125	1.1015	-1.0	-1.0086	0.0	0.0731	0	
20200423_223823.740299	1.125	1.1015	-1.0	-1.0086	0.0	0.073	0	
20200423_223823.748927	1.125	1.1014	-1.0	-1.0086	0.0	0.0723	0	
20200423_223823.757675	1.125	1.1014	-1.0	-1.0086	0.0	0.0724	0	
20200423_223823.766681	1.125	1.1014	-1.0	-1.0086	0.0	0.0723	0	
20200423_223823.774295	1.125	1.1013	-1.0	-1.0086	0.0	0.0728	0	
20200423_223823.782143	1.125	1.1013	-1.0	-1.0086	0.0	0.0732	0	
20200423_223823.790535	1.125	1.1014	-1.0	-1.0086	0.0	0.0724	0	
20200423_223823.799087	1.125	1.1014	-1.0	-1.0086	0.0	0.0734	0	
20200423_223823.807225	1.125	1.1013	-1.0	-1.0086	0.0	0.0728	0	
20200423_223823.815637	1.125	1.1016	-1.0	-1.0086	0.0	0.0728	0	
20200423_223823.824304	1.125	1.1016	-1.0	-1.0086	0.0	0.072	0	
20200423_223823.832162	1.125	1.1016	-1.0	-1.0086	0.0	0.0711	0	
20200423_223823.840713	1.125	1.1016	-1.0	-1.0086	0.0	0.0707	0	
20200423_223823.850049	1.125	1.1016	-1.0	-1.0085	0.0	0.0703	0	
20200423_223823.858260	1.125	1.1016	-1.0	-1.0085	0.0	0.0711	0	
20200423_223823.865543	1.125	1.1015	-1.0	-1.0086	0.0	0.071	0	
20200423_223823.873677	1.125	1.1015	-1.0	-1.0086	0.0	0.0707	0	
20200423_223823.882581	1.125	1.1015	-1.0	-1.0086	0.0	0.0707	0	
20200423_223823.891034	1.125	1.1015	-1.0	-1.0086	0.0	0.073	0	
20200423_223823.898700	1.125	1.1015	-1.0	-1.0086	0.0	0.0731	0	
20200423_223823.907222	1.125	1.1015	-1.0	-1.0086	0.0	0.0731	0	
20200423_223823.918115	1.125	1.1015	-1.0	-1.0086	0.0	0.0732	0	
20200423_223823.924077	1.125	1.1015	-1.0	-1.0086	0.0	0.0723	0	
20200423_223823.932687	1.125	1.1015	-1.0	-1.0086	0.0	0.0724	0	
20200423_223823.940732	1.125	1.1015	-1.0	-1.0086	0.0	0.0723	0	
20200423_223823.949991	1.125	1.1014	-1.0	-1.0086	0.0	0.0718	0	
20200423_223823.957647	1.125	1.1014	-1.0	-1.0085	0.0	0.0718	0	
20200423_223823.965452	1.125	1.1014	-1.0	-1.0086	0.0	0.0725	0	
20200423_223823.974071	1.125	1.1013	-1.0	-1.0086	0.0	0.0726	0	
20200423_223823.983988	1.125	1.1014	-1.0	-1.0085	0.0	0.0719	0	
20200423_223823.990300	1.125	1.1014	-1.0	-1.0085	0.0	0.0723	0	
20200423_223823.998589	1.125	1.1014	-1.0	-1.0085	0.0	0.072	0	
20200423_223824.006997	1.125	1.1014	-1.0	-1.0085	0.0	0.0708	0	
20200423_223824.015674	1.125	1.1014	-1.0	-1.0086	0.0	0.0728	0	
20200423_223824.023791	1.125	1.1015	-1.0	-1.0086	0.0	0.0724	0	
20200423_223824.032745	1.125	1.1016	-1.0	-1.0086	0.0	0.0742	0	
20200423_223824.040761	1.125	1.1015	-1.0	-1.0086	0.0	0.0734	0	
20200423_223824.050563	1.125	1.1016	-1.0	-1.0086	0.0	0.0739	0	
20200423_223824.057662	1.125	1.1015	-1.0	-1.0085	0.0	0.0725	0	
20200423_223824.065977	1.125	1.1014	-1.0	-1.0086	0.0	0.0724	0	
20200423_223824.074337	1.125	1.1014	-1.0	-1.0086	0.0	0.0715	0	
20200423_223824.082641	1.125	1.1014	-1.0	-1.0085	0.0	0.0718	0	
20200423_223824.090675	1.125	1.1015	-1.0	-1.0086	0.0	0.0729	0	
20200423_223824.098846	1.125	1.1015	-1.0	-1.0085	0.0	0.0722	0	
20200423_223824.107339	1.125	1.1015	-1.0	-1.0085	0.0	0.0722	0	
20200423_223824.116624	1.125	1.1015	-1.0	-1.0086	0.0	0.0728	0	
20200423_223824.124018	1.125	1.1015	-1.0	-1.0085	0.0	0.0719	0	
20200423_223824.132251	1.125	1.1015	-1.0	-1.0085	0.0	0.0724	0	
20200423_223824.140634	1.125	1.1015	-1.0	-1.0085	0.0	0.0721	0	
20200423_223824.149485	1.125	1.1015	-1.0	-1.0085	0.0	0.0714	0	
20200423_223824.157434	1.125	1.1014	-1.0	-1.0085	0.0	0.0722	0	
20200423_223824.166461	1.125	1.1014	-1.0	-1.0085	0.0	0.0718	0	
20200423_223824.174469	1.125	1.1014	-1.0	-1.0085	0.0	0.0716	0	
20200423_223824.184180	1.125	1.1015	-1.0	-1.0086	0.0	0.0716	0	
20200423_223824.191575	1.125	1.1015	-1.0	-1.0086	0.0	0.0715	0	
20200423_223824.199579	1.125	1.1015	-1.0	-1.0086	0.0	0.0717	0	
20200423_223824.207122	1.125	1.1015	-1.0	-1.0086	0.0	0.0709	0	
20200423_223824.216168	1.125	1.1015	-1.0	-1.0086	0.0	0.0725	0	
20200423_223824.223874	1.125	1.1015	-1.0	-1.0086	0.0	0.0715	0	
20200423_223824.232547	1.125	1.1015	-1.0	-1.0085	0.0	0.0733	0	
20200423_223824.240714	1.125	1.1015	-1.0	-1.0086	0.0	0.0716	0	
20200423_223824.250290	1.125	1.1016	-1.0	-1.0085	0.0	0.0713	0	
20200423_223824.257453	1.125	1.1016	-1.0	-1.0085	0.0	0.0713	0	
20200423_223824.265813	1.125	1.1014	-1.0	-1.0086	0.0	0.0724	0	
20200423_223824.274200	1.125	1.1014	-1.0	-1.0086	0.0	0.0725	0	
20200423_223824.283375	1.125	1.1014	-1.0	-1.0086	0.0	0.0714	0	
20200423_223824.290888	1.125	1.1015	-1.0	-1.0086	0.0	0.0719	0	
20200423_223824.299187	1.125	1.1015	-1.0	-1.0086	0.0	0.0717	0	
20200423_223824.308735	1.125	1.1014	-1.0	-1.0086	0.0	0.073	0	
20200423_223824.318189	1.125	1.1015	-1.0	-1.0086	0.0	0.0722	0	
20200423_223824.324033	1.125	1.1015	-1.0	-1.0086	0.0	0.0725	0	
20200423_223824.332970	1.125	1.1015	-1.0	-1.0086	0.0	0.0721	0	
20200423_223824.340672	1.125	1.1015	-1.0	-1.0085	0.0	0.072	0	
20200423_223824.349270	1.125	1.1014	-1.0	-1.0085	0.0	0.072	0	
20200423_223824.357405	1.125	1.1014	-1.0	-1.0085	0.0	0.0714	0	
20200423_223824.365761	1.125	1.1014	-1.0	-1.0085	0.0	0.0718	0	
20200423_223824.373937	1.125	1.1014	-1.0	-1.0085	0.0	0.0711	0	
20200423_223824.383629	1.125	1.1014	-1.0	-1.0085	0.0	0.0718	0	
20200423_223824.390872	1.125	1.1014	-1.0	-1.0085	0.0	0.0723	0	
20200423_223824.398811	1.125	1.1014	-1.0	-1.0086	0.0	0.0727	0	
20200423_223824.408157	1.125	1.1014	-1.0	-1.0085	0.0	0.0708	0	
20200423_223824.418256	1.125	1.1015	-1.0	-1.0086	0.0	0.0726	0	
20200423_223824.424560	1.125	1.1015	-1.0	-1.0085	0.0	0.0719	0	
20200423_223824.432705	1.125	1.1015	-1.0	-1.0085	0.0	0.0715	0	
20200423_223824.440386	1.125	1.1016	-1.0	-1.0085	0.0	0.0711	0	
20200423_223824.451745	1.125	1.1016	-1.0	-1.0085	0.0	0.0709	0	
20200423_223824.457089	1.125	1.1016	-1.0	-1.0085	0.0	0.0701	0	
20200423_223824.465629	1.125	1.1015	-1.0	-1.0086	0.0	0.071	0	
20200423_223824.473804	1.125	1.1016	-1.0	-1.0086	0.0	0.0708	0	
20200423_223824.482556	1.125	1.1015	-1.0	-1.0086	0.0	0.0705	0	
20200423_223824.490576	1.125	1.1014	-1.0	-1.0085	0.0	0.0703	0	
20200423_223824.499089	1.125	1.1014	-1.0	-1.0086	0.0	0.0718	0	
20200423_223824.507747	1.125	1.1014	-1.0	-1.0085	0.0	0.0718	0	
20200423_223824.516769	1.125	1.1014	-1.0	-1.0085	0.0	0.0716	0	
20200423_223824.524291	1.125	1.1015	-1.0	-1.0085	0.0	0.0707	0	
20200423_223824.532516	1.125	1.1016	-1.0	-1.0085	0.0	0.0703	0	
20200423_223824.540396	1.125	1.1017	-1.0	-1.0085	0.0	0.0702	0	
20200423_223824.548935	1.125	1.1017	-1.0	-1.0086	0.0	0.0691	0	
20200423_223824.558077	1.125	1.1017	-1.0	-1.0085	0.0	0.069	0	
20200423_223824.573000	1.125	1.1017	-1.0	-1.0085	0.0	0.0689	0	
20200423_223824.573656	1.125	1.1016	-1.0	-1.0085	0.0	0.069	0	
20200423_223824.582894	1.125	1.1015	-1.0	-1.0085	0.0	0.0699	0	
20200423_223824.590438	1.125	1.1014	-1.0	-1.0085	0.0	0.0708	0	
20200423_223824.598469	1.125	1.1014	-1.0	-1.0085	0.0	0.0711	0	
20200423_223824.606892	1.125	1.1014	-1.0	-1.0085	0.0	0.071	0	
20200423_223824.615422	1.125	1.1014	-1.0	-1.0086	0.0	0.0742	0	
20200423_223824.623690	1.125	1.1014	-1.0	-1.0086	0.0	0.0752	0	
20200423_223824.632033	1.125	1.1015	-1.0	-1.0086	0.0	0.0742	0	
20200423_223824.640458	1.125	1.1015	-1.0	-1.0086	0.0	0.0731	0	
20200423_223824.649297	1.125	1.1015	-1.0	-1.0085	0.0	0.0723	0	
20200423_223824.658029	1.125	1.1014	-1.0	-1.0085	0.0	0.072	0	
20200423_223824.666022	1.125	1.1013	-1.0	-1.0086	0.0	0.0728	0	
20200423_223824.673837	1.125	1.1014	-1.0	-1.0086	0.0	0.0724	0	
20200423_223824.683286	1.125	1.1014	-1.0	-1.0086	0.0	0.0721	0	
20200423_223824.691062	1.125	1.1013	-1.0	-1.0085	0.0	0.0722	0	
20200423_223824.699454	1.125	1.1015	-1.0	-1.0086	0.0	0.0733	0	
20200423_223824.707306	1.125	1.1014	-1.0	-1.0086	0.0	0.0745	0	
20200423_223824.716122	1.125	1.1014	-1.0	-1.0086	0.0	0.0738	0	
20200423_223824.724243	1.125	1.1015	-1.0	-1.0086	0.0	0.0728	0	
20200423_223824.732446	1.125	1.1014	-1.0	-1.0085	0.0	0.0729	0	
20200423_223824.740680	1.125	1.1014	-1.0	-1.0085	0.0	0.072	0	
20200423_223824.749748	1.125	1.1013	-1.0	-1.0085	0.0	0.073	0	
20200423_223824.757434	1.125	1.1014	-1.0	-1.0086	0.0	0.0714	0	
20200423_223824.765473	1.125	1.1014	-1.0	-1.0086	0.0	0.072	0	
20200423_223824.773832	1.125	1.1014	-1.0	-1.0085	0.0	0.0715	0	
20200423_223824.782298	1.125	1.1014	-1.0	-1.0086	0.0	0.0731	0	
20200423_223824.790642	1.125	1.1015	-1.0	-1.0086	0.0	0.0721	0	
20200423_223824.799576	1.125	1.1015	-1.0	-1.0086	0.0	0.0712	0	
20200423_223824.807534	1.125	1.1014	-1.0	-1.0085	0.0	0.0702	0	
20200423_223824.816115	1.125	1.1014	-1.0	-1.0085	0.0	0.072	0	
20200423_223824.824530	1.125	1.1014	-1.0	-1.0086	0.0	0.0716	0	
20200423_223824.832112	1.125	1.1015	-1.0	-1.0086	0.0	0.0717	0	
20200423_223824.841197	1.125	1.1014	-1.0	-1.0085	0.0	0.073	0	
20200423_223824.849354	1.125	1.1014	-1.0	-1.0085	0.0	0.0738	0	
20200423_223824.858244	1.125	1.1015	-1.0	-1.0085	0.0	0.0731	0	
20200423_223824.865779	1.125	1.1014	-1.0	-1.0086	0.0	0.0735	0	
20200423_223824.874071	1.125	1.1014	-1.0	-1.0086	0.0	0.073	0	
20200423_223824.883306	1.125	1.1013	-1.0	-1.0086	0.0	0.0724	0	
20200423_223824.891278	1.125	1.1013	-1.0	-1.0085	0.0	0.0709	0	
20200423_223824.899748	1.125	1.1015	-1.0	-1.0085	0.0	0.0706	0	
20200423_223824.907367	1.125	1.1014	-1.0	-1.0085	0.0	0.0713	0	
20200423_223824.916393	1.125	1.1015	-1.0	-1.0085	0.0	0.0719	0	
20200423_223824.924472	1.125	1.1015	-1.0	-1.0086	0.0	0.0727	0	
20200423_223824.932291	1.125	1.1015	-1.0	-1.0086	0.0	0.0729	0	
20200423_223824.940553	1.125	1.1015	-1.0	-1.0086	0.0	0.0742	0	
20200423_223824.948970	1.125	1.1014	-1.0	-1.0086	0.0	0.0734	0	
20200423_223824.957307	1.125	1.1014	-1.0	-1.0086	0.0	0.0721	0	
20200423_223824.966493	1.125	1.1013	-1.0	-1.0085	0.0	0.0718	0	
20200423_223824.973728	1.125	1.1014	-1.0	-1.0085	0.0	0.0706	0	
20200423_223824.982797	1.125	1.1014	-1.0	-1.0085	0.0	0.0719	0	
20200423_223824.990626	1.125	1.1014	-1.0	-1.0086	0.0	0.0717	0	
20200423_223824.999330	1.125	1.1014	-1.0	-1.0086	0.0	0.071	0	
20200423_223825.008011	1.125	1.1014	-1.0	-1.0085	0.0	0.0719	0	
20200423_223825.015564	1.125	1.1015	-1.0	-1.0086	0.0	0.0726	0	
20200423_223825.024869	1.125	1.1015	-1.0	-1.0086	0.0	0.0719	0	
20200423_223825.033134	1.125	1.1015	-1.0	-1.0086	0.0	0.0718	0	
20200423_223825.040671	1.125	1.1014	-1.0	-1.0086	0.0	0.0733	0	
20200423_223825.050820	1.125	1.1014	-1.0	-1.0085	0.0	0.0723	0	
20200423_223825.057754	1.125	1.1015	-1.0	-1.0086	0.0	0.0742	0	
20200423_223825.065605	1.125	1.1014	-1.0	-1.0086	0.0	0.074	0	
20200423_223825.074091	1.125	1.1013	-1.0	-1.0086	0.0	0.0737	0	
20200423_223825.082781	1.125	1.1013	-1.0	-1.0086	0.0	0.0732	0	
20200423_223825.090569	1.125	1.1013	-1.0	-1.0086	0.0	0.0728	0	
20200423_223825.098903	1.125	1.1014	-1.0	-1.0086	0.0	0.0754	0	
20200423_223825.107475	1.125	1.1014	-1.0	-1.0086	0.0	0.0744	0	
20200423_223825.116651	1.125	1.1014	-1.0	-1.0086	0.0	0.0736	0	
20200423_223825.124095	1.125	1.1014	-1.0	-1.0086	0.0	0.0731	0	
20200423_223825.132181	1.125	1.1014	-1.0	-1.0085	0.0	0.0728	0	
20200423_223825.141038	1.125	1.1014	-1.0	-1.0085	0.0	0.073	0	
20200423_223825.149257	1.125	1.1014	-1.0	-1.0086	0.0	0.0733	0	
20200423_223825.157425	1.125	1.1014	-1.0	-1.0086	0.0	0.0733	0	
20200423_223825.165914	1.125	1.1014	-1.0	-1.0086	0.0	0.0734	0	
20200423_223825.174268	1.125	1.1014	-1.0	-1.0086	0.0	0.0721	0	
20200423_223825.184201	1.125	1.1014	-1.0	-1.0086	0.0	0.0729	0	
20200423_223825.190786	1.125	1.1014	-1.0	-1.0086	0.0	0.0727	0	
20200423_223825.198608	1.125	1.1014	-1.0	-1.0086	0.0	0.0724	0	
20200423_223825.207068	1.125	1.1013	-1.0	-1.0085	0.0	0.0719	0	
20200423_223825.217286	1.125	1.1014	-1.0	-1.0086	0.0	0.0722	0	
20200423_223825.224646	1.125	1.1015	-1.0	-1.0086	0.0	0.0724	0	
20200423_223825.232419	1.125	1.1015	-1.0	-1.0086	0.0	0.0726	0	
20200423_223825.241661	1.125	1.1015	-1.0	-1.0086	0.0	0.0734	0	
20200423_223825.249260	1.125	1.1015	-1.0	-1.0086	0.0	0.0726	0	
20200423_223825.257599	1.125	1.1016	-1.0	-1.0085	0.0	0.0719	0	
20200423_223825.266412	1.125	1.1015	-1.0	-1.0086	0.0	0.0722	0	
20200423_223825.273955	1.125	1.1014	-1.0	-1.0086	0.0	0.073	0	
20200423_223825.282605	1.125	1.1014	-1.0	-1.0086	0.0	0.0722	0	
20200423_223825.291041	1.125	1.1013	-1.0	-1.0085	0.0	0.07	0	
20200423_223825.298777	1.125	1.1014	-1.0	-1.0085	0.0	0.0727	0	
20200423_223825.307645	1.125	1.1014	-1.0	-1.0085	0.0	0.0735	0	
20200423_223825.316999	1.125	1.1015	-1.0	-1.0086	0.0	0.0723	0	
20200423_223825.324171	1.125	1.1014	-1.0	-1.0086	0.0	0.0736	0	
20200423_223825.332445	1.125	1.1014	-1.0	-1.0086	0.0	0.0734	0	
20200423_223825.341568	1.125	1.1014	-1.0	-1.0086	0.0	0.0731	0	
20200423_223825.349542	1.125	1.1015	-1.0	-1.0086	0.0	0.0713	0	
20200423_223825.358014	1.125	1.1014	-1.0	-1.0086	0.0	0.0719	0	
20200423_223825.366388	1.125	1.1015	-1.0	-1.0086	0.0	0.0707	0	
20200423_223825.374588	1.125	1.1015	-1.0	-1.0085	0.0	0.07	0	
20200423_223825.382596	1.125	1.1015	-1.0	-1.0086	0.0	0.0715	0	
20200423_223825.391006	1.125	1.1015	-1.0	-1.0086	0.0	0.0707	0	
20200423_223825.399170	1.125	1.1015	-1.0	-1.0086	0.0	0.0712	0	
20200423_223825.407164	1.125	1.1015	-1.0	-1.0086	0.0	0.0695	0	
20200423_223825.416592	1.125	1.1016	-1.0	-1.0086	0.0	0.0722	0	
20200423_223825.424591	1.125	1.1015	-1.0	-1.0086	0.0	0.0723	0	
20200423_223825.432284	1.125	1.1015	-1.0	-1.0086	0.0	0.0725	0	
20200423_223825.441267	1.125	1.1015	-1.0	-1.0086	0.0	0.0719	0	
20200423_223825.449453	1.125	1.1015	-1.0	-1.0086	0.0	0.0718	0	
20200423_223825.457497	1.125	1.1014	-1.0	-1.0085	0.0	0.0723	0	
20200423_223825.465532	1.125	1.1014	-1.0	-1.0085	0.0	0.0726	0	
20200423_223825.473973	1.125	1.1013	-1.0	-1.0086	0.0	0.0747	0	
20200423_223825.482511	1.125	1.1013	-1.0	-1.0086	0.0	0.0735	0	
20200423_223825.490758	1.125	1.1013	-1.0	-1.0086	0.0	0.0724	0	
20200423_223825.498845	1.125	1.1014	-1.0	-1.0086	0.0	0.0734	0	
20200423_223825.508066	1.125	1.1014	-1.0	-1.0086	0.0	0.0733	0	
20200423_223825.516413	1.125	1.1014	-1.0	-1.0086	0.0	0.0724	0	
20200423_223825.524684	1.125	1.1015	-1.0	-1.0086	0.0	0.0718	0	
20200423_223825.532629	1.125	1.1014	-1.0	-1.0085	0.0	0.0722	0	
20200423_223825.540297	1.125	1.1015	-1.0	-1.0085	0.0	0.0723	0	
20200423_223825.550744	1.125	1.1015	-1.0	-1.0085	0.0	0.0719	0	
20200423_223825.558050	1.125	1.1014	-1.0	-1.0086	0.0	0.0723	0	
20200423_223825.565445	1.125	1.1015	-1.0	-1.0086	0.0	0.0716	0	
20200423_223825.573650	1.125	1.1014	-1.0	-1.0085	0.0	0.0709	0	
20200423_223825.581940	1.125	1.1014	-1.0	-1.0086	0.0	0.0714	0	
20200423_223825.590322	1.125	1.1014	-1.0	-1.0086	0.0	0.0708	0	
20200423_223825.598707	1.125	1.1014	-1.0	-1.0086	0.0	0.0717	0	
20200423_223825.607083	1.125	1.1014	-1.0	-1.0086	0.0	0.0704	0	
20200423_223825.615736	1.125	1.1014	-1.0	-1.0086	0.0	0.072	0	
20200423_223825.623945	1.125	1.1015	-1.0	-1.0086	0.0	0.0719	0	
20200423_223825.631944	1.125	1.1014	-1.0	-1.0086	0.0	0.073	0	
20200423_223825.640336	1.125	1.1014	-1.0	-1.0086	0.0	0.0728	0	
20200423_223825.649055	1.125	1.1014	-1.0	-1.0086	0.0	0.0733	0	
20200423_223825.657143	1.125	1.1014	-1.0	-1.0085	0.0	0.0728	0	
20200423_223825.665959	1.125	1.1014	-1.0	-1.0086	0.0	0.0731	0	
20200423_223825.673838	1.125	1.1013	-1.0	-1.0086	0.0	0.0734	0	
20200423_223825.682447	1.125	1.1014	-1.0	-1.0086	0.0	0.0724	0	
20200423_223825.690583	1.125	1.1013	-1.0	-1.0085	0.0	0.0716	0	
20200423_223825.698840	1.125	1.1015	-1.0	-1.0086	0.0	0.0718	0	
20200423_223825.707183	1.125	1.1015	-1.0	-1.0086	0.0	0.0723	0	
20200423_223825.716688	1.125	1.1015	-1.0	-1.0086	0.0	0.0728	0	
20200423_223825.724386	1.125	1.1015	-1.0	-1.0086	0.0	0.0733	0	
20200423_223825.732465	1.125	1.1015	-1.0	-1.0086	0.0	0.0723	0	
20200423_223825.740419	1.125	1.1015	-1.0	-1.0086	0.0	0.0719	0	
20200423_223825.749873	1.125	1.1015	-1.0	-1.0086	0.0	0.0721	0	
20200423_223825.757893	1.125	1.1014	-1.0	-1.0086	0.0	0.0715	0	
20200423_223825.765565	1.125	1.1014	-1.0	-1.0086	0.0	0.0725	0	
20200423_223825.773932	1.125	1.1014	-1.0	-1.0086	0.0	0.0722	0	
20200423_223825.784092	1.125	1.1014	-1.0	-1.0086	0.0	0.0724	0	
20200423_223825.790387	1.125	1.1014	-1.0	-1.0086	0.0	0.0718	0	
20200423_223825.799238	1.125	1.1014	-1.0	-1.0086	0.0	0.0723	0	
20200423_223825.807590	1.125	1.1014	-1.0	-1.0086	0.0	0.0709	0	
20200423_223825.815917	1.125	1.1015	-1.0	-1.0086	0.0	0.0713	0	
20200423_223825.824571	1.125	1.1015	-1.0	-1.0086	0.0	0.0728	0	
20200423_223825.832281	1.125	1.1015	-1.0	-1.0086	0.0	0.0718	0	
20200423_223825.840622	1.125	1.1015	-1.0	-1.0086	0.0	0.0726	0	
20200423_223825.849255	1.125	1.1015	-1.0	-1.0086	0.0	0.0729	0	
20200423_223825.857783	1.125	1.1014	-1.0	-1.0085	0.0	0.0723	0	
20200423_223825.865372	1.125	1.1014	-1.0	-1.0086	0.0	0.0727	0	
20200423_223825.874159	1.125	1.1013	-1.0	-1.0086	0.0	0.0731	0	
20200423_223825.882735	1.125	1.1012	-1.0	-1.0086	0.0	0.0734	0	
20200423_223825.890658	1.125	1.1013	-1.0	-1.0086	0.0	0.0717	0	
20200423_223825.899729	1.125	1.1014	-1.0	-1.0086	0.0	0.0738	0	
20200423_223825.907964	1.125	1.1014	-1.0	-1.0085	0.0	0.0715	0	
20200423_223825.915970	1.125	1.1014	-1.0	-1.0086	0.0	0.0737	0	
20200423_223825.924457	1.125	1.1015	-1.0	-1.0086	0.0	0.0728	0	
20200423_223825.933148	1.125	1.1014	-1.0	-1.0085	0.0	0.0725	0	
20200423_223825.941247	1.125	1.1014	-1.0	-1.0086	0.0	0.0724	0	
20200423_223825.949611	1.125	1.1015	-1.0	-1.0086	0.0	0.0718	0	
20200423_223825.957425	1.125	1.1014	-1.0	-1.0085	0.0	0.0712	0	
20200423_223825.966128	1.125	1.1014	-1.0	-1.0085	0.0	0.0712	0	
20200423_223825.973958	1.125	1.1014	-1.0	-1.0086	0.0	0.0718	0	
20200423_223825.982770	1.125	1.1013	-1.0	-1.0086	0.0	0.0731	0	
20200423_223825.990702	1.125	1.1013	-1.0	-1.0086	0.0	0.0735	0	
20200423_223825.998839	1.125	1.1014	-1.0	-1.0086	0.0	0.0724	0	
20200423_223826.007433	1.125	1.1013	-1.0	-1.0086	0.0	0.0721	0	
20200423_223826.016399	1.125	1.1014	-1.0	-1.0086	0.0	0.0726	0	
20200423_223826.024041	1.125	1.1014	-1.0	-1.0086	0.0	0.0725	0	
20200423_223826.032393	1.125	1.1015	-1.0	-1.0086	0.0	0.0719	0	
20200423_223826.042435	1.125	1.1015	-1.0	-1.0086	0.0	0.0725	0	
20200423_223826.050128	1.125	1.1015	-1.0	-1.0086	0.0	0.072	0	
20200423_223826.057854	1.125	1.1015	-1.0	-1.0085	0.0	0.0725	0	
20200423_223826.066157	1.125	1.1015	-1.0	-1.0086	0.0	0.0726	0	
20200423_223826.073827	1.125	1.1013	-1.0	-1.0086	0.0	0.0735	0	
20200423_223826.082294	1.125	1.1014	-1.0	-1.0086	0.0	0.0723	0	
20200423_223826.090622	1.125	1.1013	-1.0	-1.0085	0.0	0.0715	0	
20200423_223826.098889	1.125	1.1014	-1.0	-1.0086	0.0	0.072	0	
20200423_223826.107221	1.125	1.1014	-1.0	-1.0086	0.0	0.0728	0	
20200423_223826.115814	1.125	1.1014	-1.0	-1.0086	0.0	0.0732	0	
20200423_223826.124129	1.125	1.1014	-1.0	-1.0086	0.0	0.0734	0	
20200423_223826.133305	1.125	1.1014	-1.0	-1.0086	0.0	0.0735	0	
20200423_223826.140290	1.125	1.1015	-1.0	-1.0086	0.0	0.0741	0	
20200423_223826.149372	1.125	1.1014	-1.0	-1.0086	0.0	0.0743	0	
20200423_223826.158080	1.125	1.1013	-1.0	-1.0086	0.0	0.0733	0	
20200423_223826.165520	1.125	1.1013	-1.0	-1.0086	0.0	0.0722	0	
20200423_223826.173696	1.125	1.1013	-1.0	-1.0085	0.0	0.0726	0	
20200423_223826.182703	1.125	1.1013	-1.0	-1.0086	0.0	0.0727	0	
20200423_223826.190449	1.125	1.1013	-1.0	-1.0086	0.0	0.0727	0	
20200423_223826.198669	1.125	1.1013	-1.0	-1.0086	0.0	0.0725	0	
20200423_223826.206997	1.125	1.1013	-1.0	-1.0086	0.0	0.0732	0	
20200423_223826.216245	1.125	1.1014	-1.0	-1.0086	0.0	0.0744	0	
20200423_223826.224100	1.125	1.1014	-1.0	-1.0086	0.0	0.0743	0	
20200423_223826.232626	1.125	1.1014	-1.0	-1.0086	0.0	0.0739	0	
20200423_223826.240447	1.125	1.1014	-1.0	-1.0086	0.0	0.0739	0	
20200423_223826.249412	1.125	1.1014	-1.0	-1.0085	0.0	0.0722	0	
20200423_223826.257703	1.125	1.1014	-1.0	-1.0085	0.0	0.0727	0	
20200423_223826.265827	1.125	1.1014	-1.0	-1.0085	0.0	0.0712	0	
20200423_223826.273893	1.125	1.1013	-1.0	-1.0086	0.0	0.0731	0	
20200423_223826.282318	1.125	1.1014	-1.0	-1.0086	0.0	0.0723	0	
20200423_223826.291839	1.125	1.1013	-1.0	-1.0086	0.0	0.073	0	
20200423_223826.299003	1.125	1.1014	-1.0	-1.0086	0.0	0.0733	0	
20200423_223826.312133	1.125	1.1014	-1.0	-1.0086	0.0	0.0728	0	
20200423_223826.315562	1.125	1.1014	-1.0	-1.0086	0.0	0.0734	0	
20200423_223826.324480	1.125	1.1014	-1.0	-1.0086	0.0	0.0727	0	
20200423_223826.334995	1.125	1.1014	-1.0	-1.0086	0.0	0.073	0	
20200423_223826.340695	1.125	1.1014	-1.0	-1.0086	0.0	0.0722	0	
20200423_223826.349587	1.125	1.1014	-1.0	-1.0086	0.0	0.0725	0	
20200423_223826.357508	1.125	1.1014	-1.0	-1.0086	0.0	0.0727	0	
20200423_223826.366197	1.125	1.1014	-1.0	-1.0086	0.0	0.0728	0	
20200423_223826.374213	1.125	1.1014	-1.0	-1.0086	0.0	0.0724	0	
20200423_223826.382708	1.125	1.1013	-1.0	-1.0086	0.0	0.0731	0	
20200423_223826.391116	1.125	1.1013	-1.0	-1.0086	0.0	0.0727	0	
20200423_223826.399065	1.125	1.1014	-1.0	-1.0086	0.0	0.0723	0	
20200423_223826.407909	1.125	1.1014	-1.0	-1.0086	0.0	0.0708	0	
20200423_223826.415547	1.125	1.1013	-1.0	-1.0085	0.0	0.0708	0	
20200423_223826.424087	1.125	1.1015	-1.0	-1.0086	0.0	0.0717	0	
20200423_223826.433165	1.125	1.1015	-1.0	-1.0086	0.0	0.0717	0	
20200423_223826.441635	1.125	1.1015	-1.0	-1.0086	0.0	0.0721	0	
20200423_223826.448711	1.125	1.1015	-1.0	-1.0087	0.0	0.0725	0	
20200423_223826.457882	1.125	1.1015	-1.0	-1.0086	0.0	0.0726	0	
20200423_223826.465664	1.125	1.1016	-1.0	-1.0086	0.0	0.0713	0	
20200423_223826.474531	1.125	1.1015	-1.0	-1.0087	0.0	0.072	0	
20200423_223826.482328	1.125	1.1014	-1.0	-1.0086	0.0	0.0718	0	
20200423_223826.490777	1.125	1.1014	-1.0	-1.0086	0.0	0.0698	0	
20200423_223826.498954	1.125	1.1015	-1.0	-1.0087	0.0	0.0718	0	
20200423_223826.507216	1.125	1.1016	-1.0	-1.0087	0.0	0.071	0	
20200423_223826.516562	1.125	1.1015	-1.0	-1.0087	0.0	0.0717	0	
20200423_223826.524172	1.125	1.1015	-1.0	-1.0087	0.0	0.0724	0	
20200423_223826.532656	1.125	1.1015	-1.0	-1.0086	0.0	0.0729	0	
20200423_223826.541460	1.125	1.1015	-1.0	-1.0086	0.0	0.0733	0	
20200423_223826.549562	1.125	1.1015	-1.0	-1.0086	0.0	0.0724	0	
20200423_223826.558108	1.125	1.1014	-1.0	-1.0086	0.0	0.0714	0	
20200423_223826.565667	1.125	1.1013	-1.0	-1.0086	0.0	0.0724	0	
20200423_223826.573901	1.125	1.1013	-1.0	-1.0086	0.0	0.0727	0	
20200423_223826.582110	1.125	1.1013	-1.0	-1.0086	0.0	0.0714	0	
20200423_223826.590280	1.125	1.1013	-1.0	-1.0086	0.0	0.0717	0	
20200423_223826.598691	1.125	1.1013	-1.0	-1.0086	0.0	0.0717	0	
20200423_223826.606919	1.125	1.1013	-1.0	-1.0086	0.0	0.072	0	
20200423_223826.615396	1.125	1.1013	-1.0	-1.0086	0.0	0.0725	0	
20200423_223826.623595	1.125	1.1014	-1.0	-1.0086	0.0	0.0734	0	
20200423_223826.632068	1.125	1.1014	-1.0	-1.0086	0.0	0.0725	0	
20200423_223826.640295	1.125	1.1013	-1.0	-1.0085	0.0	0.0727	0	
20200423_223826.649320	1.125	1.1014	-1.0	-1.0086	0.0	0.0711	0	
20200423_223826.657193	1.125	1.1015	-1.0	-1.0085	0.0	0.0694	0	
20200423_223826.665747	1.125	1.1015	-1.0	-1.0086	0.0	0.0723	0	
20200423_223826.673979	1.125	1.1014	-1.0	-1.0086	0.0	0.0727	0	
20200423_223826.683475	1.125	1.1014	-1.0	-1.0087	0.0	0.0741	0	
20200423_223826.690746	1.125	1.1014	-1.0	-1.0086	0.0	0.0739	0	
20200423_223826.698828	1.125	1.1014	-1.0	-1.0086	0.0	0.0736	0	
20200423_223826.707308	1.125	1.1014	-1.0	-1.0086	0.0	0.0727	0	
20200423_223826.716092	1.125	1.1014	-1.0	-1.0086	0.0	0.0737	0	
20200423_223826.724914	1.125	1.1014	-1.0	-1.0087	0.0	0.0748	0	
20200423_223826.732183	1.125	1.1014	-1.0	-1.0086	0.0	0.0721	0	
20200423_223826.740435	1.125	1.1014	-1.0	-1.0085	0.0	0.0713	0	
20200423_223826.749022	1.125	1.1015	-1.0	-1.0086	0.0	0.0701	0	
20200423_223826.757192	1.125	1.1015	-1.0	-1.0086	0.0	0.071	0	
20200423_223826.766074	1.125	1.1014	-1.0	-1.0086	0.0	0.0715	0	
20200423_223826.774301	1.125	1.1015	-1.0	-1.0086	0.0	0.0716	0	
20200423_223826.782648	1.125	1.1014	-1.0	-1.0086	0.0	0.072	0	
20200423_223826.791879	1.125	1.1014	-1.0	-1.0086	0.0	0.0714	0	
20200423_223826.798799	1.125	1.1014	-1.0	-1.0086	0.0	0.0716	0	
20200423_223826.807701	1.125	1.1014	-1.0	-1.0086	0.0	0.0711	0	
20200423_223826.815740	1.125	1.1014	-1.0	-1.0085	0.0	0.0698	0	
20200423_223826.824758	1.125	1.1015	-1.0	-1.0086	0.0	0.0707	0	
20200423_223826.832652	1.125	1.1014	-1.0	-1.0086	0.0	0.0724	0	
20200423_223826.841005	1.125	1.1015	-1.0	-1.0085	0.0	0.0727	0	
20200423_223826.849052	1.125	1.1015	-1.0	-1.0086	0.0	0.0722	0	
20200423_223826.857408	1.125	1.1016	-1.0	-1.0086	0.0	0.0709	0	
20200423_223826.865854	1.125	1.1015	-1.0	-1.0085	0.0	0.0717	0	
20200423_223826.874265	1.125	1.1014	-1.0	-1.0086	0.0	0.0719	0	
20200423_223826.883059	1.125	1.1013	-1.0	-1.0086	0.0	0.072	0	
20200423_223826.890652	1.125	1.1013	-1.0	-1.0085	0.0	0.0713	0	
20200423_223826.899240	1.125	1.1014	-1.0	-1.0086	0.0	0.0724	0	
20200423_223826.907657	1.125	1.1014	-1.0	-1.0086	0.0	0.0722	0	
20200423_223826.915301	1.125	1.1015	-1.0	-1.0086	0.0	0.0728	0	
20200423_223826.923953	1.125	1.1014	-1.0	-1.0086	0.0	0.0742	0	
20200423_223826.932712	1.125	1.1015	-1.0	-1.0086	0.0	0.0735	0	
20200423_223826.940651	1.125	1.1014	-1.0	-1.0086	0.0	0.0742	0	
20200423_223826.949334	1.125	1.1014	-1.0	-1.0086	0.0	0.0738	0	
20200423_223826.958431	1.125	1.1013	-1.0	-1.0086	0.0	0.0728	0	
20200423_223826.965826	1.125	1.1013	-1.0	-1.0085	0.0	0.0721	0	
20200423_223826.974128	1.125	1.1013	-1.0	-1.0085	0.0	0.0721	0	
20200423_223826.982155	1.125	1.1013	-1.0	-1.0085	0.0	0.0722	0	
20200423_223826.991108	1.125	1.1013	-1.0	-1.0086	0.0	0.0729	0	
20200423_223826.999284	1.125	1.1014	-1.0	-1.0086	0.0	0.073	0	
20200423_223827.007422	1.125	1.1013	-1.0	-1.0086	0.0	0.0725	0	
20200423_223827.015659	1.125	1.1013	-1.0	-1.0085	0.0	0.0717	0	
20200423_223827.024105	1.125	1.1014	-1.0	-1.0086	0.0	0.0727	0	
20200423_223827.032775	1.125	1.1014	-1.0	-1.0086	0.0	0.0724	0	
20200423_223827.040797	1.125	1.1014	-1.0	-1.0085	0.0	0.073	0	
20200423_223827.049282	1.125	1.1013	-1.0	-1.0086	0.0	0.0729	0	
20200423_223827.058040	1.125	1.1014	-1.0	-1.0085	0.0	0.0723	0	
20200423_223827.065586	1.125	1.1014	-1.0	-1.0085	0.0	0.0717	0	
20200423_223827.074437	1.125	1.1014	-1.0	-1.0087	0.0	0.073	0	
20200423_223827.082094	1.125	1.1013	-1.0	-1.0086	0.0	0.0724	0	
20200423_223827.091856	1.125	1.1013	-1.0	-1.0086	0.0	0.0721	0	
20200423_223827.099283	1.125	1.1014	-1.0	-1.0086	0.0	0.0726	0	
20200423_223827.107766	1.125	1.1013	-1.0	-1.0086	0.0	0.0739	0	
20200423_223827.115691	1.125	1.1013	-1.0	-1.0086	0.0	0.0738	0	
20200423_223827.123784	1.125	1.1013	-1.0	-1.0086	0.0	0.0722	0	
20200423_223827.132240	1.125	1.1014	-1.0	-1.0086	0.0	0.0723	0	
20200423_223827.140470	1.125	1.1013	-1.0	-1.0086	0.0	0.0738	0	
20200423_223827.148685	1.125	1.1014	-1.0	-1.0086	0.0	0.0722	0	
20200423_223827.157495	1.125	1.1013	-1.0	-1.0086	0.0	0.0733	0	
20200423_223827.166116	1.125	1.1014	-1.0	-1.0086	0.0	0.0727	0	
20200423_223827.174329	1.125	1.1014	-1.0	-1.0086	0.0	0.0729	0	
20200423_223827.182118	1.125	1.1014	-1.0	-1.0086	0.0	0.0717	0	
20200423_223827.190477	1.125	1.1013	-1.0	-1.0086	0.0	0.0726	0	
20200423_223827.199173	1.125	1.1014	-1.0	-1.0086	0.0	0.072	0	
20200423_223827.207068	1.125	1.1013	-1.0	-1.0086	0.0	0.0723	0	
20200423_223827.215426	1.125	1.1012	-1.0	-1.0086	0.0	0.0721	0	
20200423_223827.225041	1.125	1.1013	-1.0	-1.0086	0.0	0.0734	0	
20200423_223827.233355	1.125	1.1014	-1.0	-1.0086	0.0	0.0731	0	
20200423_223827.241886	1.125	1.1014	-1.0	-1.0086	0.0	0.074	0	
20200423_223827.249530	1.125	1.1014	-1.0	-1.0087	0.0	0.0746	0	
20200423_223827.257690	1.125	1.1014	-1.0	-1.0087	0.0	0.0744	0	
20200423_223827.265417	1.125	1.1014	-1.0	-1.0086	0.0	0.073	0	
