Time	X_Setpt	X_FB	Y_Setpt	Y_FB	Theta_Setpt	Theta_FB	Motion Status	
20200423_223806.457603	1.5	1.2638	-1.0	0.2352	0.0	0.4757	1	
20200423_223806.559028	1.5	1.264	-1.0	0.2354	0.0	0.4696	1	
20200423_223806.657091	1.5	1.265	-1.0	0.2359	0.0	0.4485	1	
20200423_223806.758293	1.5	1.2659	-1.0	0.2373	0.0	0.4271	1	
20200423_223806.858303	1.5	1.2692	-1.0	0.2409	0.0	0.3735	1	
20200423_223806.958067	1.5	1.2732	-1.0	0.245	0.0	0.2959	1	
20200423_223807.057328	1.5	1.2783	-1.0	0.2494	0.0	0.2186	1	
20200423_223807.157305	1.5	1.2826	-1.0	0.2526	0.0	0.1497	1	
20200423_223807.258229	1.5	1.287	-1.0	0.2554	0.0	0.0732	1	
20200423_223807.357297	1.5	1.2923	-1.0	0.2578	0.0	0.0047	1	
20200423_223807.458334	1.5	1.2978	-1.0	0.2603	0.0	-0.0668	1	
20200423_223807.558616	1.5	1.3052	-1.0	0.2619	0.0	-0.1458	1	
20200423_223807.657171	1.5	1.3123	-1.0	0.2633	0.0	-0.2226	1	
20200423_223807.758311	1.5	1.3189	-1.0	0.2636	0.0	-0.2907	1	
20200423_223807.858737	1.5	1.327	-1.0	0.2637	0.0	-0.36	1	
20200423_223807.957599	1.5	1.3345	-1.0	0.2627	0.0	-0.4209	1	
20200423_223808.057544	1.5	1.3409	-1.0	0.2626	0.0	-0.4951	1	
20200423_223808.158436	1.5	1.3489	-1.0	0.2611	0.0	-0.5651	1	
20200423_223808.258589	1.5	1.3558	-1.0	0.259	0.0	-0.6226	1	
20200423_223808.357459	1.5	1.3637	-1.0	0.2566	0.0	-0.7037	1	
20200423_223808.458232	1.5	1.372	-1.0	0.2523	0.0	-0.7804	1	
20200423_223808.557172	1.5	1.3785	-1.0	0.248	0.0	-0.8479	1	
20200423_223808.657176	1.5	1.3843	-1.0	0.2441	0.0	-0.8966	1	
20200423_223808.758497	1.5	1.392	-1.0	0.2386	0.0	-0.9747	1	
20200423_223808.859082	1.5	1.3986	-1.0	0.2326	0.0	-1.0463	1	
20200423_223808.958285	1.5	1.4038	-1.0	0.2279	0.0	-1.1081	1	
20200423_223809.058340	1.5	1.4105	-1.0	0.2198	0.0	-1.1871	1	
20200423_223809.159091	1.5	1.4162	-1.0	0.2125	0.0	-1.2629	1	
20200423_223809.257209	1.5	1.4211	-1.0	0.2045	0.0	-1.3426	1	
20200423_223809.357840	1.5	1.4261	-1.0	0.1963	0.0	-1.4209	1	
20200423_223809.457316	1.5	1.429	-1.0	0.1878	0.0	-1.4932	1	
20200423_223809.558814	1.5	1.4321	-1.0	0.1797	0.0	-1.5585	1	
20200423_223809.657649	1.5	1.4334	-1.0	0.1706	0.0	-1.5962	1	
20200423_223809.758880	1.5	1.434	-1.0	0.1596	0.0	-1.6062	1	
20200423_223809.859111	1.5	1.4337	-1.0	0.1506	0.0	-1.6061	1	
20200423_223809.957463	1.5	1.4319	-1.0	0.1406	0.0	-1.5598	1	
20200423_223810.057829	1.5	1.4301	-1.0	0.1294	0.0	-1.4991	1	
20200423_223810.157206	1.5	1.4303	-1.0	0.1193	0.0	-1.4643	1	
20200423_223810.258294	1.5	1.431	-1.0	0.1096	0.0	-1.4634	1	
20200423_223810.359378	1.5	1.4317	-1.0	0.0995	0.0	-1.4657	1	
20200423_223810.459298	1.5	1.4332	-1.0	0.0894	0.0	-1.456	1	
20200423_223810.557570	1.5	1.4346	-1.0	0.0805	0.0	-1.4542	1	
20200423_223810.658368	1.5	1.4354	-1.0	0.0703	0.0	-1.4536	1	
20200423_223810.757275	1.5	1.4367	-1.0	0.0593	0.0	-1.4448	1	
20200423_223810.857205	1.5	1.438	-1.0	0.0509	0.0	-1.4603	1	
20200423_223810.958582	1.5	1.4396	-1.0	0.0404	0.0	-1.4431	1	
20200423_223811.059598	1.5	1.4405	-1.0	0.0308	0.0	-1.4595	1	
20200423_223811.157453	1.5	1.4419	-1.0	0.0212	0.0	-1.4601	1	
20200423_223811.258696	1.5	1.4429	-1.0	0.0108	0.0	-1.4309	1	
20200423_223811.358976	1.5	1.4443	-1.0	0.0004	0.0	-1.4539	1	
20200423_223811.457783	1.5	1.4459	-1.0	-0.0076	0.0	-1.4515	1	
20200423_223811.560429	1.5	1.4467	-1.0	-0.018	0.0	-1.4565	1	
20200423_223811.657224	1.5	1.4477	-1.0	-0.0287	0.0	-1.4601	1	
20200423_223811.759041	1.5	1.4493	-1.0	-0.0377	0.0	-1.4534	1	
20200423_223811.857408	1.5	1.4506	-1.0	-0.0495	0.0	-1.4583	1	
20200423_223811.958903	1.5	1.4513	-1.0	-0.057	0.0	-1.4537	1	
20200423_223812.057197	1.5	1.4524	-1.0	-0.0674	0.0	-1.4533	1	
20200423_223812.157452	1.5	1.4538	-1.0	-0.0762	0.0	-1.4603	1	
20200423_223812.257884	1.5	1.4559	-1.0	-0.087	0.0	-1.4621	1	
20200423_223812.357169	1.5	1.4566	-1.0	-0.0959	0.0	-1.4508	1	
20200423_223812.460174	1.5	1.4575	-1.0	-0.1051	0.0	-1.429	1	
20200423_223812.558228	1.5	1.4583	-1.0	-0.1157	0.0	-1.4549	1	
20200423_223812.658283	1.5	1.4617	-1.0	-0.1251	0.0	-1.4763	1	
20200423_223812.758162	1.5	1.4628	-1.0	-0.134	0.0	-1.5199	1	
20200423_223812.858829	1.5	1.464	-1.0	-0.1423	0.0	-1.5102	1	
20200423_223812.957269	1.5	1.4645	-1.0	-0.1531	0.0	-1.4969	1	
20200423_223813.057558	1.5	1.4642	-1.0	-0.1614	0.0	-1.4911	1	
20200423_223813.157112	1.5	1.4643	-1.0	-0.172	0.0	-1.487	1	
20200423_223813.258538	1.5	1.4651	-1.0	-0.182	0.0	-1.4953	1	
20200423_223813.359744	1.5	1.4656	-1.0	-0.1918	0.0	-1.5228	1	
20200423_223813.458494	1.5	1.4664	-1.0	-0.2032	0.0	-1.5206	1	
20200423_223813.557050	1.5	1.4662	-1.0	-0.2107	0.0	-1.4938	1	
20200423_223813.658378	1.5	1.4671	-1.0	-0.2215	0.0	-1.4967	1	
20200423_223813.757392	1.5	1.468	-1.0	-0.2313	0.0	-1.4974	1	
20200423_223813.858966	1.5	1.4683	-1.0	-0.2415	0.0	-1.5178	1	
20200423_223813.957340	1.5	1.4691	-1.0	-0.2513	0.0	-1.4969	1	
20200423_223814.058411	1.5	1.4696	-1.0	-0.26	0.0	-1.4951	1	
20200423_223814.158480	1.5	1.4705	-1.0	-0.2709	0.0	-1.5106	1	
20200423_223814.258188	1.5	1.4712	-1.0	-0.2803	0.0	-1.4863	1	
20200423_223814.358147	1.5	1.471	-1.0	-0.2893	0.0	-1.4853	1	
20200423_223814.458826	1.5	1.4723	-1.0	-0.3001	0.0	-1.5053	1	
20200423_223814.558862	1.5	1.4724	-1.0	-0.3092	0.0	-1.4826	1	
20200423_223814.657454	1.5	1.4733	-1.0	-0.3186	0.0	-1.4867	1	
20200423_223814.758367	1.5	1.4736	-1.0	-0.3298	0.0	-1.4866	1	
20200423_223814.857964	1.5	1.4742	-1.0	-0.338	0.0	-1.4916	1	
20200423_223814.957855	1.5	1.475	-1.0	-0.3494	0.0	-1.5096	1	
20200423_223815.058243	1.5	1.4757	-1.0	-0.3581	0.0	-1.4905	1	
20200423_223815.158191	1.5	1.4765	-1.0	-0.3692	0.0	-1.489	1	
20200423_223815.257301	1.5	1.4775	-1.0	-0.379	0.0	-1.4923	1	
20200423_223815.358804	1.5	1.4775	-1.0	-0.3859	0.0	-1.4919	1	
20200423_223815.457315	1.5	1.479	-1.0	-0.399	0.0	-1.4856	1	
20200423_223815.557279	1.5	1.4795	-1.0	-0.4083	0.0	-1.4991	1	
20200423_223815.659340	1.5	1.4808	-1.0	-0.4187	0.0	-1.4825	1	
20200423_223815.758014	1.5	1.4806	-1.0	-0.4262	0.0	-1.4843	1	
20200423_223815.858668	1.5	1.4814	-1.0	-0.4369	0.0	-1.4829	1	
20200423_223815.958172	1.5	1.4822	-1.0	-0.446	0.0	-1.5018	1	
20200423_223816.058376	1.5	1.4834	-1.0	-0.4562	0.0	-1.4977	1	
20200423_223816.157179	1.5	1.4837	-1.0	-0.466	0.0	-1.4811	1	
20200423_223816.257960	1.5	1.4841	-1.0	-0.4756	0.0	-1.4924	1	
20200423_223816.357517	1.5	1.4857	-1.0	-0.4855	0.0	-1.4949	1	
20200423_223816.457366	1.5	1.4865	-1.0	-0.4969	0.0	-1.485	1	
20200423_223816.557253	1.5	1.487	-1.0	-0.5056	0.0	-1.4803	1	
20200423_223816.657288	1.5	1.4881	-1.0	-0.5139	0.0	-1.4973	1	
20200423_223816.758161	1.5	1.489	-1.0	-0.5272	0.0	-1.4882	1	
20200423_223816.857684	1.5	1.4882	-1.0	-0.5346	0.0	-1.4759	1	
20200423_223816.958335	1.5	1.4898	-1.0	-0.5439	0.0	-1.495	1	
20200423_223817.057238	1.5	1.4911	-1.0	-0.5541	0.0	-1.5046	1	
20200423_223817.157402	1.5	1.4916	-1.0	-0.5644	0.0	-1.4859	1	
20200423_223817.258096	1.5	1.4933	-1.0	-0.5732	0.0	-1.4881	1	
20200423_223817.357414	1.5	1.4939	-1.0	-0.5819	0.0	-1.5019	1	
20200423_223817.457250	1.5	1.4932	-1.0	-0.5901	0.0	-1.4847	1	
20200423_223817.558188	1.5	1.494	-1.0	-0.597	0.0	-1.4855	1	
20200423_223817.657525	1.5	1.4944	-1.0	-0.6032	0.0	-1.5047	1	
20200423_223817.757059	1.5	1.496	-1.0	-0.6172	0.0	-1.5038	1	
20200423_223817.857323	1.5	1.497	-1.0	-0.6291	0.0	-1.5045	1	
20200423_223817.958594	1.5	1.496	-1.0	-0.6383	0.0	-1.5199	1	
20200423_223818.057409	1.5	1.4972	-1.0	-0.6489	0.0	-1.5237	1	
20200423_223818.158506	1.5	1.498	-1.0	-0.6576	0.0	-1.5274	1	
20200423_223818.257771	1.5	1.4977	-1.0	-0.6701	0.0	-1.5124	1	
20200423_223818.357226	1.5	1.4993	-1.0	-0.6785	0.0	-1.5126	1	
20200423_223818.458592	1.5	1.5006	-1.0	-0.6895	0.0	-1.5208	1	
20200423_223818.557289	1.5	1.5007	-1.0	-0.7009	0.0	-1.5157	1	
20200423_223818.657696	1.5	1.5006	-1.0	-0.7067	0.0	-1.506	1	
20200423_223818.757478	1.5	1.5026	-1.0	-0.7184	0.0	-1.5181	1	
20200423_223818.857465	1.5	1.5022	-1.0	-0.7291	0.0	-1.528	1	
20200423_223818.958197	1.5	1.5029	-1.0	-0.7391	0.0	-1.5255	1	
20200423_223819.057047	1.5	1.5039	-1.0	-0.749	0.0	-1.5273	1	
20200423_223819.157684	1.5	1.5041	-1.0	-0.7575	0.0	-1.5208	1	
20200423_223819.260131	1.5	1.5047	-1.0	-0.7675	0.0	-1.5153	1	
20200423_223819.357627	1.5	1.5056	-1.0	-0.7766	0.0	-1.493	1	
20200423_223819.457311	1.5	1.5056	-1.0	-0.7868	0.0	-1.5125	1	
20200423_223819.557341	1.5	1.5074	-1.0	-0.7959	0.0	-1.5615	1	
20200423_223819.657095	1.5	1.5081	-1.0	-0.8039	0.0	-1.5822	1	
20200423_223819.758327	1.5	1.5075	-1.0	-0.8152	0.0	-1.577	1	
20200423_223819.858176	1.5	1.5074	-1.0	-0.8244	0.0	-1.5819	1	
20200423_223819.957250	1.5	1.5073	-1.0	-0.8337	0.0	-1.5811	1	
20200423_223820.057540	1.5	1.5066	-1.0	-0.8451	0.0	-1.5883	1	
20200423_223820.157768	1.5	1.507	-1.0	-0.8538	0.0	-1.5819	1	
20200423_223820.257807	1.5	1.5072	-1.0	-0.8641	0.0	-1.5817	1	
20200423_223820.357795	1.5	1.5065	-1.0	-0.874	0.0	-1.578	1	
20200423_223820.457356	1.5	1.5061	-1.0	-0.8828	0.0	-1.5577	1	
20200423_223820.558335	1.5	1.5064	-1.0	-0.893	0.0	-1.5589	1	
20200423_223820.657252	1.5	1.506	-1.0	-0.9034	0.0	-1.5732	1	
20200423_223820.757700	1.5	1.5057	-1.0	-0.9124	0.0	-1.5753	1	
20200423_223820.858884	1.5	1.506	-1.0	-0.9227	0.0	-1.5751	1	
20200423_223820.957140	1.5	1.5057	-1.0	-0.932	0.0	-1.5753	1	
20200423_223821.057968	1.5	1.5061	-1.0	-0.9427	0.0	-1.5808	1	
20200423_223821.157508	1.5	1.5061	-1.0	-0.9517	0.0	-1.579	1	
20200423_223821.258804	1.5	1.5069	-1.0	-0.9601	0.0	-1.592	1	
20200423_223821.357649	1.5	1.5056	-1.0	-0.966	0.0	-1.5789	1	
20200423_223821.457876	1.5	1.5036	-1.0	-0.9673	0.0	-1.515	1	
20200423_223821.558213	1.5	1.5004	-1.0	-0.9674	0.0	-1.4235	1	
20200423_223821.657750	1.5	1.4976	-1.0	-0.9695	0.0	-1.335	1	
20200423_223821.757163	1.5	1.4946	-1.0	-0.9704	0.0	-1.2316	1	
20200423_223821.857308	1.5	1.493	-1.0	-0.9733	0.0	-1.1484	1	
20200423_223821.957066	1.5	1.492	-1.0	-0.9756	0.0	-1.0763	1	
20200423_223822.057249	1.5	1.4889	-1.0	-0.977	0.0	-0.9459	1	
20200423_223822.157124	1.5	1.4867	-1.0	-0.9785	0.0	-0.8618	1	
20200423_223822.257153	1.5	1.4878	-1.0	-0.9829	0.0	-0.8397	1	
20200423_223822.357265	1.5	1.4852	-1.0	-0.9836	0.0	-0.7367	1	
20200423_223822.457168	1.5	1.4841	-1.0	-0.9858	0.0	-0.6673	1	
20200423_223822.557220	1.5	1.4828	-1.0	-0.9879	0.0	-0.5727	1	
20200423_223822.657111	1.5	1.4818	-1.0	-0.9902	0.0	-0.5027	1	
20200423_223822.757163	1.5	1.4819	-1.0	-0.9913	0.0	-0.4405	1	
20200423_223822.857318	1.5	1.4823	-1.0	-0.9936	0.0	-0.3903	1	
20200423_223822.957246	1.5	1.4819	-1.0	-0.9959	0.0	-0.3641	1	
20200423_223823.058145	1.5	1.4821	-1.0	-0.9983	0.0	-0.3006	1	
20200423_223823.157195	1.5	1.4813	-1.0	-0.9991	0.0	-0.1991	1	
20200423_223823.257302	1.5	1.4805	-1.0	-0.9995	0.0	-0.165	1	
20200423_223823.357178	1.5	1.4818	-1.0	-1.0025	0.0	-0.0902	1	
20200423_223823.457213	1.5	1.4818	-1.0	-1.0051	0.0	-0.0577	1	
20200423_223823.557072	1.5	1.4829	-1.0	-1.0067	0.0	-0.022	0	
20200423_223823.558475	1.5	1.483	-1.0	-1.0067	0.0	-0.0202	0	
20200423_223823.565712	1.5	1.483	-1.0	-1.0068	0.0	-0.0186	0	
20200423_223823.573661	1.5	1.483	-1.0	-1.0068	0.0	-0.0165	0	
20200423_223823.582428	1.5	1.483	-1.0	-1.0069	0.0	-0.0145	0	
20200423_223823.590349	1.5	1.483	-1.0	-1.0069	0.0	-0.0127	0	
20200423_223823.598639	1.5	1.4824	-1.0	-1.0071	0.0	-0.0044	0	
20200423_223823.607243	1.5	1.4826	-1.0	-1.0072	0.0	-0.0058	0	
20200423_223823.615685	1.5	1.4826	-1.0	-1.0072	0.0	-0.0044	0	
20200423_223823.624654	1.5	1.4827	-1.0	-1.0073	0.0	-0.0035	0	
20200423_223823.632083	1.5	1.4827	-1.0	-1.0073	0.0	-0.0029	0	
20200423_223823.640439	1.5	1.4827	-1.0	-1.0073	0.0	-0.0019	0	
20200423_223823.648996	1.5	1.4827	-1.0	-1.0073	0.0	-0.0012	0	
20200423_223823.657391	1.5	1.4827	-1.0	-1.0073	0.0	-0.0001	0	
20200423_223823.666073	1.5	1.4827	-1.0	-1.0073	0.0	0.0001	0	
20200423_223823.673978	1.5	1.4827	-1.0	-1.0073	0.0	0.0009	0	
20200423_223823.683385	1.5	1.4828	-1.0	-1.0073	0.0	0.0012	0	
20200423_223823.690895	1.5	1.4828	-1.0	-1.0073	0.0	0.0015	0	
20200423_223823.698955	1.5	1.4828	-1.0	-1.0073	0.0	0.0018	0	
20200423_223823.707762	1.5	1.4827	-1.0	-1.007	0.0	-0.0057	0	
20200423_223823.718993	1.5	1.4827	-1.0	-1.0072	0.0	-0.0034	0	
20200423_223823.724633	1.5	1.4825	-1.0	-1.0072	0.0	-0.0033	0	
20200423_223823.732813	1.5	1.4824	-1.0	-1.0072	0.0	-0.0024	0	
20200423_223823.740721	1.5	1.4824	-1.0	-1.0072	0.0	-0.0023	0	
20200423_223823.749601	1.5	1.4825	-1.0	-1.0072	0.0	-0.0023	0	
20200423_223823.757840	1.5	1.4825	-1.0	-1.0072	0.0	-0.0022	0	
20200423_223823.766521	1.5	1.4825	-1.0	-1.0072	0.0	-0.002	0	
20200423_223823.774830	1.5	1.4826	-1.0	-1.0072	0.0	-0.0018	0	
20200423_223823.782848	1.5	1.4826	-1.0	-1.0072	0.0	-0.0018	0	
20200423_223823.790991	1.5	1.4826	-1.0	-1.0073	0.0	-0.0022	0	
20200423_223823.799387	1.5	1.4826	-1.0	-1.0073	0.0	-0.0022	0	
20200423_223823.807891	1.5	1.4826	-1.0	-1.0073	0.0	-0.0021	0	
20200423_223823.816408	1.5	1.4826	-1.0	-1.0072	0.0	-0.0018	0	
20200423_223823.824991	1.5	1.4826	-1.0	-1.0073	0.0	-0.0023	0	
20200423_223823.832875	1.5	1.4826	-1.0	-1.0073	0.0	-0.002	0	
20200423_223823.841170	1.5	1.4826	-1.0	-1.0073	0.0	-0.002	0	
20200423_223823.849889	1.5	1.4826	-1.0	-1.0072	0.0	-0.0016	0	
20200423_223823.858378	1.5	1.4826	-1.0	-1.0073	0.0	-0.0014	0	
20200423_223823.865384	1.5	1.4826	-1.0	-1.0072	0.0	-0.0015	0	
20200423_223823.873887	1.5	1.4826	-1.0	-1.0072	0.0	-0.0013	0	
20200423_223823.882775	1.5	1.4825	-1.0	-1.0072	0.0	-0.0013	0	
20200423_223823.890900	1.5	1.4825	-1.0	-1.0072	0.0	-0.0012	0	
20200423_223823.898828	1.5	1.4825	-1.0	-1.0072	0.0	-0.0014	0	
20200423_223823.907459	1.5	1.4825	-1.0	-1.0073	0.0	-0.0042	0	
20200423_223823.918510	1.5	1.4826	-1.0	-1.0074	0.0	-0.002	0	
20200423_223823.924448	1.5	1.4826	-1.0	-1.0074	0.0	-0.0015	0	
20200423_223823.932514	1.5	1.4825	-1.0	-1.0073	0.0	-0.0007	0	
20200423_223823.940925	1.5	1.4824	-1.0	-1.0074	0.0	-0.0006	0	
20200423_223823.949764	1.5	1.4824	-1.0	-1.0074	0.0	-0.0009	0	
20200423_223823.957877	1.5	1.4824	-1.0	-1.0073	0.0	-0.0007	0	
20200423_223823.965905	1.5	1.4824	-1.0	-1.0073	0.0	-0.0006	0	
20200423_223823.974725	1.5	1.4824	-1.0	-1.0073	0.0	-0.0009	0	
20200423_223823.984797	1.5	1.4824	-1.0	-1.0073	0.0	-0.0007	0	
20200423_223823.990370	1.5	1.4825	-1.0	-1.0073	0.0	-0.0011	0	
20200423_223823.999096	1.5	1.4825	-1.0	-1.0074	0.0	-0.0016	0	
20200423_223824.007499	1.5	1.4825	-1.0	-1.0074	0.0	-0.0013	0	
20200423_223824.015958	1.5	1.4825	-1.0	-1.0073	0.0	-0.001	0	
20200423_223824.024385	1.5	1.4825	-1.0	-1.0073	0.0	-0.0012	0	
20200423_223824.032928	1.5	1.4825	-1.0	-1.0073	0.0	-0.0013	0	
20200423_223824.040982	1.5	1.4825	-1.0	-1.0073	0.0	-0.0012	0	
20200423_223824.050751	1.5	1.4824	-1.0	-1.0073	0.0	-0.0012	0	
20200423_223824.057865	1.5	1.4824	-1.0	-1.0073	0.0	-0.0008	0	
20200423_223824.066127	1.5	1.4824	-1.0	-1.0073	0.0	-0.0008	0	
20200423_223824.074476	1.5	1.4824	-1.0	-1.0074	0.0	-0.0008	0	
20200423_223824.082879	1.5	1.4824	-1.0	-1.0073	0.0	-0.0007	0	
20200423_223824.091328	1.5	1.4824	-1.0	-1.0073	0.0	-0.0007	0	
20200423_223824.099780	1.5	1.4825	-1.0	-1.0072	0.0	-0.0011	0	
20200423_223824.108137	1.5	1.4826	-1.0	-1.0072	0.0	-0.0037	0	
20200423_223824.116737	1.5	1.4826	-1.0	-1.0074	0.0	-0.0018	0	
20200423_223824.124985	1.5	1.4825	-1.0	-1.0074	0.0	-0.0017	0	
20200423_223824.132656	1.5	1.4824	-1.0	-1.0073	0.0	-0.0007	0	
20200423_223824.140920	1.5	1.4824	-1.0	-1.0073	0.0	-0.0005	0	
20200423_223824.149925	1.5	1.4824	-1.0	-1.0073	0.0	-0.0005	0	
20200423_223824.157661	1.5	1.4824	-1.0	-1.0073	0.0	-0.0007	0	
20200423_223824.166847	1.5	1.4824	-1.0	-1.0073	0.0	-0.0008	0	
20200423_223824.174673	1.5	1.4826	-1.0	-1.0073	0.0	-0.001	0	
20200423_223824.184449	1.5	1.4825	-1.0	-1.0072	0.0	-0.0013	0	
20200423_223824.191805	1.5	1.4826	-1.0	-1.0072	0.0	-0.0015	0	
20200423_223824.199430	1.5	1.4826	-1.0	-1.0072	0.0	-0.0017	0	
20200423_223824.207870	1.5	1.4826	-1.0	-1.0072	0.0	-0.0017	0	
20200423_223824.216766	1.5	1.4826	-1.0	-1.0072	0.0	-0.0015	0	
20200423_223824.224105	1.5	1.4826	-1.0	-1.0073	0.0	-0.0016	0	
20200423_223824.233326	1.5	1.4826	-1.0	-1.0074	0.0	-0.0018	0	
20200423_223824.241413	1.5	1.4826	-1.0	-1.0073	0.0	-0.0019	0	
20200423_223824.249952	1.5	1.4825	-1.0	-1.0072	0.0	-0.0015	0	
20200423_223824.258125	1.5	1.4825	-1.0	-1.0072	0.0	-0.001	0	
20200423_223824.266635	1.5	1.4825	-1.0	-1.0072	0.0	-0.0013	0	
20200423_223824.274319	1.5	1.4825	-1.0	-1.0072	0.0	-0.0011	0	
20200423_223824.283815	1.5	1.4825	-1.0	-1.0073	0.0	-0.0013	0	
20200423_223824.291420	1.5	1.4825	-1.0	-1.0073	0.0	-0.001	0	
20200423_223824.299640	1.5	1.4825	-1.0	-1.0073	0.0	-0.0011	0	
20200423_223824.308331	1.5	1.4826	-1.0	-1.0073	0.0	-0.0016	0	
20200423_223824.317932	1.5	1.4826	-1.0	-1.0073	0.0	-0.0022	0	
20200423_223824.324533	1.5	1.4826	-1.0	-1.0073	0.0	-0.0019	0	
20200423_223824.332757	1.5	1.4825	-1.0	-1.0073	0.0	-0.0013	0	
20200423_223824.341123	1.5	1.4825	-1.0	-1.0073	0.0	-0.001	0	
20200423_223824.349584	1.5	1.4825	-1.0	-1.0072	0.0	-0.0011	0	
20200423_223824.358099	1.5	1.4825	-1.0	-1.0072	0.0	-0.0011	0	
20200423_223824.366061	1.5	1.4825	-1.0	-1.0072	0.0	-0.0011	0	
20200423_223824.374550	1.5	1.4825	-1.0	-1.0073	0.0	-0.001	0	
20200423_223824.384589	1.5	1.4825	-1.0	-1.0072	0.0	-0.0009	0	
20200423_223824.391252	1.5	1.4825	-1.0	-1.0072	0.0	-0.0014	0	
20200423_223824.399441	1.5	1.4826	-1.0	-1.0072	0.0	-0.0016	0	
20200423_223824.407940	1.5	1.4826	-1.0	-1.0072	0.0	-0.0015	0	
20200423_223824.419026	1.5	1.4826	-1.0	-1.0072	0.0	-0.0016	0	
20200423_223824.424365	1.5	1.4826	-1.0	-1.0072	0.0	-0.0015	0	
20200423_223824.433102	1.5	1.4826	-1.0	-1.0072	0.0	-0.0018	0	
20200423_223824.440893	1.5	1.4826	-1.0	-1.0072	0.0	-0.0018	0	
20200423_223824.452253	1.5	1.4826	-1.0	-1.0072	0.0	-0.0017	0	
20200423_223824.457726	1.5	1.4825	-1.0	-1.0072	0.0	-0.0011	0	
20200423_223824.466349	1.5	1.4825	-1.0	-1.0072	0.0	-0.0013	0	
20200423_223824.474379	1.5	1.4825	-1.0	-1.0072	0.0	-0.0012	0	
20200423_223824.483008	1.5	1.4825	-1.0	-1.0072	0.0	-0.0011	0	
20200423_223824.491222	1.5	1.4825	-1.0	-1.0072	0.0	-0.001	0	
20200423_223824.499619	1.5	1.4825	-1.0	-1.0072	0.0	-0.0013	0	
20200423_223824.508049	1.5	1.4825	-1.0	-1.0073	0.0	-0.0013	0	
20200423_223824.517036	1.5	1.4826	-1.0	-1.0073	0.0	-0.0024	0	
20200423_223824.524938	1.5	1.4826	-1.0	-1.0073	0.0	-0.0021	0	
20200423_223824.533088	1.5	1.4825	-1.0	-1.0073	0.0	-0.0014	0	
20200423_223824.540895	1.5	1.4825	-1.0	-1.0072	0.0	-0.0009	0	
20200423_223824.549694	1.5	1.4825	-1.0	-1.0073	0.0	-0.0008	0	
20200423_223824.558235	1.5	1.4825	-1.0	-1.0072	0.0	-0.001	0	
20200423_223824.572926	1.5	1.4825	-1.0	-1.0072	0.0	-0.0011	0	
20200423_223824.573836	1.5	1.4825	-1.0	-1.0072	0.0	-0.001	0	
20200423_223824.583318	1.5	1.4825	-1.0	-1.0072	0.0	-0.0012	0	
20200423_223824.590554	1.5	1.4826	-1.0	-1.0073	0.0	-0.0015	0	
20200423_223824.598733	1.5	1.4826	-1.0	-1.0073	0.0	-0.0019	0	
20200423_223824.606987	1.5	1.4826	-1.0	-1.0073	0.0	-0.0018	0	
20200423_223824.615568	1.5	1.4826	-1.0	-1.0072	0.0	-0.0016	0	
20200423_223824.623793	1.5	1.4826	-1.0	-1.0073	0.0	-0.0017	0	
20200423_223824.632473	1.5	1.4826	-1.0	-1.0073	0.0	-0.0018	0	
20200423_223824.640737	1.5	1.4826	-1.0	-1.0073	0.0	-0.0019	0	
20200423_223824.649678	1.5	1.4825	-1.0	-1.0072	0.0	-0.0017	0	
20200423_223824.657641	1.5	1.4825	-1.0	-1.0073	0.0	-0.0012	0	
20200423_223824.665686	1.5	1.4825	-1.0	-1.0072	0.0	-0.001	0	
20200423_223824.674297	1.5	1.4825	-1.0	-1.0072	0.0	-0.001	0	
20200423_223824.682860	1.5	1.4825	-1.0	-1.0072	0.0	-0.0009	0	
20200423_223824.691228	1.5	1.4825	-1.0	-1.0072	0.0	-0.001	0	
20200423_223824.699025	1.5	1.4825	-1.0	-1.0073	0.0	-0.001	0	
20200423_223824.707513	1.5	1.4825	-1.0	-1.0073	0.0	-0.0012	0	
20200423_223824.716270	1.5	1.4826	-1.0	-1.0073	0.0	-0.0021	0	
20200423_223824.724450	1.5	1.4826	-1.0	-1.0073	0.0	-0.002	0	
20200423_223824.732858	1.5	1.4825	-1.0	-1.0072	0.0	-0.0013	0	
20200423_223824.741028	1.5	1.4824	-1.0	-1.0072	0.0	-0.0008	0	
20200423_223824.750134	1.5	1.4824	-1.0	-1.0072	0.0	-0.0011	0	
20200423_223824.757681	1.5	1.4825	-1.0	-1.0072	0.0	-0.0012	0	
20200423_223824.765761	1.5	1.4825	-1.0	-1.0073	0.0	-0.001	0	
20200423_223824.774091	1.5	1.4825	-1.0	-1.0073	0.0	-0.0011	0	
20200423_223824.782646	1.5	1.4825	-1.0	-1.0073	0.0	-0.0011	0	
20200423_223824.790822	1.5	1.4825	-1.0	-1.0072	0.0	-0.001	0	
20200423_223824.799166	1.5	1.4826	-1.0	-1.0073	0.0	-0.0015	0	
20200423_223824.807773	1.5	1.4826	-1.0	-1.0072	0.0	-0.0016	0	
20200423_223824.816020	1.5	1.4825	-1.0	-1.0072	0.0	-0.0015	0	
20200423_223824.824154	1.5	1.4825	-1.0	-1.0073	0.0	-0.0015	0	
20200423_223824.833063	1.5	1.4826	-1.0	-1.0073	0.0	-0.0016	0	
20200423_223824.841443	1.5	1.4826	-1.0	-1.0073	0.0	-0.0017	0	
20200423_223824.849267	1.5	1.4825	-1.0	-1.0072	0.0	-0.0014	0	
20200423_223824.857909	1.5	1.4825	-1.0	-1.0072	0.0	-0.0011	0	
20200423_223824.865608	1.5	1.4825	-1.0	-1.0072	0.0	-0.0009	0	
20200423_223824.874264	1.5	1.4825	-1.0	-1.0072	0.0	-0.0008	0	
20200423_223824.882837	1.5	1.4825	-1.0	-1.0073	0.0	-0.0009	0	
20200423_223824.891460	1.5	1.4825	-1.0	-1.0073	0.0	-0.001	0	
20200423_223824.899577	1.5	1.4825	-1.0	-1.0072	0.0	-0.001	0	
20200423_223824.908245	1.5	1.4825	-1.0	-1.0072	0.0	-0.0011	0	
20200423_223824.916587	1.5	1.4826	-1.0	-1.0073	0.0	-0.0021	0	
20200423_223824.924730	1.5	1.4826	-1.0	-1.0073	0.0	-0.0022	0	
20200423_223824.932960	1.5	1.4825	-1.0	-1.0073	0.0	-0.0013	0	
20200423_223824.941277	1.5	1.4825	-1.0	-1.0073	0.0	-0.001	0	
20200423_223824.949491	1.5	1.4825	-1.0	-1.0073	0.0	-0.0009	0	
20200423_223824.958035	1.5	1.4825	-1.0	-1.0073	0.0	-0.001	0	
20200423_223824.966307	1.5	1.4825	-1.0	-1.0073	0.0	-0.0008	0	
20200423_223824.974228	1.5	1.4825	-1.0	-1.0073	0.0	-0.001	0	
20200423_223824.982561	1.5	1.4825	-1.0	-1.0073	0.0	-0.0011	0	
20200423_223824.991398	1.5	1.4825	-1.0	-1.0073	0.0	-0.0013	0	
20200423_223824.999856	1.5	1.4825	-1.0	-1.0073	0.0	-0.0016	0	
20200423_223825.007808	1.5	1.4825	-1.0	-1.0073	0.0	-0.0017	0	
20200423_223825.016747	1.5	1.4825	-1.0	-1.0072	0.0	-0.0017	0	
20200423_223825.024469	1.5	1.4825	-1.0	-1.0073	0.0	-0.0014	0	
20200423_223825.032931	1.5	1.4825	-1.0	-1.0072	0.0	-0.0017	0	
20200423_223825.041067	1.5	1.4825	-1.0	-1.0073	0.0	-0.0017	0	
20200423_223825.050982	1.5	1.4825	-1.0	-1.0072	0.0	-0.0017	0	
20200423_223825.058066	1.5	1.4823	-1.0	-1.0071	0.0	0.0026	0	
20200423_223825.066455	1.5	1.4821	-1.0	-1.0072	0.0	0.0028	0	
20200423_223825.074519	1.5	1.4821	-1.0	-1.0072	0.0	0.0026	0	
20200423_223825.083097	1.5	1.4821	-1.0	-1.0072	0.0	0.0026	0	
20200423_223825.091119	1.5	1.4821	-1.0	-1.0072	0.0	0.0027	0	
20200423_223825.099144	1.5	1.4819	-1.0	-1.0071	0.0	0.006	0	
20200423_223825.108347	1.5	1.4821	-1.0	-1.0072	0.0	0.0028	0	
20200423_223825.116838	1.5	1.4823	-1.0	-1.0072	0.0	0.0006	0	
20200423_223825.124354	1.5	1.4823	-1.0	-1.0072	0.0	0.0004	0	
20200423_223825.133209	1.5	1.4821	-1.0	-1.0072	0.0	0.002	0	
20200423_223825.141238	1.5	1.4821	-1.0	-1.0072	0.0	0.0026	0	
20200423_223825.149774	1.5	1.4821	-1.0	-1.0072	0.0	0.0026	0	
20200423_223825.157706	1.5	1.4822	-1.0	-1.0072	0.0	0.003	0	
20200423_223825.166407	1.5	1.4822	-1.0	-1.0072	0.0	0.0025	0	
20200423_223825.174712	1.5	1.4822	-1.0	-1.0072	0.0	0.0026	0	
20200423_223825.184621	1.5	1.4821	-1.0	-1.0072	0.0	0.0027	0	
20200423_223825.190982	1.5	1.4822	-1.0	-1.0072	0.0	0.0024	0	
20200423_223825.199102	1.5	1.4822	-1.0	-1.0072	0.0	0.0015	0	
20200423_223825.207707	1.5	1.4822	-1.0	-1.0072	0.0	0.0014	0	
20200423_223825.216975	1.5	1.4822	-1.0	-1.0072	0.0	0.0015	0	
20200423_223825.224506	1.5	1.4822	-1.0	-1.0072	0.0	0.0021	0	
20200423_223825.232791	1.5	1.4822	-1.0	-1.0072	0.0	0.0015	0	
20200423_223825.241276	1.5	1.4822	-1.0	-1.0071	0.0	0.0015	0	
20200423_223825.249425	1.5	1.4822	-1.0	-1.0071	0.0	0.0017	0	
20200423_223825.257733	1.5	1.4821	-1.0	-1.0071	0.0	0.0025	0	
20200423_223825.266036	1.5	1.4821	-1.0	-1.0071	0.0	0.0024	0	
20200423_223825.274763	1.5	1.4821	-1.0	-1.0072	0.0	0.0022	0	
20200423_223825.283412	1.5	1.4821	-1.0	-1.0072	0.0	0.0025	0	
20200423_223825.291199	1.5	1.4821	-1.0	-1.0071	0.0	0.0024	0	
20200423_223825.299337	1.5	1.4821	-1.0	-1.0072	0.0	0.0026	0	
20200423_223825.307872	1.5	1.4821	-1.0	-1.0072	0.0	0.0024	0	
20200423_223825.316787	1.5	1.4823	-1.0	-1.0072	0.0	0.0007	0	
20200423_223825.324375	1.5	1.4823	-1.0	-1.0072	0.0	0.0002	0	
20200423_223825.332850	1.5	1.4822	-1.0	-1.0072	0.0	0.0019	0	
20200423_223825.341757	1.5	1.4821	-1.0	-1.0072	0.0	0.0028	0	
20200423_223825.349396	1.5	1.4821	-1.0	-1.0072	0.0	0.0026	0	
20200423_223825.357671	1.5	1.4821	-1.0	-1.0072	0.0	0.0028	0	
20200423_223825.366778	1.5	1.4821	-1.0	-1.0072	0.0	0.0028	0	
20200423_223825.374844	1.5	1.4821	-1.0	-1.0071	0.0	0.003	0	
20200423_223825.382405	1.5	1.4821	-1.0	-1.0072	0.0	0.0027	0	
20200423_223825.391499	1.5	1.4822	-1.0	-1.0072	0.0	0.0025	0	
20200423_223825.399953	1.5	1.4823	-1.0	-1.0072	0.0	0.0015	0	
20200423_223825.407668	1.5	1.4823	-1.0	-1.0072	0.0	0.0017	0	
20200423_223825.416392	1.5	1.4823	-1.0	-1.0072	0.0	0.0016	0	
20200423_223825.424410	1.5	1.4822	-1.0	-1.0073	0.0	0.002	0	
20200423_223825.432795	1.5	1.4823	-1.0	-1.0073	0.0	0.0015	0	
20200423_223825.441517	1.5	1.4823	-1.0	-1.0073	0.0	0.0013	0	
20200423_223825.449720	1.5	1.4822	-1.0	-1.0072	0.0	0.0015	0	
20200423_223825.458426	1.5	1.4821	-1.0	-1.0072	0.0	0.0028	0	
20200423_223825.465965	1.5	1.4821	-1.0	-1.0072	0.0	0.0024	0	
20200423_223825.474724	1.5	1.4821	-1.0	-1.0072	0.0	0.0024	0	
20200423_223825.483372	1.5	1.4821	-1.0	-1.0072	0.0	0.0025	0	
20200423_223825.491249	1.5	1.4821	-1.0	-1.0071	0.0	0.003	0	
20200423_223825.499360	1.5	1.4821	-1.0	-1.0072	0.0	0.0029	0	
20200423_223825.507959	1.5	1.4821	-1.0	-1.0071	0.0	0.0031	0	
20200423_223825.516699	1.5	1.4823	-1.0	-1.0072	0.0	0.001	0	
20200423_223825.524833	1.5	1.4823	-1.0	-1.0071	0.0	0.0007	0	
20200423_223825.532903	1.5	1.4822	-1.0	-1.0071	0.0	0.0018	0	
20200423_223825.540847	1.5	1.4821	-1.0	-1.0072	0.0	0.0029	0	
20200423_223825.551441	1.5	1.4821	-1.0	-1.0071	0.0	0.0029	0	
20200423_223825.557939	1.5	1.4821	-1.0	-1.0072	0.0	0.0027	0	
20200423_223825.565541	1.5	1.4821	-1.0	-1.0072	0.0	0.0026	0	
20200423_223825.573789	1.5	1.4821	-1.0	-1.0072	0.0	0.0028	0	
20200423_223825.582214	1.5	1.4821	-1.0	-1.0072	0.0	0.0028	0	
20200423_223825.590710	1.5	1.4822	-1.0	-1.0072	0.0	0.0026	0	
20200423_223825.598754	1.5	1.4822	-1.0	-1.0072	0.0	0.0018	0	
20200423_223825.607026	1.5	1.4822	-1.0	-1.0072	0.0	0.0017	0	
20200423_223825.615788	1.5	1.4822	-1.0	-1.0072	0.0	0.0014	0	
20200423_223825.624508	1.5	1.4822	-1.0	-1.0072	0.0	0.0021	0	
20200423_223825.632224	1.5	1.482	-1.0	-1.0071	0.0	0.0047	0	
20200423_223825.640671	1.5	1.4825	-1.0	-1.0072	0.0	-0.0017	0	
20200423_223825.649122	1.5	1.4825	-1.0	-1.0072	0.0	-0.0016	0	
20200423_223825.658100	1.5	1.4824	-1.0	-1.0072	0.0	-0.001	0	
20200423_223825.665739	1.5	1.4824	-1.0	-1.0072	0.0	-0.001	0	
20200423_223825.674676	1.5	1.4824	-1.0	-1.0072	0.0	-0.0011	0	
20200423_223825.683289	1.5	1.4824	-1.0	-1.0072	0.0	-0.0012	0	
20200423_223825.691337	1.5	1.4825	-1.0	-1.0072	0.0	-0.0008	0	
20200423_223825.699441	1.5	1.4825	-1.0	-1.0072	0.0	-0.001	0	
20200423_223825.707928	1.5	1.4825	-1.0	-1.0072	0.0	-0.0011	0	
20200423_223825.716402	1.5	1.4826	-1.0	-1.0072	0.0	-0.0018	0	
20200423_223825.724212	1.5	1.4826	-1.0	-1.0072	0.0	-0.002	0	
20200423_223825.732854	1.5	1.4825	-1.0	-1.0072	0.0	-0.0015	0	
20200423_223825.741139	1.5	1.4825	-1.0	-1.0072	0.0	-0.001	0	
20200423_223825.750323	1.5	1.4825	-1.0	-1.0073	0.0	-0.0011	0	
20200423_223825.758357	1.5	1.4825	-1.0	-1.0072	0.0	-0.001	0	
20200423_223825.766278	1.5	1.4825	-1.0	-1.0073	0.0	-0.0011	0	
20200423_223825.774570	1.5	1.4825	-1.0	-1.0073	0.0	-0.0013	0	
20200423_223825.784509	1.5	1.4825	-1.0	-1.0073	0.0	-0.0008	0	
20200423_223825.790894	1.5	1.4825	-1.0	-1.0073	0.0	-0.001	0	
20200423_223825.799659	1.5	1.4825	-1.0	-1.0073	0.0	-0.0015	0	
20200423_223825.808125	1.5	1.4825	-1.0	-1.0073	0.0	-0.0015	0	
20200423_223825.816082	1.5	1.4825	-1.0	-1.0073	0.0	-0.0015	0	
20200423_223825.824390	1.5	1.4825	-1.0	-1.0073	0.0	-0.0012	0	
20200423_223825.832841	1.5	1.4825	-1.0	-1.0073	0.0	-0.0016	0	
20200423_223825.841198	1.5	1.4826	-1.0	-1.0073	0.0	-0.0016	0	
20200423_223825.849439	1.5	1.4826	-1.0	-1.0073	0.0	-0.0016	0	
20200423_223825.858039	1.5	1.4825	-1.0	-1.0072	0.0	-0.0013	0	
20200423_223825.865814	1.5	1.4825	-1.0	-1.0072	0.0	-0.0009	0	
20200423_223825.874527	1.5	1.4825	-1.0	-1.0072	0.0	-0.001	0	
20200423_223825.883029	1.5	1.4824	-1.0	-1.0072	0.0	-0.0008	0	
20200423_223825.891000	1.5	1.4824	-1.0	-1.0073	0.0	-0.0009	0	
20200423_223825.899537	1.5	1.4824	-1.0	-1.0072	0.0	-0.0011	0	
20200423_223825.907707	1.5	1.4824	-1.0	-1.0072	0.0	-0.001	0	
20200423_223825.916072	1.5	1.4825	-1.0	-1.0072	0.0	-0.0019	0	
20200423_223825.924224	1.5	1.4825	-1.0	-1.0072	0.0	-0.0021	0	
20200423_223825.932913	1.5	1.4825	-1.0	-1.0072	0.0	-0.0018	0	
20200423_223825.941456	1.5	1.4824	-1.0	-1.0072	0.0	-0.0009	0	
20200423_223825.950031	1.5	1.4824	-1.0	-1.0072	0.0	-0.0011	0	
20200423_223825.958032	1.5	1.4824	-1.0	-1.0072	0.0	-0.001	0	
20200423_223825.966315	1.5	1.4824	-1.0	-1.0072	0.0	-0.001	0	
20200423_223825.974250	1.5	1.4825	-1.0	-1.0072	0.0	-0.0017	0	
20200423_223825.983047	1.5	1.4824	-1.0	-1.0072	0.0	-0.001	0	
20200423_223825.991298	1.5	1.4824	-1.0	-1.0072	0.0	-0.0008	0	
20200423_223825.999572	1.5	1.4823	-1.0	-1.0071	0.0	0.0021	0	
20200423_223826.007821	1.5	1.4825	-1.0	-1.0072	0.0	-0.0016	0	
20200423_223826.016062	1.5	1.4825	-1.0	-1.0072	0.0	-0.0016	0	
20200423_223826.024632	1.5	1.4825	-1.0	-1.0073	0.0	-0.0013	0	
20200423_223826.033084	1.5	1.4825	-1.0	-1.0073	0.0	-0.0015	0	
20200423_223826.042607	1.5	1.4825	-1.0	-1.0073	0.0	-0.0015	0	
20200423_223826.050889	1.5	1.4826	-1.0	-1.0073	0.0	-0.0016	0	
20200423_223826.058111	1.5	1.4825	-1.0	-1.0073	0.0	-0.0011	0	
20200423_223826.065748	1.5	1.4825	-1.0	-1.0072	0.0	-0.0008	0	
20200423_223826.074439	1.5	1.4824	-1.0	-1.0072	0.0	-0.0008	0	
20200423_223826.082824	1.5	1.4824	-1.0	-1.0072	0.0	-0.0008	0	
20200423_223826.091537	1.5	1.4825	-1.0	-1.0072	0.0	-0.001	0	
20200423_223826.099543	1.5	1.4824	-1.0	-1.0072	0.0	-0.0011	0	
20200423_223826.107797	1.5	1.4824	-1.0	-1.0072	0.0	-0.001	0	
20200423_223826.116417	1.5	1.4825	-1.0	-1.0073	0.0	-0.0018	0	
20200423_223826.124830	1.5	1.4826	-1.0	-1.0073	0.0	-0.0021	0	
20200423_223826.133078	1.5	1.4825	-1.0	-1.0073	0.0	-0.0016	0	
20200423_223826.140835	1.5	1.4825	-1.0	-1.0073	0.0	-0.0011	0	
20200423_223826.149971	1.5	1.4825	-1.0	-1.0072	0.0	-0.0015	0	
20200423_223826.158284	1.5	1.4825	-1.0	-1.0072	0.0	-0.0018	0	
20200423_223826.166133	1.5	1.4824	-1.0	-1.0073	0.0	-0.0012	0	
20200423_223826.174169	1.5	1.4824	-1.0	-1.0072	0.0	-0.001	0	
20200423_223826.183048	1.5	1.4824	-1.0	-1.0072	0.0	-0.001	0	
20200423_223826.190637	1.5	1.4824	-1.0	-1.0072	0.0	-0.0009	0	
20200423_223826.198798	1.5	1.4825	-1.0	-1.0072	0.0	-0.0017	0	
20200423_223826.207222	1.5	1.4825	-1.0	-1.0073	0.0	-0.0018	0	
20200423_223826.216605	1.5	1.4825	-1.0	-1.0072	0.0	-0.0017	0	
20200423_223826.224372	1.5	1.4825	-1.0	-1.0072	0.0	-0.0013	0	
20200423_223826.232952	1.5	1.4825	-1.0	-1.0073	0.0	-0.0015	0	
20200423_223826.240972	1.5	1.4825	-1.0	-1.0073	0.0	-0.0017	0	
20200423_223826.249616	1.5	1.4825	-1.0	-1.0073	0.0	-0.0017	0	
20200423_223826.257997	1.5	1.4825	-1.0	-1.0072	0.0	-0.0014	0	
20200423_223826.266293	1.5	1.4825	-1.0	-1.0072	0.0	-0.0012	0	
20200423_223826.274555	1.5	1.4825	-1.0	-1.0072	0.0	-0.0014	0	
20200423_223826.283033	1.5	1.4825	-1.0	-1.0073	0.0	-0.0011	0	
20200423_223826.292067	1.5	1.4825	-1.0	-1.0073	0.0	-0.0009	0	
20200423_223826.299813	1.5	1.4823	-1.0	-1.0072	0.0	0.0027	0	
20200423_223826.312343	1.5	1.4821	-1.0	-1.0072	0.0	0.0028	0	
20200423_223826.316108	1.5	1.4821	-1.0	-1.0074	0.0	0.0014	0	
20200423_223826.324596	1.5	1.4822	-1.0	-1.0073	0.0	0.0008	0	
20200423_223826.335183	1.5	1.4821	-1.0	-1.0073	0.0	0.0013	0	
20200423_223826.341385	1.5	1.482	-1.0	-1.0074	0.0	0.0026	0	
20200423_223826.349819	1.5	1.482	-1.0	-1.0074	0.0	0.0025	0	
20200423_223826.357932	1.5	1.482	-1.0	-1.0073	0.0	0.0029	0	
20200423_223826.366969	1.5	1.4821	-1.0	-1.0073	0.0	0.0028	0	
20200423_223826.374738	1.5	1.482	-1.0	-1.0073	0.0	0.003	0	
20200423_223826.382884	1.5	1.4821	-1.0	-1.0073	0.0	0.0028	0	
20200423_223826.391344	1.5	1.4821	-1.0	-1.0074	0.0	0.0027	0	
20200423_223826.399362	1.5	1.4819	-1.0	-1.0073	0.0	0.0053	0	
20200423_223826.408192	1.5	1.4824	-1.0	-1.0074	0.0	-0.0012	0	
20200423_223826.416226	1.5	1.4824	-1.0	-1.0074	0.0	-0.0014	0	
20200423_223826.424453	1.5	1.4824	-1.0	-1.0074	0.0	-0.0012	0	
20200423_223826.432728	1.5	1.4825	-1.0	-1.0074	0.0	-0.0012	0	
20200423_223826.441399	1.5	1.4825	-1.0	-1.0075	0.0	-0.0013	0	
20200423_223826.449367	1.5	1.4826	-1.0	-1.0073	0.0	-0.0015	0	
20200423_223826.458183	1.5	1.4825	-1.0	-1.0073	0.0	-0.0016	0	
20200423_223826.466025	1.5	1.4825	-1.0	-1.0073	0.0	-0.0012	0	
20200423_223826.474367	1.5	1.4823	-1.0	-1.0072	0.0	0.0025	0	
20200423_223826.482562	1.5	1.4821	-1.0	-1.0072	0.0	0.0028	0	
20200423_223826.491537	1.5	1.4819	-1.0	-1.0072	0.0	0.0061	0	
20200423_223826.499596	1.5	1.4821	-1.0	-1.0073	0.0	0.0028	0	
20200423_223826.507596	1.5	1.4819	-1.0	-1.0072	0.0	0.0059	0	
20200423_223826.516345	1.5	1.4825	-1.0	-1.0075	0.0	-0.0012	0	
20200423_223826.524704	1.5	1.4826	-1.0	-1.0073	0.0	-0.0022	0	
20200423_223826.532791	1.5	1.4826	-1.0	-1.0073	0.0	-0.0021	0	
20200423_223826.541708	1.5	1.4825	-1.0	-1.0073	0.0	-0.0015	0	
20200423_223826.549745	1.5	1.4824	-1.0	-1.0073	0.0	-0.0011	0	
20200423_223826.557950	1.5	1.4825	-1.0	-1.0073	0.0	-0.001	0	
20200423_223826.565606	1.5	1.4825	-1.0	-1.0073	0.0	-0.0009	0	
20200423_223826.573789	1.5	1.4825	-1.0	-1.0073	0.0	-0.0011	0	
20200423_223826.582026	1.5	1.4825	-1.0	-1.0073	0.0	-0.0009	0	
20200423_223826.590373	1.5	1.4825	-1.0	-1.0073	0.0	-0.001	0	
20200423_223826.598616	1.5	1.4823	-1.0	-1.0072	0.0	0.0022	0	
20200423_223826.607071	1.5	1.4825	-1.0	-1.0073	0.0	-0.0016	0	
20200423_223826.615306	1.5	1.4825	-1.0	-1.0073	0.0	-0.0016	0	
20200423_223826.623671	1.5	1.4825	-1.0	-1.0073	0.0	-0.0015	0	
20200423_223826.632381	1.5	1.4825	-1.0	-1.0073	0.0	-0.0017	0	
20200423_223826.640606	1.5	1.4825	-1.0	-1.0073	0.0	-0.0018	0	
20200423_223826.649162	1.5	1.4825	-1.0	-1.0073	0.0	-0.0015	0	
20200423_223826.657531	1.5	1.4825	-1.0	-1.0073	0.0	-0.0012	0	
20200423_223826.666160	1.5	1.4823	-1.0	-1.0071	0.0	0.0027	0	
20200423_223826.674722	1.5	1.4822	-1.0	-1.0071	0.0	0.0027	0	
20200423_223826.683707	1.5	1.4822	-1.0	-1.0071	0.0	0.0027	0	
20200423_223826.691022	1.5	1.4821	-1.0	-1.0072	0.0	0.0028	0	
20200423_223826.699467	1.5	1.4821	-1.0	-1.0072	0.0	0.0031	0	
20200423_223826.707582	1.5	1.4819	-1.0	-1.0071	0.0	0.006	0	
20200423_223826.716278	1.5	1.4825	-1.0	-1.0073	0.0	-0.0012	0	
20200423_223826.724634	1.5	1.4825	-1.0	-1.0073	0.0	-0.0018	0	
20200423_223826.732748	1.5	1.4825	-1.0	-1.0073	0.0	-0.0017	0	
20200423_223826.741353	1.5	1.4823	-1.0	-1.0071	0.0	0.0025	0	
20200423_223826.749459	1.5	1.4821	-1.0	-1.0072	0.0	0.0027	0	
20200423_223826.757617	1.5	1.4821	-1.0	-1.0072	0.0	0.0026	0	
20200423_223826.765919	1.5	1.4821	-1.0	-1.0072	0.0	0.0026	0	
20200423_223826.774511	1.5	1.4819	-1.0	-1.0071	0.0	0.006	0	
20200423_223826.782537	1.5	1.4819	-1.0	-1.0071	0.0	0.0058	0	
20200423_223826.791703	1.5	1.4821	-1.0	-1.0072	0.0	0.0026	0	
20200423_223826.799475	1.5	1.4822	-1.0	-1.0072	0.0	0.0019	0	
20200423_223826.807429	1.5	1.4822	-1.0	-1.0072	0.0	0.0014	0	
20200423_223826.816119	1.5	1.4822	-1.0	-1.0072	0.0	0.0013	0	
20200423_223826.824349	1.5	1.4821	-1.0	-1.0072	0.0	0.0019	0	
20200423_223826.832809	1.5	1.4822	-1.0	-1.0072	0.0	0.0015	0	
20200423_223826.840788	1.5	1.4822	-1.0	-1.0072	0.0	0.0015	0	
20200423_223826.848948	1.5	1.4822	-1.0	-1.0072	0.0	0.0014	0	
20200423_223826.857564	1.5	1.4822	-1.0	-1.0072	0.0	0.002	0	
20200423_223826.866309	1.5	1.4821	-1.0	-1.0072	0.0	0.0027	0	
20200423_223826.874430	1.5	1.4821	-1.0	-1.0072	0.0	0.0027	0	
20200423_223826.882524	1.5	1.4821	-1.0	-1.0072	0.0	0.0026	0	
20200423_223826.890859	1.5	1.4821	-1.0	-1.0071	0.0	0.0029	0	
20200423_223826.899683	1.5	1.4821	-1.0	-1.0072	0.0	0.0032	0	
20200423_223826.907980	1.5	1.482	-1.0	-1.0072	0.0	0.0032	0	
20200423_223826.915884	1.5	1.4821	-1.0	-1.0072	0.0	0.002	0	
20200423_223826.924385	1.5	1.4822	-1.0	-1.0072	0.0	0.0003	0	
20200423_223826.932476	1.5	1.4822	-1.0	-1.0072	0.0	0.0008	0	
20200423_223826.941033	1.5	1.4821	-1.0	-1.0072	0.0	0.0022	0	
20200423_223826.949551	1.5	1.4821	-1.0	-1.0072	0.0	0.0029	0	
20200423_223826.958139	1.5	1.4821	-1.0	-1.0072	0.0	0.0028	0	
20200423_223826.965933	1.5	1.4818	-1.0	-1.0071	0.0	0.006	0	
20200423_223826.974366	1.5	1.482	-1.0	-1.0072	0.0	0.0029	0	
20200423_223826.982846	1.5	1.482	-1.0	-1.0071	0.0	0.0027	0	
20200423_223826.991251	1.5	1.4821	-1.0	-1.0071	0.0	0.0025	0	
20200423_223826.999405	1.5	1.4822	-1.0	-1.0072	0.0	0.002	0	
20200423_223827.007566	1.5	1.482	-1.0	-1.0071	0.0	0.0048	0	
20200423_223827.016678	1.5	1.4825	-1.0	-1.0072	0.0	-0.0017	0	
20200423_223827.024457	1.5	1.4825	-1.0	-1.0072	0.0	-0.0015	0	
20200423_223827.033033	1.5	1.4825	-1.0	-1.0072	0.0	-0.0015	0	
20200423_223827.040982	1.5	1.4825	-1.0	-1.0073	0.0	-0.0017	0	
20200423_223827.049590	1.5	1.4825	-1.0	-1.0072	0.0	-0.0016	0	
20200423_223827.058232	1.5	1.4825	-1.0	-1.0073	0.0	-0.0016	0	
20200423_223827.066405	1.5	1.4824	-1.0	-1.0073	0.0	-0.0013	0	
20200423_223827.074775	1.5	1.4824	-1.0	-1.0072	0.0	-0.0012	0	
20200423_223827.082750	1.5	1.4825	-1.0	-1.0072	0.0	-0.0011	0	
20200423_223827.091667	1.5	1.4824	-1.0	-1.0072	0.0	-0.0011	0	
20200423_223827.099807	1.5	1.4824	-1.0	-1.0072	0.0	-0.0011	0	
20200423_223827.107952	1.5	1.4824	-1.0	-1.0073	0.0	-0.001	0	
20200423_223827.115579	1.5	1.4825	-1.0	-1.0073	0.0	-0.0013	0	
20200423_223827.124189	1.5	1.4826	-1.0	-1.0073	0.0	-0.0025	0	
20200423_223827.133119	1.5	1.4825	-1.0	-1.0073	0.0	-0.0024	0	
20200423_223827.140882	1.5	1.4824	-1.0	-1.0073	0.0	-0.0017	0	
20200423_223827.149164	1.5	1.4824	-1.0	-1.0073	0.0	-0.0011	0	
20200423_223827.158805	1.5	1.4824	-1.0	-1.0073	0.0	-0.0012	0	
20200423_223827.167131	1.5	1.4822	-1.0	-1.0072	0.0	0.0023	0	
20200423_223827.174792	1.5	1.4821	-1.0	-1.0073	0.0	0.0025	0	
20200423_223827.183121	1.5	1.4821	-1.0	-1.0073	0.0	0.0028	0	
20200423_223827.191561	1.5	1.4821	-1.0	-1.0072	0.0	0.0027	0	
20200423_223827.200439	1.5	1.4822	-1.0	-1.0072	0.0	0.0021	0	
20200423_223827.208286	1.5	1.482	-1.0	-1.0071	0.0	0.005	0	
20200423_223827.216858	1.5	1.4825	-1.0	-1.0073	0.0	-0.0015	0	
20200423_223827.225438	1.5	1.4825	-1.0	-1.0073	0.0	-0.0014	0	
20200423_223827.233856	1.5	1.4825	-1.0	-1.0073	0.0	-0.0014	0	
20200423_223827.241477	1.5	1.4825	-1.0	-1.0073	0.0	-0.0017	0	
20200423_223827.249980	1.5	1.4825	-1.0	-1.0072	0.0	-0.0019	0	
20200423_223827.257265	1.5	1.4825	-1.0	-1.0072	0.0	-0.0018	0	
20200423_223827.265497	1.5	1.4825	-1.0	-1.0072	0.0	-0.0013	0	
