Time	X_Setpt	X_FB	Y_Setpt	Y_FB	Theta_Setpt	Theta_FB	Motion Status	
20200423_223806.457359	0.375	0.2928	-1.0	-0.3232	0.0	0.5453	1	
20200423_223806.555218	0.375	0.2935	-1.0	-0.3234	0.0	0.5479	1	
20200423_223806.655078	0.375	0.2953	-1.0	-0.3216	0.0	0.5227	1	
20200423_223806.755132	0.375	0.2988	-1.0	-0.3183	0.0	0.4652	1	
20200423_223806.855277	0.375	0.3019	-1.0	-0.3151	0.0	0.3894	1	
20200423_223806.955117	0.375	0.3074	-1.0	-0.311	0.0	0.3168	1	
20200423_223807.055264	0.375	0.3109	-1.0	-0.3078	0.0	0.2427	1	
20200423_223807.155061	0.375	0.3165	-1.0	-0.3049	0.0	0.1656	1	
20200423_223807.255140	0.375	0.3211	-1.0	-0.303	0.0	0.099	1	
20200423_223807.355111	0.375	0.3274	-1.0	-0.3004	0.0	0.0224	1	
20200423_223807.455175	0.375	0.3328	-1.0	-0.2986	0.0	-0.0599	1	
20200423_223807.555237	0.375	0.3397	-1.0	-0.297	0.0	-0.1339	1	
20200423_223807.655601	0.375	0.3468	-1.0	-0.2967	0.0	-0.2159	1	
20200423_223807.755067	0.375	0.3542	-1.0	-0.2958	0.0	-0.2926	1	
20200423_223807.855118	0.375	0.362	-1.0	-0.2964	0.0	-0.369	1	
20200423_223807.955088	0.375	0.3692	-1.0	-0.2974	0.0	-0.4392	1	
20200423_223808.055084	0.375	0.3769	-1.0	-0.2989	0.0	-0.5062	1	
20200423_223808.155056	0.375	0.3842	-1.0	-0.3006	0.0	-0.5798	1	
20200423_223808.255202	0.375	0.3905	-1.0	-0.3035	0.0	-0.6396	1	
20200423_223808.355087	0.375	0.399	-1.0	-0.3077	0.0	-0.7181	1	
20200423_223808.455066	0.375	0.4053	-1.0	-0.3116	0.0	-0.7868	1	
20200423_223808.555015	0.375	0.4118	-1.0	-0.3161	0.0	-0.8656	1	
20200423_223808.655060	0.375	0.4191	-1.0	-0.3222	0.0	-0.9284	1	
20200423_223808.755028	0.375	0.4252	-1.0	-0.3273	0.0	-0.9965	1	
20200423_223808.855185	0.375	0.4305	-1.0	-0.3326	0.0	-1.0723	1	
20200423_223808.955263	0.375	0.4365	-1.0	-0.3402	0.0	-1.1456	1	
20200423_223809.055632	0.375	0.4414	-1.0	-0.3474	0.0	-1.2185	1	
20200423_223809.156532	0.375	0.4464	-1.0	-0.3557	0.0	-1.2946	1	
20200423_223809.255007	0.375	0.4502	-1.0	-0.3635	0.0	-1.3693	1	
20200423_223809.355126	0.375	0.4536	-1.0	-0.3723	0.0	-1.4458	1	
20200423_223809.455113	0.375	0.4564	-1.0	-0.3814	0.0	-1.5147	1	
20200423_223809.555116	0.375	0.4586	-1.0	-0.3897	0.0	-1.5896	1	
20200423_223809.655106	0.375	0.4605	-1.0	-0.3982	0.0	-1.669	1	
20200423_223809.755139	0.375	0.4613	-1.0	-0.4079	0.0	-1.741	1	
20200423_223809.855051	0.375	0.4612	-1.0	-0.4172	0.0	-1.7663	1	
20200423_223809.955175	0.375	0.4592	-1.0	-0.4261	0.0	-1.7725	1	
20200423_223810.055175	0.375	0.4577	-1.0	-0.4357	0.0	-1.7752	1	
20200423_223810.155119	0.375	0.4565	-1.0	-0.4442	0.0	-1.781	1	
20200423_223810.255185	0.375	0.4545	-1.0	-0.4533	0.0	-1.7798	1	
20200423_223810.355158	0.375	0.4534	-1.0	-0.4625	0.0	-1.7858	1	
20200423_223810.456172	0.375	0.4514	-1.0	-0.4722	0.0	-1.7845	1	
20200423_223810.555266	0.375	0.4493	-1.0	-0.4826	0.0	-1.7883	1	
20200423_223810.655143	0.375	0.4478	-1.0	-0.4919	0.0	-1.7856	1	
20200423_223810.755194	0.375	0.4466	-1.0	-0.5021	0.0	-1.787	1	
20200423_223810.855194	0.375	0.4451	-1.0	-0.511	0.0	-1.7909	1	
20200423_223810.955209	0.375	0.4432	-1.0	-0.5218	0.0	-1.793	1	
20200423_223811.055025	0.375	0.4416	-1.0	-0.531	0.0	-1.7875	1	
20200423_223811.155149	0.375	0.4396	-1.0	-0.5406	0.0	-1.7822	1	
20200423_223811.255259	0.375	0.4378	-1.0	-0.5493	0.0	-1.7829	1	
20200423_223811.355053	0.375	0.4363	-1.0	-0.5599	0.0	-1.7861	1	
20200423_223811.455091	0.375	0.4347	-1.0	-0.5674	0.0	-1.7897	1	
20200423_223811.555171	0.375	0.4328	-1.0	-0.5789	0.0	-1.7891	1	
20200423_223811.655081	0.375	0.4318	-1.0	-0.5882	0.0	-1.7969	1	
20200423_223811.755170	0.375	0.4295	-1.0	-0.5971	0.0	-1.7943	1	
20200423_223811.855388	0.375	0.4267	-1.0	-0.6061	0.0	-1.7542	1	
20200423_223811.955151	0.375	0.4247	-1.0	-0.6152	0.0	-1.7081	1	
20200423_223812.055112	0.375	0.4228	-1.0	-0.626	0.0	-1.6946	1	
20200423_223812.155462	0.375	0.4223	-1.0	-0.6346	0.0	-1.6898	1	
20200423_223812.255005	0.375	0.4217	-1.0	-0.6442	0.0	-1.6924	1	
20200423_223812.355153	0.375	0.4205	-1.0	-0.6539	0.0	-1.6939	1	
20200423_223812.455194	0.375	0.4197	-1.0	-0.6628	0.0	-1.6967	1	
20200423_223812.555173	0.375	0.4193	-1.0	-0.6733	0.0	-1.6944	1	
20200423_223812.655031	0.375	0.418	-1.0	-0.6831	0.0	-1.6942	1	
20200423_223812.755062	0.375	0.4174	-1.0	-0.6913	0.0	-1.6989	1	
20200423_223812.855148	0.375	0.4165	-1.0	-0.7008	0.0	-1.7085	1	
20200423_223812.955162	0.375	0.4161	-1.0	-0.7111	0.0	-1.7083	1	
20200423_223813.055017	0.375	0.4148	-1.0	-0.7201	0.0	-1.7105	1	
20200423_223813.155172	0.375	0.4138	-1.0	-0.7287	0.0	-1.7081	1	
20200423_223813.255152	0.375	0.413	-1.0	-0.739	0.0	-1.7069	1	
20200423_223813.355144	0.375	0.4119	-1.0	-0.7495	0.0	-1.713	1	
20200423_223813.455142	0.375	0.4108	-1.0	-0.7574	0.0	-1.7096	1	
20200423_223813.554901	0.375	0.4096	-1.0	-0.7688	0.0	-1.7066	1	
20200423_223813.655126	0.375	0.4088	-1.0	-0.7766	0.0	-1.7075	1	
20200423_223813.755169	0.375	0.4075	-1.0	-0.7872	0.0	-1.711	1	
20200423_223813.855129	0.375	0.4067	-1.0	-0.7965	0.0	-1.7088	1	
20200423_223813.955097	0.375	0.405	-1.0	-0.8074	0.0	-1.7046	1	
20200423_223814.055111	0.375	0.404	-1.0	-0.8152	0.0	-1.7053	1	
20200423_223814.155035	0.375	0.4027	-1.0	-0.8255	0.0	-1.7112	1	
20200423_223814.258850	0.375	0.4017	-1.0	-0.8344	0.0	-1.7099	1	
20200423_223814.355115	0.375	0.4004	-1.0	-0.8448	0.0	-1.7038	1	
20200423_223814.455046	0.375	0.4001	-1.0	-0.8538	0.0	-1.7114	1	
20200423_223814.555221	0.375	0.3992	-1.0	-0.8625	0.0	-1.7188	1	
20200423_223814.659365	0.375	0.3977	-1.0	-0.8716	0.0	-1.7201	1	
20200423_223814.755075	0.375	0.3972	-1.0	-0.8812	0.0	-1.7219	1	
20200423_223814.855087	0.375	0.3961	-1.0	-0.8923	0.0	-1.7267	1	
20200423_223814.955174	0.375	0.3952	-1.0	-0.9005	0.0	-1.7305	1	
20200423_223815.056297	0.375	0.3942	-1.0	-0.9098	0.0	-1.7331	1	
20200423_223815.155103	0.375	0.3938	-1.0	-0.9191	0.0	-1.7498	1	
20200423_223815.255130	0.375	0.3918	-1.0	-0.928	0.0	-1.7484	1	
20200423_223815.355056	0.375	0.3904	-1.0	-0.9386	0.0	-1.7476	1	
20200423_223815.455002	0.375	0.3896	-1.0	-0.9468	0.0	-1.7539	1	
20200423_223815.555178	0.375	0.3874	-1.0	-0.9563	0.0	-1.7527	1	
20200423_223815.655167	0.375	0.3862	-1.0	-0.9669	0.0	-1.7476	1	
20200423_223815.755093	0.375	0.3844	-1.0	-0.9704	0.0	-1.6928	1	
20200423_223815.855164	0.375	0.3829	-1.0	-0.9718	0.0	-1.6101	1	
20200423_223815.955085	0.375	0.3803	-1.0	-0.971	0.0	-1.5042	1	
20200423_223816.055126	0.375	0.379	-1.0	-0.9717	0.0	-1.4122	1	
20200423_223816.155200	0.375	0.3774	-1.0	-0.9728	0.0	-1.3278	1	
20200423_223816.255178	0.375	0.3759	-1.0	-0.9736	0.0	-1.2447	1	
20200423_223816.355195	0.375	0.3742	-1.0	-0.9746	0.0	-1.1557	1	
20200423_223816.455165	0.375	0.3719	-1.0	-0.975	0.0	-1.0618	1	
20200423_223816.555210	0.375	0.372	-1.0	-0.9767	0.0	-0.9964	1	
20200423_223816.655024	0.375	0.37	-1.0	-0.9775	0.0	-0.907	1	
20200423_223816.755199	0.375	0.3699	-1.0	-0.978	0.0	-0.8275	1	
20200423_223816.855120	0.375	0.3689	-1.0	-0.9799	0.0	-0.75	1	
20200423_223816.955146	0.375	0.3667	-1.0	-0.98	0.0	-0.6881	1	
20200423_223817.055137	0.375	0.3664	-1.0	-0.9814	0.0	-0.6111	1	
20200423_223817.155120	0.375	0.3657	-1.0	-0.9827	0.0	-0.5461	1	
20200423_223817.255835	0.375	0.3657	-1.0	-0.9841	0.0	-0.4703	1	
20200423_223817.355167	0.375	0.3655	-1.0	-0.9856	0.0	-0.4152	1	
20200423_223817.455104	0.375	0.3659	-1.0	-0.9866	0.0	-0.3537	1	
20200423_223817.555237	0.375	0.364	-1.0	-0.9873	0.0	-0.2926	1	
20200423_223817.655091	0.375	0.3636	-1.0	-0.9885	0.0	-0.247	1	
20200423_223817.755039	0.375	0.3642	-1.0	-0.9902	0.0	-0.1823	1	
20200423_223817.855063	0.375	0.3634	-1.0	-0.9907	0.0	-0.1456	1	
20200423_223817.955149	0.375	0.3638	-1.0	-0.992	0.0	-0.0746	1	
20200423_223818.055134	0.375	0.3642	-1.0	-0.9926	0.0	-0.0329	0	
20200423_223818.055393	0.375	0.3648	-1.0	-0.9926	0.0	-0.0463	0	
20200423_223818.057764	0.375	0.3648	-1.0	-0.9926	0.0	-0.0448	0	
20200423_223818.065389	0.375	0.3648	-1.0	-0.9926	0.0	-0.043	0	
20200423_223818.073765	0.375	0.3649	-1.0	-0.9927	0.0	-0.0412	0	
20200423_223818.082817	0.375	0.3648	-1.0	-0.9927	0.0	-0.0398	0	
20200423_223818.090536	0.375	0.3637	-1.0	-0.9925	0.0	-0.0178	0	
20200423_223818.099254	0.375	0.364	-1.0	-0.9923	0.0	-0.0268	0	
20200423_223818.107244	0.375	0.3637	-1.0	-0.9925	0.0	-0.0161	0	
20200423_223818.115747	0.375	0.3655	-1.0	-0.9927	0.0	-0.0652	0	
20200423_223818.125286	0.375	0.3647	-1.0	-0.9928	0.0	-0.0103	0	
20200423_223818.132435	0.375	0.3619	-1.0	-0.9901	0.0	0.0069	0	
20200423_223818.140356	0.375	0.3638	-1.0	-0.992	0.0	-0.005	0	
20200423_223818.149205	0.375	0.3636	-1.0	-0.9915	0.0	-0.0139	0	
20200423_223818.158148	0.375	0.3639	-1.0	-0.9921	0.0	-0.0047	0	
20200423_223818.165678	0.375	0.3639	-1.0	-0.992	0.0	-0.005	0	
20200423_223818.173890	0.375	0.3637	-1.0	-0.9915	0.0	-0.0142	0	
20200423_223818.182631	0.375	0.3638	-1.0	-0.992	0.0	-0.0043	0	
20200423_223818.191024	0.375	0.3637	-1.0	-0.9915	0.0	-0.0131	0	
20200423_223818.199439	0.375	0.3621	-1.0	-0.991	0.0	0.0191	0	
20200423_223818.207686	0.375	0.362	-1.0	-0.9901	0.0	0.0075	0	
20200423_223818.216265	0.375	0.3623	-1.0	-0.991	0.0	0.0211	0	
20200423_223818.224405	0.375	0.3619	-1.0	-0.9901	0.0	0.0078	0	
20200423_223818.232228	0.375	0.3638	-1.0	-0.9921	0.0	-0.004	0	
20200423_223818.240778	0.375	0.3636	-1.0	-0.9914	0.0	-0.0132	0	
20200423_223818.249507	0.375	0.3607	-1.0	-0.9898	0.0	0.0254	0	
20200423_223818.258077	0.375	0.3607	-1.0	-0.9898	0.0	0.026	0	
20200423_223818.265439	0.375	0.3607	-1.0	-0.9898	0.0	0.0257	0	
20200423_223818.274124	0.375	0.3607	-1.0	-0.9898	0.0	0.0258	0	
20200423_223818.284125	0.375	0.3607	-1.0	-0.9898	0.0	0.0261	0	
20200423_223818.290607	0.375	0.3607	-1.0	-0.9898	0.0	0.0254	0	
20200423_223818.299422	0.375	0.3607	-1.0	-0.9898	0.0	0.0252	0	
20200423_223818.307515	0.375	0.3607	-1.0	-0.9898	0.0	0.0252	0	
20200423_223818.318735	0.375	0.3607	-1.0	-0.9898	0.0	0.0252	0	
20200423_223818.324228	0.375	0.3604	-1.0	-0.9915	0.0	-0.0649	0	
20200423_223818.332382	0.375	0.3604	-1.0	-0.9915	0.0	-0.0649	0	
20200423_223818.340676	0.375	0.3604	-1.0	-0.9915	0.0	-0.0649	0	
20200423_223818.349178	0.375	0.3604	-1.0	-0.9915	0.0	-0.0649	0	
20200423_223818.358964	0.375	0.3604	-1.0	-0.9915	0.0	-0.0649	0	
20200423_223818.365588	0.375	0.3604	-1.0	-0.9915	0.0	-0.0649	0	
20200423_223818.373737	0.375	0.3604	-1.0	-0.9915	0.0	-0.0649	0	
20200423_223818.382358	0.375	0.3604	-1.0	-0.9915	0.0	-0.0649	0	
20200423_223818.390558	0.375	0.3604	-1.0	-0.9915	0.0	-0.0649	0	
20200423_223818.398877	0.375	0.3604	-1.0	-0.9915	0.0	-0.0649	0	
20200423_223818.407139	0.375	0.3604	-1.0	-0.9915	0.0	-0.0649	0	
20200423_223818.415807	0.375	0.3604	-1.0	-0.9915	0.0	-0.0649	0	
20200423_223818.424282	0.375	0.3604	-1.0	-0.9915	0.0	-0.0649	0	
20200423_223818.432502	0.375	0.3604	-1.0	-0.9915	0.0	-0.0649	0	
20200423_223818.440625	0.375	0.3604	-1.0	-0.9915	0.0	-0.0649	0	
20200423_223818.449369	0.375	0.3604	-1.0	-0.9915	0.0	-0.0649	0	
20200423_223818.458780	0.375	0.3604	-1.0	-0.9915	0.0	-0.0649	0	
20200423_223818.466132	0.375	0.3604	-1.0	-0.9915	0.0	-0.0649	0	
20200423_223818.473516	0.375	0.3604	-1.0	-0.9915	0.0	-0.0649	0	
20200423_223818.482527	0.375	0.3604	-1.0	-0.9915	0.0	-0.0649	0	
20200423_223818.490630	0.375	0.3604	-1.0	-0.9915	0.0	-0.0649	0	
20200423_223818.499643	0.375	0.3604	-1.0	-0.9915	0.0	-0.0649	0	
20200423_223818.507607	0.375	0.3604	-1.0	-0.9915	0.0	-0.0649	0	
20200423_223818.516325	0.375	0.3604	-1.0	-0.9915	0.0	-0.0649	0	
20200423_223818.524146	0.375	0.3604	-1.0	-0.9915	0.0	-0.0649	0	
20200423_223818.532299	0.375	0.3643	-1.0	-0.9927	0.0	-0.002	0	
20200423_223818.540224	0.375	0.3604	-1.0	-0.9916	0.0	-0.0654	0	
20200423_223818.548685	0.375	0.3605	-1.0	-0.9919	0.0	-0.067	0	
20200423_223818.557001	0.375	0.3603	-1.0	-0.9915	0.0	-0.065	0	
20200423_223818.565631	0.375	0.3603	-1.0	-0.9915	0.0	-0.065	0	
20200423_223818.574270	0.375	0.3603	-1.0	-0.9915	0.0	-0.065	0	
20200423_223818.582473	0.375	0.3603	-1.0	-0.9915	0.0	-0.065	0	
20200423_223818.590227	0.375	0.3603	-1.0	-0.9915	0.0	-0.065	0	
20200423_223818.598559	0.375	0.3603	-1.0	-0.9915	0.0	-0.065	0	
20200423_223818.607154	0.375	0.3603	-1.0	-0.9915	0.0	-0.065	0	
20200423_223818.615500	0.375	0.3603	-1.0	-0.9915	0.0	-0.065	0	
20200423_223818.623842	0.375	0.3603	-1.0	-0.9915	0.0	-0.065	0	
20200423_223818.632052	0.375	0.3603	-1.0	-0.9915	0.0	-0.065	0	
20200423_223818.640436	0.375	0.3603	-1.0	-0.9915	0.0	-0.065	0	
20200423_223818.648914	0.375	0.3603	-1.0	-0.9915	0.0	-0.065	0	
20200423_223818.657511	0.375	0.3603	-1.0	-0.9915	0.0	-0.065	0	
20200423_223818.665465	0.375	0.3603	-1.0	-0.9915	0.0	-0.065	0	
20200423_223818.673815	0.375	0.3603	-1.0	-0.9915	0.0	-0.065	0	
20200423_223818.682777	0.375	0.3603	-1.0	-0.9915	0.0	-0.065	0	
20200423_223818.690817	0.375	0.3603	-1.0	-0.9915	0.0	-0.065	0	
20200423_223818.699167	0.375	0.3603	-1.0	-0.9915	0.0	-0.065	0	
20200423_223818.707225	0.375	0.3603	-1.0	-0.9915	0.0	-0.065	0	
20200423_223818.715931	0.375	0.3603	-1.0	-0.9915	0.0	-0.065	0	
20200423_223818.724011	0.375	0.3603	-1.0	-0.9915	0.0	-0.065	0	
20200423_223818.732543	0.375	0.3603	-1.0	-0.9915	0.0	-0.065	0	
20200423_223818.740666	0.375	0.3603	-1.0	-0.9915	0.0	-0.065	0	
20200423_223818.749266	0.375	0.3603	-1.0	-0.9915	0.0	-0.065	0	
20200423_223818.758192	0.375	0.3603	-1.0	-0.9915	0.0	-0.065	0	
20200423_223818.765565	0.375	0.3603	-1.0	-0.9915	0.0	-0.065	0	
20200423_223818.773689	0.375	0.3603	-1.0	-0.9915	0.0	-0.065	0	
20200423_223818.782309	0.375	0.3647	-1.0	-0.9923	0.0	-0.0278	0	
20200423_223818.790664	0.375	0.3606	-1.0	-0.9898	0.0	0.0263	0	
20200423_223818.798971	0.375	0.3606	-1.0	-0.9898	0.0	0.0264	0	
20200423_223818.807225	0.375	0.3606	-1.0	-0.9898	0.0	0.026	0	
20200423_223818.816232	0.375	0.3607	-1.0	-0.9898	0.0	0.0268	0	
20200423_223818.824099	0.375	0.3609	-1.0	-0.9898	0.0	0.0269	0	
20200423_223818.832150	0.375	0.3607	-1.0	-0.9898	0.0	0.0258	0	
20200423_223818.840400	0.375	0.3607	-1.0	-0.9898	0.0	0.0259	0	
20200423_223818.850022	0.375	0.3607	-1.0	-0.9898	0.0	0.0255	0	
20200423_223818.857785	0.375	0.3607	-1.0	-0.9898	0.0	0.026	0	
20200423_223818.865491	0.375	0.3607	-1.0	-0.9899	0.0	0.0259	0	
20200423_223818.873625	0.375	0.3607	-1.0	-0.9899	0.0	0.0259	0	
20200423_223818.882486	0.375	0.3607	-1.0	-0.9899	0.0	0.0259	0	
20200423_223818.891009	0.375	0.3607	-1.0	-0.9899	0.0	0.0259	0	
20200423_223818.898989	0.375	0.3607	-1.0	-0.9899	0.0	0.0259	0	
20200423_223818.907371	0.375	0.3607	-1.0	-0.9899	0.0	0.0259	0	
20200423_223818.916225	0.375	0.3607	-1.0	-0.9899	0.0	0.0259	0	
20200423_223818.924385	0.375	0.3607	-1.0	-0.9899	0.0	0.0259	0	
20200423_223818.932097	0.375	0.3607	-1.0	-0.9899	0.0	0.0259	0	
20200423_223818.940510	0.375	0.3607	-1.0	-0.9899	0.0	0.0259	0	
20200423_223818.952485	0.375	0.3607	-1.0	-0.9899	0.0	0.0259	0	
20200423_223818.957943	0.375	0.3607	-1.0	-0.9899	0.0	0.0259	0	
20200423_223818.965363	0.375	0.3607	-1.0	-0.9899	0.0	0.0259	0	
20200423_223818.973679	0.375	0.3607	-1.0	-0.9899	0.0	0.0259	0	
20200423_223818.982360	0.375	0.3607	-1.0	-0.9899	0.0	0.0259	0	
20200423_223818.990836	0.375	0.3607	-1.0	-0.9899	0.0	0.0259	0	
20200423_223818.999078	0.375	0.3607	-1.0	-0.9899	0.0	0.0259	0	
20200423_223819.007377	0.375	0.3607	-1.0	-0.9899	0.0	0.0259	0	
20200423_223819.016088	0.375	0.3607	-1.0	-0.9899	0.0	0.0259	0	
20200423_223819.024230	0.375	0.3607	-1.0	-0.9899	0.0	0.0259	0	
20200423_223819.032613	0.375	0.3607	-1.0	-0.9899	0.0	0.0259	0	
20200423_223819.040671	0.375	0.3607	-1.0	-0.9899	0.0	0.0259	0	
20200423_223819.049675	0.375	0.3607	-1.0	-0.9899	0.0	0.0259	0	
20200423_223819.056893	0.375	0.3607	-1.0	-0.9899	0.0	0.0259	0	
20200423_223819.065243	0.375	0.3607	-1.0	-0.9899	0.0	0.0259	0	
20200423_223819.074106	0.375	0.3607	-1.0	-0.9899	0.0	0.0259	0	
20200423_223819.082137	0.375	0.3607	-1.0	-0.9899	0.0	0.0259	0	
20200423_223819.090392	0.375	0.3607	-1.0	-0.9899	0.0	0.0259	0	
20200423_223819.098873	0.375	0.3607	-1.0	-0.9899	0.0	0.0259	0	
20200423_223819.107031	0.375	0.3607	-1.0	-0.9899	0.0	0.0259	0	
20200423_223819.115986	0.375	0.3607	-1.0	-0.9899	0.0	0.0259	0	
20200423_223819.124212	0.375	0.3645	-1.0	-0.9926	0.0	-0.0113	0	
20200423_223819.132401	0.375	0.3646	-1.0	-0.9928	0.0	-0.0104	0	
20200423_223819.140564	0.375	0.3645	-1.0	-0.9926	0.0	-0.0108	0	
20200423_223819.149105	0.375	0.3642	-1.0	-0.9927	0.0	-0.0014	0	
20200423_223819.157879	0.375	0.3645	-1.0	-0.9926	0.0	-0.0105	0	
20200423_223819.165723	0.375	0.3645	-1.0	-0.9926	0.0	-0.0105	0	
20200423_223819.174031	0.375	0.3645	-1.0	-0.9926	0.0	-0.0105	0	
20200423_223819.183784	0.375	0.3645	-1.0	-0.9926	0.0	-0.0105	0	
20200423_223819.190715	0.375	0.3645	-1.0	-0.9926	0.0	-0.0105	0	
20200423_223819.199344	0.375	0.3645	-1.0	-0.9926	0.0	-0.0105	0	
20200423_223819.207512	0.375	0.3645	-1.0	-0.9926	0.0	-0.0105	0	
20200423_223819.216498	0.375	0.3645	-1.0	-0.9926	0.0	-0.0105	0	
20200423_223819.224224	0.375	0.3645	-1.0	-0.9926	0.0	-0.0105	0	
20200423_223819.232878	0.375	0.3645	-1.0	-0.9926	0.0	-0.0105	0	
20200423_223819.240750	0.375	0.3645	-1.0	-0.9926	0.0	-0.0105	0	
20200423_223819.249301	0.375	0.3645	-1.0	-0.9926	0.0	-0.0105	0	
20200423_223819.257969	0.375	0.3645	-1.0	-0.9926	0.0	-0.0105	0	
20200423_223819.265483	0.375	0.3645	-1.0	-0.9926	0.0	-0.0105	0	
20200423_223819.273800	0.375	0.3645	-1.0	-0.9926	0.0	-0.0105	0	
20200423_223819.282482	0.375	0.3645	-1.0	-0.9926	0.0	-0.0105	0	
20200423_223819.290696	0.375	0.3645	-1.0	-0.9926	0.0	-0.0105	0	
20200423_223819.299027	0.375	0.3645	-1.0	-0.9926	0.0	-0.0105	0	
20200423_223819.307542	0.375	0.3645	-1.0	-0.9926	0.0	-0.0105	0	
20200423_223819.315984	0.375	0.3645	-1.0	-0.9926	0.0	-0.0105	0	
20200423_223819.324227	0.375	0.3645	-1.0	-0.9926	0.0	-0.0105	0	
20200423_223819.332354	0.375	0.3646	-1.0	-0.9929	0.0	-0.0103	0	
20200423_223819.340883	0.375	0.3646	-1.0	-0.9929	0.0	-0.0103	0	
20200423_223819.348938	0.375	0.3646	-1.0	-0.9929	0.0	-0.0103	0	
20200423_223819.357768	0.375	0.3646	-1.0	-0.9929	0.0	-0.0103	0	
20200423_223819.365400	0.375	0.3646	-1.0	-0.9929	0.0	-0.0103	0	
20200423_223819.373891	0.375	0.3646	-1.0	-0.9929	0.0	-0.0103	0	
20200423_223819.382650	0.375	0.3646	-1.0	-0.9929	0.0	-0.0103	0	
20200423_223819.390836	0.375	0.3646	-1.0	-0.9929	0.0	-0.0103	0	
20200423_223819.399285	0.375	0.3646	-1.0	-0.9929	0.0	-0.0103	0	
20200423_223819.407336	0.375	0.3646	-1.0	-0.9929	0.0	-0.0103	0	
20200423_223819.415824	0.375	0.3646	-1.0	-0.9929	0.0	-0.0103	0	
20200423_223819.424313	0.375	0.3646	-1.0	-0.9929	0.0	-0.0103	0	
20200423_223819.432219	0.375	0.3646	-1.0	-0.9929	0.0	-0.0103	0	
20200423_223819.440700	0.375	0.3646	-1.0	-0.9929	0.0	-0.0103	0	
20200423_223819.449371	0.375	0.3646	-1.0	-0.9929	0.0	-0.0103	0	
20200423_223819.458850	0.375	0.3646	-1.0	-0.9929	0.0	-0.0103	0	
20200423_223819.465664	0.375	0.3646	-1.0	-0.9929	0.0	-0.0103	0	
20200423_223819.473916	0.375	0.3646	-1.0	-0.9929	0.0	-0.0103	0	
20200423_223819.482478	0.375	0.3646	-1.0	-0.9929	0.0	-0.0103	0	
20200423_223819.490735	0.375	0.3646	-1.0	-0.9929	0.0	-0.0103	0	
20200423_223819.498897	0.375	0.3646	-1.0	-0.9929	0.0	-0.0103	0	
20200423_223819.507543	0.375	0.3646	-1.0	-0.9929	0.0	-0.0103	0	
20200423_223819.516173	0.375	0.3646	-1.0	-0.9929	0.0	-0.0103	0	
20200423_223819.524158	0.375	0.3646	-1.0	-0.9929	0.0	-0.0103	0	
20200423_223819.532186	0.375	0.3646	-1.0	-0.9929	0.0	-0.0103	0	
20200423_223819.540400	0.375	0.3646	-1.0	-0.9929	0.0	-0.0103	0	
20200423_223819.549343	0.375	0.3646	-1.0	-0.9929	0.0	-0.0103	0	
20200423_223819.559730	0.375	0.3646	-1.0	-0.9929	0.0	-0.0103	0	
20200423_223819.565365	0.375	0.3646	-1.0	-0.9929	0.0	-0.0103	0	
20200423_223819.573634	0.375	0.3646	-1.0	-0.9929	0.0	-0.0103	0	
20200423_223819.582089	0.375	0.3646	-1.0	-0.9929	0.0	-0.0103	0	
20200423_223819.594339	0.375	0.3646	-1.0	-0.9929	0.0	-0.0103	0	
20200423_223819.598628	0.375	0.3646	-1.0	-0.9929	0.0	-0.0103	0	
20200423_223819.606950	0.375	0.3646	-1.0	-0.9929	0.0	-0.0103	0	
20200423_223819.617026	0.375	0.3646	-1.0	-0.9929	0.0	-0.0103	0	
20200423_223819.623605	0.375	0.3646	-1.0	-0.9929	0.0	-0.0103	0	
20200423_223819.632079	0.375	0.3646	-1.0	-0.9929	0.0	-0.0103	0	
20200423_223819.640301	0.375	0.3646	-1.0	-0.9929	0.0	-0.0103	0	
20200423_223819.650462	0.375	0.3646	-1.0	-0.9929	0.0	-0.0103	0	
20200423_223819.657185	0.375	0.3646	-1.0	-0.9929	0.0	-0.0103	0	
20200423_223819.665597	0.375	0.3646	-1.0	-0.9929	0.0	-0.0103	0	
20200423_223819.674010	0.375	0.3646	-1.0	-0.9929	0.0	-0.0103	0	
20200423_223819.682935	0.375	0.3646	-1.0	-0.9929	0.0	-0.0103	0	
20200423_223819.690856	0.375	0.3646	-1.0	-0.9929	0.0	-0.0103	0	
20200423_223819.699340	0.375	0.3646	-1.0	-0.9929	0.0	-0.0103	0	
20200423_223819.707427	0.375	0.3646	-1.0	-0.9929	0.0	-0.0103	0	
20200423_223819.715936	0.375	0.3646	-1.0	-0.9929	0.0	-0.0103	0	
20200423_223819.724007	0.375	0.3646	-1.0	-0.9929	0.0	-0.0103	0	
20200423_223819.732495	0.375	0.3646	-1.0	-0.9929	0.0	-0.0103	0	
20200423_223819.740791	0.375	0.3646	-1.0	-0.9929	0.0	-0.0103	0	
20200423_223819.749345	0.375	0.3646	-1.0	-0.9929	0.0	-0.0103	0	
20200423_223819.758011	0.375	0.3646	-1.0	-0.9929	0.0	-0.0103	0	
20200423_223819.765586	0.375	0.3306	-1.0	-0.9899	0.0	0.2564	0	
20200423_223819.773669	0.375	0.3304	-1.0	-0.9893	0.0	0.2474	0	
20200423_223819.782467	0.375	0.3304	-1.0	-0.9893	0.0	0.2474	0	
20200423_223819.791313	0.375	0.3304	-1.0	-0.9893	0.0	0.2474	0	
20200423_223819.798749	0.375	0.3304	-1.0	-0.9893	0.0	0.2474	0	
20200423_223819.807118	0.375	0.3308	-1.0	-0.9896	0.0	0.2524	0	
20200423_223819.815544	0.375	0.3307	-1.0	-0.9897	0.0	0.2538	0	
20200423_223819.823762	0.375	0.3307	-1.0	-0.9897	0.0	0.2538	0	
20200423_223819.832054	0.375	0.3307	-1.0	-0.9897	0.0	0.2531	0	
20200423_223819.840643	0.375	0.3307	-1.0	-0.9897	0.0	0.2531	0	
20200423_223819.848973	0.375	0.3307	-1.0	-0.9897	0.0	0.2531	0	
20200423_223819.858474	0.375	0.3307	-1.0	-0.9897	0.0	0.2531	0	
20200423_223819.865574	0.375	0.3307	-1.0	-0.9897	0.0	0.2531	0	
20200423_223819.873876	0.375	0.3307	-1.0	-0.9897	0.0	0.2531	0	
20200423_223819.882488	0.375	0.3307	-1.0	-0.9897	0.0	0.2531	0	
20200423_223819.890961	0.375	0.3307	-1.0	-0.9897	0.0	0.2531	0	
20200423_223819.898978	0.375	0.3307	-1.0	-0.9897	0.0	0.2531	0	
20200423_223819.907256	0.375	0.3307	-1.0	-0.9897	0.0	0.2531	0	
20200423_223819.916198	0.375	0.3307	-1.0	-0.9897	0.0	0.2531	0	
20200423_223819.924328	0.375	0.3307	-1.0	-0.9897	0.0	0.2531	0	
20200423_223819.932203	0.375	0.3307	-1.0	-0.9897	0.0	0.2531	0	
20200423_223819.941134	0.375	0.3307	-1.0	-0.9897	0.0	0.2531	0	
20200423_223819.949199	0.375	0.3307	-1.0	-0.9897	0.0	0.2531	0	
20200423_223819.957562	0.375	0.3307	-1.0	-0.9897	0.0	0.2531	0	
20200423_223819.966067	0.375	0.3307	-1.0	-0.9897	0.0	0.2531	0	
20200423_223819.973969	0.375	0.3307	-1.0	-0.9897	0.0	0.2531	0	
20200423_223819.982521	0.375	0.3307	-1.0	-0.9897	0.0	0.2531	0	
20200423_223819.990843	0.375	0.3307	-1.0	-0.9897	0.0	0.2531	0	
20200423_223819.998998	0.375	0.3307	-1.0	-0.9897	0.0	0.2531	0	
20200423_223820.007631	0.375	0.3307	-1.0	-0.9897	0.0	0.2531	0	
20200423_223820.016030	0.375	0.3615	-1.0	-0.9912	0.0	-0.0274	0	
20200423_223820.024125	0.375	0.3615	-1.0	-0.9912	0.0	-0.0274	0	
20200423_223820.032688	0.375	0.3617	-1.0	-0.9932	0.0	-0.0419	0	
20200423_223820.040675	0.375	0.3617	-1.0	-0.9932	0.0	-0.0419	0	
20200423_223820.049238	0.375	0.3612	-1.0	-0.9934	0.0	-0.0326	0	
20200423_223820.057711	0.375	0.3614	-1.0	-0.9932	0.0	-0.0428	0	
20200423_223820.065454	0.375	0.3614	-1.0	-0.9932	0.0	-0.0428	0	
20200423_223820.074008	0.375	0.3654	-1.0	-0.9904	0.0	0.0541	0	
20200423_223820.082425	0.375	0.3656	-1.0	-0.9899	0.0	0.0499	0	
20200423_223820.090746	0.375	0.3654	-1.0	-0.9903	0.0	0.0561	0	
20200423_223820.098910	0.375	0.3656	-1.0	-0.9898	0.0	0.0505	0	
20200423_223820.107483	0.375	0.3654	-1.0	-0.9903	0.0	0.0551	0	
20200423_223820.115930	0.375	0.3656	-1.0	-0.9898	0.0	0.0499	0	
20200423_223820.127958	0.375	0.3661	-1.0	-0.9916	0.0	0.0321	0	
20200423_223820.132221	0.375	0.3662	-1.0	-0.9918	0.0	0.0308	0	
20200423_223820.140715	0.375	0.3656	-1.0	-0.9899	0.0	0.05	0	
20200423_223820.148940	0.375	0.3655	-1.0	-0.9904	0.0	0.0551	0	
20200423_223820.157906	0.375	0.3656	-1.0	-0.99	0.0	0.0494	0	
20200423_223820.165468	0.375	0.3655	-1.0	-0.9905	0.0	0.0542	0	
20200423_223820.174118	0.375	0.3662	-1.0	-0.9927	0.0	0.0178	0	
20200423_223820.182604	0.375	0.3663	-1.0	-0.9927	0.0	0.0176	0	
20200423_223820.190731	0.375	0.3662	-1.0	-0.9927	0.0	0.0169	0	
20200423_223820.198970	0.375	0.3662	-1.0	-0.9927	0.0	0.0176	0	
20200423_223820.207447	0.375	0.3639	-1.0	-0.9929	0.0	-0.0274	0	
20200423_223820.215757	0.375	0.3623	-1.0	-0.9937	0.0	-0.0438	0	
20200423_223820.224013	0.375	0.3624	-1.0	-0.9937	0.0	-0.0434	0	
20200423_223820.232575	0.375	0.3624	-1.0	-0.9937	0.0	-0.0433	0	
20200423_223820.241002	0.375	0.3624	-1.0	-0.9937	0.0	-0.0431	0	
20200423_223820.249254	0.375	0.3613	-1.0	-0.9933	0.0	-0.0332	0	
20200423_223820.259495	0.375	0.3614	-1.0	-0.9931	0.0	-0.0422	0	
20200423_223820.265962	0.375	0.3609	-1.0	-0.9934	0.0	-0.0346	0	
20200423_223820.277561	0.375	0.3609	-1.0	-0.9934	0.0	-0.0346	0	
20200423_223820.282801	0.375	0.3612	-1.0	-0.9934	0.0	-0.0336	0	
20200423_223820.290737	0.375	0.3612	-1.0	-0.9934	0.0	-0.0336	0	
20200423_223820.299130	0.375	0.3609	-1.0	-0.9934	0.0	-0.0355	0	
20200423_223820.307125	0.375	0.3614	-1.0	-0.993	0.0	-0.0422	0	
20200423_223820.316012	0.375	0.3612	-1.0	-0.9933	0.0	-0.0326	0	
20200423_223820.324935	0.375	0.3615	-1.0	-0.9911	0.0	-0.0272	0	
20200423_223820.332268	0.375	0.3619	-1.0	-0.9934	0.0	-0.0412	0	
20200423_223820.340630	0.375	0.3615	-1.0	-0.9911	0.0	-0.0265	0	
20200423_223820.349157	0.375	0.3614	-1.0	-0.9922	0.0	-0.0269	0	
20200423_223820.358138	0.375	0.3603	-1.0	-0.9905	0.0	-0.009	0	
20200423_223820.365554	0.375	0.3613	-1.0	-0.9921	0.0	-0.0262	0	
20200423_223820.374098	0.375	0.3654	-1.0	-0.9903	0.0	0.0556	0	
20200423_223820.382499	0.375	0.3656	-1.0	-0.9897	0.0	0.0518	0	
20200423_223820.390848	0.375	0.3656	-1.0	-0.9897	0.0	0.0518	0	
20200423_223820.399118	0.375	0.3656	-1.0	-0.9897	0.0	0.0518	0	
20200423_223820.407187	0.375	0.3655	-1.0	-0.9904	0.0	0.0554	0	
20200423_223820.416714	0.375	0.3618	-1.0	-0.9899	0.0	-0.0292	0	
20200423_223820.425891	0.375	0.3623	-1.0	-0.9904	0.0	-0.0541	0	
20200423_223820.432427	0.375	0.3618	-1.0	-0.9899	0.0	-0.0279	0	
20200423_223820.440453	0.375	0.3632	-1.0	-0.9924	0.0	-0.0164	0	
20200423_223820.449187	0.375	0.3632	-1.0	-0.9924	0.0	-0.0164	0	
20200423_223820.458144	0.375	0.3632	-1.0	-0.9924	0.0	-0.0164	0	
20200423_223820.465647	0.375	0.3632	-1.0	-0.9924	0.0	-0.0164	0	
20200423_223820.473877	0.375	0.3632	-1.0	-0.9924	0.0	-0.0164	0	
20200423_223820.482780	0.375	0.3632	-1.0	-0.9924	0.0	-0.0164	0	
20200423_223820.490687	0.375	0.3632	-1.0	-0.9924	0.0	-0.0164	0	
20200423_223820.499025	0.375	0.3632	-1.0	-0.9924	0.0	-0.0164	0	
20200423_223820.507598	0.375	0.3632	-1.0	-0.9924	0.0	-0.0164	0	
20200423_223820.515883	0.375	0.3632	-1.0	-0.9924	0.0	-0.0164	0	
20200423_223820.524037	0.375	0.3632	-1.0	-0.9924	0.0	-0.0164	0	
20200423_223820.532591	0.375	0.3632	-1.0	-0.9924	0.0	-0.0164	0	
20200423_223820.540833	0.375	0.3654	-1.0	-0.9904	0.0	0.0533	0	
20200423_223820.549085	0.375	0.3618	-1.0	-0.9899	0.0	-0.0274	0	
20200423_223820.559073	0.375	0.3618	-1.0	-0.9899	0.0	-0.0274	0	
20200423_223820.565514	0.375	0.3618	-1.0	-0.9899	0.0	-0.0277	0	
20200423_223820.580019	0.375	0.3618	-1.0	-0.9899	0.0	-0.0277	0	
20200423_223820.584667	0.375	0.3618	-1.0	-0.9899	0.0	-0.0277	0	
20200423_223820.590288	0.375	0.3618	-1.0	-0.9899	0.0	-0.0277	0	
20200423_223820.598409	0.375	0.3618	-1.0	-0.9899	0.0	-0.0277	0	
20200423_223820.606976	0.375	0.3618	-1.0	-0.9899	0.0	-0.0277	0	
20200423_223820.615331	0.375	0.3618	-1.0	-0.9899	0.0	-0.0277	0	
20200423_223820.623766	0.375	0.3618	-1.0	-0.9899	0.0	-0.0277	0	
20200423_223820.632182	0.375	0.3618	-1.0	-0.9899	0.0	-0.0277	0	
20200423_223820.640450	0.375	0.3618	-1.0	-0.9899	0.0	-0.0277	0	
20200423_223820.649224	0.375	0.3618	-1.0	-0.9899	0.0	-0.0277	0	
20200423_223820.658448	0.375	0.3618	-1.0	-0.9899	0.0	-0.0277	0	
20200423_223820.665586	0.375	0.3618	-1.0	-0.9899	0.0	-0.0277	0	
20200423_223820.673845	0.375	0.3618	-1.0	-0.9899	0.0	-0.0277	0	
20200423_223820.683803	0.375	0.3618	-1.0	-0.9899	0.0	-0.0277	0	
20200423_223820.692189	0.375	0.3618	-1.0	-0.9899	0.0	-0.0277	0	
20200423_223820.699364	0.375	0.3618	-1.0	-0.9899	0.0	-0.0277	0	
20200423_223820.707306	0.375	0.3618	-1.0	-0.9899	0.0	-0.0277	0	
20200423_223820.715966	0.375	0.3618	-1.0	-0.9899	0.0	-0.0277	0	
20200423_223820.723977	0.375	0.3618	-1.0	-0.9899	0.0	-0.0277	0	
20200423_223820.732442	0.375	0.3641	-1.0	-0.9923	0.0	-0.0246	0	
20200423_223820.740924	0.375	0.3625	-1.0	-0.9916	0.0	-0.0482	0	
20200423_223820.748997	0.375	0.3623	-1.0	-0.9912	0.0	-0.0418	0	
20200423_223820.759283	0.375	0.3625	-1.0	-0.9916	0.0	-0.0482	0	
20200423_223820.765902	0.375	0.3625	-1.0	-0.9916	0.0	-0.0482	0	
20200423_223820.774254	0.375	0.3625	-1.0	-0.9916	0.0	-0.0482	0	
20200423_223820.782245	0.375	0.3625	-1.0	-0.9916	0.0	-0.0482	0	
20200423_223820.790682	0.375	0.3625	-1.0	-0.9916	0.0	-0.0482	0	
20200423_223820.799145	0.375	0.3625	-1.0	-0.9916	0.0	-0.0482	0	
20200423_223820.807573	0.375	0.3625	-1.0	-0.9916	0.0	-0.0482	0	
20200423_223820.815862	0.375	0.3625	-1.0	-0.9916	0.0	-0.0482	0	
20200423_223820.824170	0.375	0.3625	-1.0	-0.9916	0.0	-0.0482	0	
20200423_223820.832300	0.375	0.3625	-1.0	-0.9916	0.0	-0.0482	0	
20200423_223820.840667	0.375	0.3625	-1.0	-0.9916	0.0	-0.0482	0	
20200423_223820.849125	0.375	0.3625	-1.0	-0.9916	0.0	-0.0482	0	
20200423_223820.858569	0.375	0.3625	-1.0	-0.9916	0.0	-0.0482	0	
20200423_223820.865565	0.375	0.3625	-1.0	-0.9916	0.0	-0.0482	0	
20200423_223820.873830	0.375	0.3625	-1.0	-0.9916	0.0	-0.0482	0	
20200423_223820.882399	0.375	0.3625	-1.0	-0.9916	0.0	-0.0482	0	
20200423_223820.890995	0.375	0.3625	-1.0	-0.9916	0.0	-0.0482	0	
20200423_223820.899010	0.375	0.3625	-1.0	-0.9916	0.0	-0.0482	0	
20200423_223820.907507	0.375	0.3625	-1.0	-0.9916	0.0	-0.0482	0	
20200423_223820.917475	0.375	0.3625	-1.0	-0.9916	0.0	-0.0482	0	
20200423_223820.924148	0.375	0.3625	-1.0	-0.9916	0.0	-0.0482	0	
20200423_223820.932531	0.375	0.3623	-1.0	-0.9912	0.0	-0.0411	0	
20200423_223820.940985	0.375	0.3642	-1.0	-0.993	0.0	-0.0071	0	
20200423_223820.948978	0.375	0.3647	-1.0	-0.9929	0.0	-0.0136	0	
20200423_223820.958195	0.375	0.3643	-1.0	-0.993	0.0	-0.0034	0	
20200423_223820.965919	0.375	0.3646	-1.0	-0.9929	0.0	-0.0167	0	
20200423_223820.973934	0.375	0.3646	-1.0	-0.9929	0.0	-0.0167	0	
20200423_223820.982390	0.375	0.3646	-1.0	-0.9929	0.0	-0.0167	0	
20200423_223820.990497	0.375	0.3646	-1.0	-0.9929	0.0	-0.0167	0	
20200423_223820.998804	0.375	0.3646	-1.0	-0.9929	0.0	-0.0167	0	
20200423_223821.007195	0.375	0.3646	-1.0	-0.9929	0.0	-0.0167	0	
20200423_223821.015825	0.375	0.3646	-1.0	-0.9929	0.0	-0.0167	0	
20200423_223821.024029	0.375	0.3646	-1.0	-0.9929	0.0	-0.0167	0	
20200423_223821.032547	0.375	0.3646	-1.0	-0.9929	0.0	-0.0167	0	
20200423_223821.040540	0.375	0.3646	-1.0	-0.9929	0.0	-0.0167	0	
20200423_223821.049100	0.375	0.3646	-1.0	-0.9929	0.0	-0.0167	0	
20200423_223821.057632	0.375	0.3646	-1.0	-0.9929	0.0	-0.0167	0	
20200423_223821.065462	0.375	0.3646	-1.0	-0.9929	0.0	-0.0167	0	
20200423_223821.073469	0.375	0.3646	-1.0	-0.9929	0.0	-0.0167	0	
20200423_223821.082011	0.375	0.3646	-1.0	-0.9929	0.0	-0.0167	0	
20200423_223821.090379	0.375	0.3646	-1.0	-0.9929	0.0	-0.0167	0	
20200423_223821.098629	0.375	0.3646	-1.0	-0.9929	0.0	-0.0167	0	
20200423_223821.107384	0.375	0.3646	-1.0	-0.9929	0.0	-0.0167	0	
20200423_223821.115885	0.375	0.3646	-1.0	-0.9929	0.0	-0.0167	0	
20200423_223821.124148	0.375	0.3646	-1.0	-0.9929	0.0	-0.0167	0	
20200423_223821.132348	0.375	0.3646	-1.0	-0.9929	0.0	-0.0167	0	
20200423_223821.140733	0.375	0.3646	-1.0	-0.9929	0.0	-0.0167	0	
20200423_223821.149218	0.375	0.3646	-1.0	-0.9929	0.0	-0.0167	0	
20200423_223821.157679	0.375	0.3646	-1.0	-0.9929	0.0	-0.0167	0	
20200423_223821.165673	0.375	0.3646	-1.0	-0.9929	0.0	-0.0167	0	
20200423_223821.173921	0.375	0.3646	-1.0	-0.9929	0.0	-0.0167	0	
20200423_223821.182307	0.375	0.3646	-1.0	-0.9929	0.0	-0.0167	0	
20200423_223821.190603	0.375	0.3646	-1.0	-0.9929	0.0	-0.0167	0	
20200423_223821.199383	0.375	0.3646	-1.0	-0.9929	0.0	-0.0167	0	
20200423_223821.207394	0.375	0.3646	-1.0	-0.9929	0.0	-0.0167	0	
20200423_223821.216306	0.375	0.3646	-1.0	-0.9929	0.0	-0.0167	0	
20200423_223821.224301	0.375	0.3646	-1.0	-0.9929	0.0	-0.0167	0	
20200423_223821.232776	0.375	0.3646	-1.0	-0.9929	0.0	-0.0167	0	
20200423_223821.240893	0.375	0.3646	-1.0	-0.9929	0.0	-0.0167	0	
20200423_223821.249537	0.375	0.3646	-1.0	-0.9929	0.0	-0.0167	0	
20200423_223821.257930	0.375	0.3646	-1.0	-0.9929	0.0	-0.0167	0	
20200423_223821.265628	0.375	0.3646	-1.0	-0.9929	0.0	-0.0167	0	
20200423_223821.274189	0.375	0.3646	-1.0	-0.9929	0.0	-0.0167	0	
20200423_223821.282392	0.375	0.3646	-1.0	-0.9929	0.0	-0.0167	0	
20200423_223821.290643	0.375	0.3646	-1.0	-0.9929	0.0	-0.0167	0	
20200423_223821.299642	0.375	0.3646	-1.0	-0.9929	0.0	-0.0167	0	
20200423_223821.307242	0.375	0.3646	-1.0	-0.9929	0.0	-0.0167	0	
20200423_223821.315557	0.375	0.3646	-1.0	-0.9929	0.0	-0.0167	0	
20200423_223821.324078	0.375	0.3646	-1.0	-0.9929	0.0	-0.0167	0	
20200423_223821.332400	0.375	0.3655	-1.0	-0.9898	0.0	0.0503	0	
20200423_223821.340702	0.375	0.3653	-1.0	-0.9902	0.0	0.0556	0	
20200423_223821.349265	0.375	0.3655	-1.0	-0.9898	0.0	0.0512	0	
20200423_223821.357846	0.375	0.3632	-1.0	-0.9924	0.0	-0.0159	0	
20200423_223821.365728	0.375	0.3617	-1.0	-0.9931	0.0	-0.0405	0	
20200423_223821.374016	0.375	0.3617	-1.0	-0.9931	0.0	-0.0405	0	
20200423_223821.382688	0.375	0.3617	-1.0	-0.9931	0.0	-0.0405	0	
20200423_223821.390721	0.375	0.3617	-1.0	-0.9931	0.0	-0.0405	0	
20200423_223821.398843	0.375	0.3617	-1.0	-0.9931	0.0	-0.0405	0	
20200423_223821.407429	0.375	0.3617	-1.0	-0.9931	0.0	-0.0405	0	
20200423_223821.419941	0.375	0.3617	-1.0	-0.9931	0.0	-0.0405	0	
20200423_223821.423864	0.375	0.3617	-1.0	-0.9931	0.0	-0.0405	0	
20200423_223821.432481	0.375	0.3617	-1.0	-0.9931	0.0	-0.0405	0	
20200423_223821.440674	0.375	0.3617	-1.0	-0.9931	0.0	-0.0405	0	
20200423_223821.449487	0.375	0.3617	-1.0	-0.9931	0.0	-0.0405	0	
20200423_223821.457698	0.375	0.3617	-1.0	-0.9931	0.0	-0.0405	0	
20200423_223821.465583	0.375	0.3617	-1.0	-0.9931	0.0	-0.0405	0	
20200423_223821.473748	0.375	0.3617	-1.0	-0.9931	0.0	-0.0405	0	
20200423_223821.482281	0.375	0.3617	-1.0	-0.9931	0.0	-0.0405	0	
20200423_223821.491083	0.375	0.3617	-1.0	-0.9931	0.0	-0.0405	0	
20200423_223821.498897	0.375	0.3617	-1.0	-0.9931	0.0	-0.0405	0	
20200423_223821.507482	0.375	0.3617	-1.0	-0.9931	0.0	-0.0405	0	
20200423_223821.516583	0.375	0.3617	-1.0	-0.9931	0.0	-0.0405	0	
20200423_223821.523845	0.375	0.3617	-1.0	-0.9931	0.0	-0.0405	0	
20200423_223821.532355	0.375	0.3615	-1.0	-0.9912	0.0	-0.0279	0	
20200423_223821.540979	0.375	0.3633	-1.0	-0.9922	0.0	-0.0745	0	
20200423_223821.549634	0.375	0.3632	-1.0	-0.9922	0.0	-0.0743	0	
20200423_223821.559638	0.375	0.3633	-1.0	-0.9922	0.0	-0.074	0	
20200423_223821.565464	0.375	0.3647	-1.0	-0.992	0.0	-0.0736	0	
20200423_223821.573979	0.375	0.3646	-1.0	-0.9912	0.0	-0.118	0	
20200423_223821.582116	0.375	0.3643	-1.0	-0.9911	0.0	-0.1222	0	
20200423_223821.591149	0.375	0.3644	-1.0	-0.9912	0.0	-0.1204	0	
20200423_223821.598763	0.375	0.3646	-1.0	-0.992	0.0	-0.0733	0	
20200423_223821.607020	0.375	0.3629	-1.0	-0.9922	0.0	-0.0472	0	
20200423_223821.615366	0.375	0.3629	-1.0	-0.9921	0.0	-0.0474	0	
20200423_223821.624212	0.375	0.3629	-1.0	-0.9922	0.0	-0.0476	0	
20200423_223821.631902	0.375	0.3629	-1.0	-0.9922	0.0	-0.0479	0	
20200423_223821.640410	0.375	0.3629	-1.0	-0.9922	0.0	-0.0487	0	
20200423_223821.648981	0.375	0.3629	-1.0	-0.9922	0.0	-0.0492	0	
20200423_223821.657362	0.375	0.3625	-1.0	-0.9909	0.0	-0.0536	0	
20200423_223821.665553	0.375	0.3624	-1.0	-0.9909	0.0	-0.0539	0	
20200423_223821.674018	0.375	0.3624	-1.0	-0.9909	0.0	-0.0542	0	
20200423_223821.682506	0.375	0.3624	-1.0	-0.9908	0.0	-0.0522	0	
20200423_223821.691054	0.375	0.3624	-1.0	-0.9909	0.0	-0.0539	0	
20200423_223821.699511	0.375	0.3624	-1.0	-0.9908	0.0	-0.0561	0	
20200423_223821.707454	0.375	0.3624	-1.0	-0.9908	0.0	-0.054	0	
20200423_223821.715894	0.375	0.3628	-1.0	-0.9915	0.0	-0.0171	0	
20200423_223821.724535	0.375	0.3625	-1.0	-0.9909	0.0	-0.0508	0	
20200423_223821.732505	0.375	0.3627	-1.0	-0.9919	0.0	-0.0498	0	
20200423_223821.740650	0.375	0.363	-1.0	-0.9922	0.0	-0.0498	0	
20200423_223821.751528	0.375	0.3629	-1.0	-0.9922	0.0	-0.0488	0	
20200423_223821.758547	0.375	0.3629	-1.0	-0.9922	0.0	-0.0484	0	
20200423_223821.765929	0.375	0.3629	-1.0	-0.9921	0.0	-0.0474	0	
20200423_223821.774111	0.375	0.3623	-1.0	-0.9915	0.0	-0.0509	0	
20200423_223821.782502	0.375	0.3619	-1.0	-0.991	0.0	-0.0541	0	
20200423_223821.791152	0.375	0.3622	-1.0	-0.9914	0.0	-0.0578	0	
20200423_223821.799776	0.375	0.3622	-1.0	-0.9914	0.0	-0.0578	0	
20200423_223821.807883	0.375	0.3625	-1.0	-0.9916	0.0	-0.0478	0	
20200423_223821.819048	0.375	0.3625	-1.0	-0.9916	0.0	-0.0478	0	
20200423_223821.823897	0.375	0.3625	-1.0	-0.9916	0.0	-0.0474	0	
20200423_223821.832084	0.375	0.3623	-1.0	-0.9912	0.0	-0.0397	0	
20200423_223821.840606	0.375	0.3625	-1.0	-0.9916	0.0	-0.0457	0	
20200423_223821.850071	0.375	0.3623	-1.0	-0.9912	0.0	-0.0403	0	
20200423_223821.857547	0.375	0.3623	-1.0	-0.9912	0.0	-0.0403	0	
20200423_223821.865847	0.375	0.3623	-1.0	-0.9912	0.0	-0.0403	0	
20200423_223821.874001	0.375	0.3623	-1.0	-0.9912	0.0	-0.0403	0	
20200423_223821.883196	0.375	0.3623	-1.0	-0.9912	0.0	-0.0403	0	
20200423_223821.890967	0.375	0.3623	-1.0	-0.9912	0.0	-0.0403	0	
20200423_223821.898911	0.375	0.3623	-1.0	-0.9912	0.0	-0.0403	0	
20200423_223821.907400	0.375	0.3623	-1.0	-0.9912	0.0	-0.0403	0	
20200423_223821.919056	0.375	0.3623	-1.0	-0.9912	0.0	-0.0403	0	
20200423_223821.924015	0.375	0.3623	-1.0	-0.9912	0.0	-0.0403	0	
20200423_223821.932229	0.375	0.3623	-1.0	-0.9912	0.0	-0.0412	0	
20200423_223821.940810	0.375	0.3646	-1.0	-0.9929	0.0	-0.0092	0	
20200423_223821.949574	0.375	0.3646	-1.0	-0.9929	0.0	-0.0163	0	
20200423_223821.958310	0.375	0.3641	-1.0	-0.993	0.0	-0.007	0	
20200423_223821.965471	0.375	0.3641	-1.0	-0.993	0.0	-0.007	0	
20200423_223821.974407	0.375	0.3641	-1.0	-0.993	0.0	-0.007	0	
20200423_223821.982322	0.375	0.3641	-1.0	-0.993	0.0	-0.007	0	
20200423_223821.990895	0.375	0.3641	-1.0	-0.993	0.0	-0.007	0	
20200423_223821.998993	0.375	0.3641	-1.0	-0.993	0.0	-0.007	0	
20200423_223822.007561	0.375	0.3641	-1.0	-0.993	0.0	-0.007	0	
20200423_223822.015719	0.375	0.3641	-1.0	-0.993	0.0	-0.007	0	
20200423_223822.024180	0.375	0.3641	-1.0	-0.993	0.0	-0.007	0	
20200423_223822.033131	0.375	0.3641	-1.0	-0.993	0.0	-0.007	0	
20200423_223822.041289	0.375	0.3641	-1.0	-0.993	0.0	-0.007	0	
20200423_223822.049026	0.375	0.3641	-1.0	-0.993	0.0	-0.007	0	
20200423_223822.059035	0.375	0.3641	-1.0	-0.993	0.0	-0.007	0	
20200423_223822.065623	0.375	0.3641	-1.0	-0.993	0.0	-0.007	0	
20200423_223822.073665	0.375	0.3641	-1.0	-0.993	0.0	-0.007	0	
20200423_223822.082198	0.375	0.3641	-1.0	-0.993	0.0	-0.007	0	
20200423_223822.091095	0.375	0.3641	-1.0	-0.993	0.0	-0.007	0	
20200423_223822.099304	0.375	0.3641	-1.0	-0.993	0.0	-0.007	0	
20200423_223822.107290	0.375	0.3641	-1.0	-0.993	0.0	-0.007	0	
20200423_223822.116292	0.375	0.3641	-1.0	-0.993	0.0	-0.007	0	
20200423_223822.124744	0.375	0.3641	-1.0	-0.993	0.0	-0.007	0	
20200423_223822.132250	0.375	0.3641	-1.0	-0.993	0.0	-0.007	0	
20200423_223822.140775	0.375	0.3627	-1.0	-0.9919	0.0	-0.0495	0	
20200423_223822.149722	0.375	0.3623	-1.0	-0.9912	0.0	-0.0415	0	
20200423_223822.158475	0.375	0.3625	-1.0	-0.9916	0.0	-0.0473	0	
20200423_223822.165997	0.375	0.3623	-1.0	-0.9912	0.0	-0.0406	0	
20200423_223822.174890	0.375	0.3623	-1.0	-0.9912	0.0	-0.0406	0	
20200423_223822.182634	0.375	0.3623	-1.0	-0.9912	0.0	-0.0406	0	
20200423_223822.190521	0.375	0.3623	-1.0	-0.9912	0.0	-0.0406	0	
20200423_223822.198778	0.375	0.3623	-1.0	-0.9912	0.0	-0.0406	0	
20200423_223822.207383	0.375	0.3623	-1.0	-0.9912	0.0	-0.0406	0	
20200423_223822.216267	0.375	0.3623	-1.0	-0.9912	0.0	-0.0406	0	
20200423_223822.223883	0.375	0.3623	-1.0	-0.9912	0.0	-0.0406	0	
20200423_223822.232664	0.375	0.3623	-1.0	-0.9912	0.0	-0.0406	0	
20200423_223822.240588	0.375	0.3623	-1.0	-0.9912	0.0	-0.0406	0	
20200423_223822.249483	0.375	0.3623	-1.0	-0.9912	0.0	-0.0406	0	
20200423_223822.258608	0.375	0.3623	-1.0	-0.9912	0.0	-0.0406	0	
20200423_223822.265795	0.375	0.3623	-1.0	-0.9912	0.0	-0.0406	0	
20200423_223822.274402	0.375	0.3623	-1.0	-0.9912	0.0	-0.0406	0	
20200423_223822.284741	0.375	0.3623	-1.0	-0.9912	0.0	-0.0406	0	
20200423_223822.290952	0.375	0.3623	-1.0	-0.9912	0.0	-0.0406	0	
20200423_223822.299403	0.375	0.3623	-1.0	-0.9912	0.0	-0.0406	0	
20200423_223822.307129	0.375	0.3623	-1.0	-0.9912	0.0	-0.0406	0	
20200423_223822.316067	0.375	0.3623	-1.0	-0.9912	0.0	-0.0406	0	
20200423_223822.324412	0.375	0.3623	-1.0	-0.9912	0.0	-0.0406	0	
20200423_223822.333116	0.375	0.3623	-1.0	-0.9912	0.0	-0.0412	0	
20200423_223822.340648	0.375	0.3627	-1.0	-0.9919	0.0	-0.0485	0	
20200423_223822.349275	0.375	0.3623	-1.0	-0.9912	0.0	-0.0412	0	
20200423_223822.359440	0.375	0.3623	-1.0	-0.9912	0.0	-0.0412	0	
20200423_223822.365447	0.375	0.3623	-1.0	-0.9912	0.0	-0.0412	0	
20200423_223822.374152	0.375	0.3623	-1.0	-0.9912	0.0	-0.0412	0	
20200423_223822.382470	0.375	0.3621	-1.0	-0.9913	0.0	-0.0618	0	
20200423_223822.391097	0.375	0.3619	-1.0	-0.9911	0.0	-0.0525	0	
20200423_223822.399517	0.375	0.3624	-1.0	-0.9916	0.0	-0.0496	0	
20200423_223822.407353	0.375	0.3623	-1.0	-0.9912	0.0	-0.0399	0	
20200423_223822.416227	0.375	0.3625	-1.0	-0.9916	0.0	-0.0464	0	
20200423_223822.423735	0.375	0.3623	-1.0	-0.9912	0.0	-0.0402	0	
20200423_223822.432600	0.375	0.3625	-1.0	-0.9917	0.0	-0.0471	0	
20200423_223822.442377	0.375	0.3625	-1.0	-0.9917	0.0	-0.0471	0	
20200423_223822.449637	0.375	0.3624	-1.0	-0.9916	0.0	-0.0477	0	
20200423_223822.458158	0.375	0.3624	-1.0	-0.9916	0.0	-0.0485	0	
20200423_223822.465660	0.375	0.3621	-1.0	-0.9912	0.0	-0.0462	0	
20200423_223822.474229	0.375	0.3623	-1.0	-0.9915	0.0	-0.0519	0	
20200423_223822.483643	0.375	0.3621	-1.0	-0.9912	0.0	-0.0454	0	
20200423_223822.490445	0.375	0.3624	-1.0	-0.9916	0.0	-0.0495	0	
20200423_223822.499296	0.375	0.3621	-1.0	-0.9912	0.0	-0.0466	0	
20200423_223822.507313	0.375	0.3623	-1.0	-0.9916	0.0	-0.0528	0	
20200423_223822.516305	0.375	0.3623	-1.0	-0.9916	0.0	-0.0528	0	
20200423_223822.524354	0.375	0.3625	-1.0	-0.9916	0.0	-0.0486	0	
20200423_223822.532237	0.375	0.3625	-1.0	-0.9916	0.0	-0.0486	0	
20200423_223822.541160	0.375	0.3627	-1.0	-0.9919	0.0	-0.0492	0	
20200423_223822.549299	0.375	0.3623	-1.0	-0.9912	0.0	-0.0418	0	
20200423_223822.557370	0.375	0.3624	-1.0	-0.9916	0.0	-0.0468	0	
20200423_223822.565897	0.375	0.3623	-1.0	-0.9912	0.0	-0.0406	0	
20200423_223822.573885	0.375	0.3625	-1.0	-0.9916	0.0	-0.0479	0	
20200423_223822.582174	0.375	0.3625	-1.0	-0.9916	0.0	-0.0479	0	
20200423_223822.590342	0.375	0.3625	-1.0	-0.9916	0.0	-0.0479	0	
20200423_223822.598626	0.375	0.3625	-1.0	-0.9916	0.0	-0.0479	0	
20200423_223822.607028	0.375	0.3625	-1.0	-0.9917	0.0	-0.0473	0	
20200423_223822.615415	0.375	0.3625	-1.0	-0.9917	0.0	-0.0473	0	
20200423_223822.624081	0.375	0.3625	-1.0	-0.9917	0.0	-0.0469	0	
20200423_223822.632173	0.375	0.3623	-1.0	-0.9913	0.0	-0.0406	0	
20200423_223822.640582	0.375	0.3624	-1.0	-0.9917	0.0	-0.0467	0	
20200423_223822.649320	0.375	0.3623	-1.0	-0.9913	0.0	-0.0405	0	
20200423_223822.657955	0.375	0.3623	-1.0	-0.9913	0.0	-0.0405	0	
20200423_223822.666095	0.375	0.3623	-1.0	-0.9913	0.0	-0.0405	0	
20200423_223822.673806	0.375	0.3623	-1.0	-0.9913	0.0	-0.0405	0	
20200423_223822.682807	0.375	0.3623	-1.0	-0.9913	0.0	-0.0405	0	
20200423_223822.690716	0.375	0.3623	-1.0	-0.9913	0.0	-0.0405	0	
20200423_223822.699663	0.375	0.3623	-1.0	-0.9913	0.0	-0.0405	0	
20200423_223822.707214	0.375	0.3623	-1.0	-0.9913	0.0	-0.0405	0	
20200423_223822.716228	0.375	0.3623	-1.0	-0.9913	0.0	-0.0405	0	
20200423_223822.724239	0.375	0.3623	-1.0	-0.9913	0.0	-0.0405	0	
20200423_223822.732484	0.375	0.3623	-1.0	-0.9913	0.0	-0.0405	0	
20200423_223822.740780	0.375	0.3623	-1.0	-0.9913	0.0	-0.0405	0	
20200423_223822.749093	0.375	0.3623	-1.0	-0.9913	0.0	-0.0405	0	
20200423_223822.759301	0.375	0.3623	-1.0	-0.9913	0.0	-0.0405	0	
20200423_223822.765600	0.375	0.3623	-1.0	-0.9913	0.0	-0.0405	0	
20200423_223822.773866	0.375	0.3623	-1.0	-0.9913	0.0	-0.0405	0	
20200423_223822.783049	0.375	0.3623	-1.0	-0.9913	0.0	-0.0405	0	
20200423_223822.790344	0.375	0.3623	-1.0	-0.9913	0.0	-0.0405	0	
20200423_223822.799286	0.375	0.3623	-1.0	-0.9913	0.0	-0.0405	0	
20200423_223822.807253	0.375	0.3623	-1.0	-0.9913	0.0	-0.0405	0	
20200423_223822.816583	0.375	0.3623	-1.0	-0.9913	0.0	-0.0405	0	
20200423_223822.824170	0.375	0.3623	-1.0	-0.9913	0.0	-0.0405	0	
20200423_223822.832830	0.375	0.3623	-1.0	-0.9913	0.0	-0.0405	0	
20200423_223822.840532	0.375	0.3623	-1.0	-0.9913	0.0	-0.0405	0	
20200423_223822.849125	0.375	0.3623	-1.0	-0.9913	0.0	-0.0405	0	
20200423_223822.857770	0.375	0.3623	-1.0	-0.9913	0.0	-0.0405	0	
20200423_223822.865511	0.375	0.3623	-1.0	-0.9913	0.0	-0.0405	0	
20200423_223822.873812	0.375	0.3623	-1.0	-0.9913	0.0	-0.0405	0	
20200423_223822.882646	0.375	0.3623	-1.0	-0.9913	0.0	-0.0405	0	
20200423_223822.890596	0.375	0.3623	-1.0	-0.9913	0.0	-0.0405	0	
20200423_223822.899115	0.375	0.3623	-1.0	-0.9913	0.0	-0.0405	0	
20200423_223822.907630	0.375	0.3623	-1.0	-0.9913	0.0	-0.0405	0	
20200423_223822.916030	0.375	0.3623	-1.0	-0.9913	0.0	-0.0405	0	
20200423_223822.924092	0.375	0.3623	-1.0	-0.9913	0.0	-0.0405	0	
20200423_223822.932662	0.375	0.3623	-1.0	-0.9913	0.0	-0.0405	0	
20200423_223822.941121	0.375	0.3623	-1.0	-0.9913	0.0	-0.0405	0	
20200423_223822.951673	0.375	0.3623	-1.0	-0.9913	0.0	-0.0405	0	
20200423_223822.959297	0.375	0.3623	-1.0	-0.9913	0.0	-0.0405	0	
20200423_223822.965543	0.375	0.3623	-1.0	-0.9913	0.0	-0.0405	0	
20200423_223822.974234	0.375	0.3623	-1.0	-0.9913	0.0	-0.0405	0	
20200423_223822.982580	0.375	0.3623	-1.0	-0.9913	0.0	-0.0405	0	
20200423_223822.991063	0.375	0.3623	-1.0	-0.9913	0.0	-0.0405	0	
20200423_223822.999420	0.375	0.3623	-1.0	-0.9913	0.0	-0.0405	0	
20200423_223823.007534	0.375	0.3623	-1.0	-0.9913	0.0	-0.0405	0	
20200423_223823.016287	0.375	0.3623	-1.0	-0.9913	0.0	-0.0405	0	
20200423_223823.024220	0.375	0.3623	-1.0	-0.9913	0.0	-0.0405	0	
20200423_223823.032776	0.375	0.3623	-1.0	-0.9913	0.0	-0.0405	0	
20200423_223823.041028	0.375	0.3623	-1.0	-0.9913	0.0	-0.0405	0	
20200423_223823.049304	0.375	0.3623	-1.0	-0.9913	0.0	-0.0405	0	
20200423_223823.057649	0.375	0.3623	-1.0	-0.9913	0.0	-0.0405	0	
20200423_223823.065715	0.375	0.3623	-1.0	-0.9913	0.0	-0.0405	0	
20200423_223823.074075	0.375	0.3623	-1.0	-0.9913	0.0	-0.0405	0	
20200423_223823.082622	0.375	0.3582	-1.0	-0.9829	0.0	-0.0789	0	
20200423_223823.090766	0.375	0.3847	-1.0	-1.0128	0.0	-0.797	0	
20200423_223823.099327	0.375	0.3583	-1.0	-0.983	0.0	-0.0773	0	
20200423_223823.107508	0.375	0.3846	-1.0	-1.0129	0.0	-0.7962	0	
20200423_223823.116063	0.375	0.3582	-1.0	-0.9829	0.0	-0.079	0	
20200423_223823.127919	0.375	0.3846	-1.0	-1.0128	0.0	-0.7973	0	
20200423_223823.133219	0.375	0.3846	-1.0	-1.0128	0.0	-0.7973	0	
20200423_223823.140860	0.375	0.3846	-1.0	-1.0129	0.0	-0.797	0	
20200423_223823.149004	0.375	0.3847	-1.0	-1.0127	0.0	-0.7993	0	
20200423_223823.158476	0.375	0.3847	-1.0	-1.0128	0.0	-0.7986	0	
20200423_223823.166097	0.375	0.3847	-1.0	-1.0126	0.0	-0.8	0	
20200423_223823.174344	0.375	0.3847	-1.0	-1.0127	0.0	-0.7998	0	
20200423_223823.183822	0.375	0.3847	-1.0	-1.0128	0.0	-0.7976	0	
20200423_223823.190800	0.375	0.3846	-1.0	-1.0128	0.0	-0.7981	0	
20200423_223823.199524	0.375	0.3846	-1.0	-1.0127	0.0	-0.7981	0	
20200423_223823.207697	0.375	0.3846	-1.0	-1.0128	0.0	-0.7974	0	
20200423_223823.215778	0.375	0.3847	-1.0	-1.0127	0.0	-0.7987	0	
20200423_223823.224051	0.375	0.3847	-1.0	-1.0127	0.0	-0.7986	0	
20200423_223823.232388	0.375	0.385	-1.0	-1.0124	0.0	-0.7971	0	
20200423_223823.240334	0.375	0.3847	-1.0	-1.0127	0.0	-0.7986	0	
20200423_223823.252313	0.375	0.3847	-1.0	-1.0129	0.0	-0.7961	0	
20200423_223823.256944	0.375	0.3847	-1.0	-1.0129	0.0	-0.7972	0	
20200423_223823.265807	0.375	0.3847	-1.0	-1.0128	0.0	-0.7973	0	
20200423_223823.273862	0.375	0.3846	-1.0	-1.0129	0.0	-0.7968	0	
20200423_223823.282736	0.375	0.3846	-1.0	-1.0129	0.0	-0.7958	0	
20200423_223823.291221	0.375	0.3846	-1.0	-1.0128	0.0	-0.7973	0	
20200423_223823.298579	0.375	0.3846	-1.0	-1.0128	0.0	-0.7973	0	
20200423_223823.306882	0.375	0.3846	-1.0	-1.0127	0.0	-0.7983	0	
20200423_223823.315708	0.375	0.3847	-1.0	-1.0126	0.0	-0.7997	0	
20200423_223823.323503	0.375	0.3847	-1.0	-1.0127	0.0	-0.7985	0	
20200423_223823.332189	0.375	0.3847	-1.0	-1.0127	0.0	-0.7987	0	
20200423_223823.340319	0.375	0.3847	-1.0	-1.0127	0.0	-0.7987	0	
20200423_223823.349095	0.375	0.3847	-1.0	-1.0126	0.0	-0.799	0	
20200423_223823.358357	0.375	0.3847	-1.0	-1.0126	0.0	-0.7993	0	
20200423_223823.365677	0.375	0.3847	-1.0	-1.0129	0.0	-0.7959	0	
20200423_223823.373924	0.375	0.3847	-1.0	-1.0128	0.0	-0.7979	0	
20200423_223823.382830	0.375	0.3846	-1.0	-1.0128	0.0	-0.798	0	
20200423_223823.390541	0.375	0.3847	-1.0	-1.0127	0.0	-0.7981	0	
20200423_223823.398786	0.375	0.3847	-1.0	-1.0128	0.0	-0.7974	0	
20200423_223823.407409	0.375	0.3847	-1.0	-1.0128	0.0	-0.7971	0	
20200423_223823.415796	0.375	0.3847	-1.0	-1.0128	0.0	-0.7972	0	
20200423_223823.424381	0.375	0.3846	-1.0	-1.0128	0.0	-0.7975	0	
20200423_223823.432787	0.375	0.385	-1.0	-1.0125	0.0	-0.7941	0	
20200423_223823.441310	0.375	0.3847	-1.0	-1.0127	0.0	-0.7964	0	
20200423_223823.449204	0.375	0.3846	-1.0	-1.0128	0.0	-0.7974	0	
20200423_223823.457951	0.375	0.3846	-1.0	-1.0128	0.0	-0.7974	0	
20200423_223823.466138	0.375	0.3847	-1.0	-1.0126	0.0	-0.7995	0	
20200423_223823.474078	0.375	0.3847	-1.0	-1.0126	0.0	-0.7996	0	
20200423_223823.482531	0.375	0.3847	-1.0	-1.0127	0.0	-0.798	0	
20200423_223823.491090	0.375	0.3847	-1.0	-1.0127	0.0	-0.7988	0	
20200423_223823.499402	0.375	0.3847	-1.0	-1.0126	0.0	-0.8001	0	
20200423_223823.507525	0.375	0.3847	-1.0	-1.0127	0.0	-0.7988	0	
20200423_223823.515892	0.375	0.3846	-1.0	-1.0127	0.0	-0.7983	0	
20200423_223823.524065	0.375	0.3846	-1.0	-1.0127	0.0	-0.7987	0	
20200423_223823.532533	0.375	0.3846	-1.0	-1.0127	0.0	-0.7983	0	
20200423_223823.540658	0.375	0.3847	-1.0	-1.0127	0.0	-0.7988	0	
20200423_223823.548993	0.375	0.3846	-1.0	-1.0127	0.0	-0.7977	0	
20200423_223823.558075	0.375	0.3847	-1.0	-1.0127	0.0	-0.7981	0	
20200423_223823.565508	0.375	0.3647	-1.0	-0.9922	0.0	0.0197	0	
20200423_223823.573478	0.375	0.3847	-1.0	-1.0127	0.0	-0.7986	0	
20200423_223823.582311	0.375	0.3641	-1.0	-0.9892	0.0	0.0741	0	
20200423_223823.590271	0.375	0.3846	-1.0	-1.0128	0.0	-0.7976	0	
20200423_223823.598569	0.375	0.3846	-1.0	-1.0128	0.0	-0.7976	0	
20200423_223823.607189	0.375	0.3846	-1.0	-1.0128	0.0	-0.797	0	
20200423_223823.615508	0.375	0.3846	-1.0	-1.0128	0.0	-0.797	0	
20200423_223823.624261	0.375	0.3846	-1.0	-1.0127	0.0	-0.7975	0	
20200423_223823.632011	0.375	0.385	-1.0	-1.0123	0.0	-0.7948	0	
20200423_223823.640507	0.375	0.385	-1.0	-1.0123	0.0	-0.7965	0	
20200423_223823.649126	0.375	0.3847	-1.0	-1.0127	0.0	-0.7986	0	
20200423_223823.657250	0.375	0.3847	-1.0	-1.0127	0.0	-0.7988	0	
20200423_223823.665704	0.375	0.3846	-1.0	-1.0128	0.0	-0.7975	0	
20200423_223823.674312	0.375	0.3846	-1.0	-1.0128	0.0	-0.7976	0	
20200423_223823.682843	0.375	0.3846	-1.0	-1.0128	0.0	-0.7973	0	
20200423_223823.691079	0.375	0.3846	-1.0	-1.0127	0.0	-0.7986	0	
20200423_223823.699067	0.375	0.3846	-1.0	-1.0128	0.0	-0.7977	0	
20200423_223823.707611	0.375	0.3846	-1.0	-1.0128	0.0	-0.7979	0	
20200423_223823.718664	0.375	0.3846	-1.0	-1.0127	0.0	-0.7989	0	
20200423_223823.724435	0.375	0.3847	-1.0	-1.0127	0.0	-0.7986	0	
20200423_223823.732358	0.375	0.3847	-1.0	-1.0126	0.0	-0.7998	0	
20200423_223823.740589	0.375	0.365	-1.0	-0.9922	0.0	0.0048	0	
20200423_223823.749357	0.375	0.3647	-1.0	-0.9923	0.0	0.0204	0	
20200423_223823.757335	0.375	0.365	-1.0	-0.9922	0.0	0.0055	0	
20200423_223823.765791	0.375	0.3645	-1.0	-0.9909	0.0	0.0468	0	
20200423_223823.774107	0.375	0.365	-1.0	-0.9922	0.0	0.0052	0	
20200423_223823.782493	0.375	0.3654	-1.0	-0.9932	0.0	-0.0173	0	
20200423_223823.790850	0.375	0.3654	-1.0	-0.9932	0.0	-0.0173	0	
20200423_223823.798944	0.375	0.3654	-1.0	-0.9932	0.0	-0.0173	0	
20200423_223823.808027	0.375	0.3654	-1.0	-0.9932	0.0	-0.0173	0	
20200423_223823.815990	0.375	0.3654	-1.0	-0.9932	0.0	-0.0173	0	
20200423_223823.824765	0.375	0.3654	-1.0	-0.9932	0.0	-0.0173	0	
20200423_223823.832550	0.375	0.3654	-1.0	-0.9932	0.0	-0.0173	0	
20200423_223823.840563	0.375	0.3654	-1.0	-0.9932	0.0	-0.0173	0	
20200423_223823.849436	0.375	0.3654	-1.0	-0.9932	0.0	-0.0173	0	
20200423_223823.857730	0.375	0.3654	-1.0	-0.9932	0.0	-0.0173	0	
20200423_223823.865298	0.375	0.3654	-1.0	-0.9932	0.0	-0.0173	0	
20200423_223823.873965	0.375	0.3654	-1.0	-0.9932	0.0	-0.0173	0	
20200423_223823.882484	0.375	0.3654	-1.0	-0.9932	0.0	-0.0173	0	
20200423_223823.890549	0.375	0.3654	-1.0	-0.9932	0.0	-0.0173	0	
20200423_223823.899182	0.375	0.3654	-1.0	-0.9932	0.0	-0.0173	0	
20200423_223823.907739	0.375	0.3654	-1.0	-0.9932	0.0	-0.0173	0	
20200423_223823.917874	0.375	0.3654	-1.0	-0.9932	0.0	-0.0173	0	
20200423_223823.923855	0.375	0.3654	-1.0	-0.9932	0.0	-0.0173	0	
20200423_223823.933016	0.375	0.3654	-1.0	-0.9932	0.0	-0.0173	0	
20200423_223823.940461	0.375	0.3617	-1.0	-0.9899	0.0	-0.0276	0	
20200423_223823.949323	0.375	0.3654	-1.0	-0.9904	0.0	0.0553	0	
20200423_223823.957282	0.375	0.3655	-1.0	-0.9897	0.0	0.0523	0	
20200423_223823.965780	0.375	0.3653	-1.0	-0.9903	0.0	0.0553	0	
20200423_223823.974141	0.375	0.3653	-1.0	-0.9903	0.0	0.0553	0	
20200423_223823.984541	0.375	0.3653	-1.0	-0.9903	0.0	0.0553	0	
20200423_223823.990159	0.375	0.3653	-1.0	-0.9903	0.0	0.0553	0	
20200423_223823.998780	0.375	0.3653	-1.0	-0.9903	0.0	0.0553	0	
20200423_223824.007308	0.375	0.3653	-1.0	-0.9903	0.0	0.0553	0	
20200423_223824.015554	0.375	0.3653	-1.0	-0.9903	0.0	0.0553	0	
20200423_223824.024101	0.375	0.3653	-1.0	-0.9903	0.0	0.0553	0	
20200423_223824.032260	0.375	0.3653	-1.0	-0.9903	0.0	0.0553	0	
20200423_223824.040587	0.375	0.3653	-1.0	-0.9903	0.0	0.0553	0	
20200423_223824.050288	0.375	0.3653	-1.0	-0.9903	0.0	0.0553	0	
20200423_223824.057336	0.375	0.3653	-1.0	-0.9903	0.0	0.0553	0	
20200423_223824.065821	0.375	0.3653	-1.0	-0.9903	0.0	0.0553	0	
20200423_223824.073913	0.375	0.3653	-1.0	-0.9903	0.0	0.0553	0	
20200423_223824.082421	0.375	0.3653	-1.0	-0.9903	0.0	0.0553	0	
20200423_223824.091162	0.375	0.3653	-1.0	-0.9903	0.0	0.0553	0	
20200423_223824.099265	0.375	0.3653	-1.0	-0.9903	0.0	0.0553	0	
20200423_223824.107659	0.375	0.3653	-1.0	-0.9903	0.0	0.0553	0	
20200423_223824.116081	0.375	0.3653	-1.0	-0.9903	0.0	0.0553	0	
20200423_223824.124519	0.375	0.3653	-1.0	-0.9903	0.0	0.0553	0	
20200423_223824.132378	0.375	0.3653	-1.0	-0.9903	0.0	0.0553	0	
20200423_223824.140784	0.375	0.3651	-1.0	-0.9923	0.0	0.0038	0	
20200423_223824.149341	0.375	0.3652	-1.0	-0.9926	0.0	0.0029	0	
20200423_223824.157840	0.375	0.365	-1.0	-0.9922	0.0	0.0041	0	
20200423_223824.166232	0.375	0.3647	-1.0	-0.9923	0.0	0.0193	0	
20200423_223824.174045	0.375	0.365	-1.0	-0.9922	0.0	0.0035	0	
20200423_223824.183859	0.375	0.3655	-1.0	-0.9932	0.0	-0.0175	0	
20200423_223824.191041	0.375	0.3655	-1.0	-0.9932	0.0	-0.0175	0	
20200423_223824.199280	0.375	0.3655	-1.0	-0.9932	0.0	-0.0175	0	
20200423_223824.207632	0.375	0.3655	-1.0	-0.9932	0.0	-0.0175	0	
20200423_223824.216633	0.375	0.3655	-1.0	-0.9932	0.0	-0.0175	0	
20200423_223824.224557	0.375	0.3655	-1.0	-0.9932	0.0	-0.0175	0	
20200423_223824.233037	0.375	0.3655	-1.0	-0.9932	0.0	-0.0175	0	
20200423_223824.241097	0.375	0.3655	-1.0	-0.9932	0.0	-0.0175	0	
20200423_223824.249655	0.375	0.3655	-1.0	-0.9932	0.0	-0.0175	0	
20200423_223824.257764	0.375	0.3655	-1.0	-0.9932	0.0	-0.0175	0	
20200423_223824.266272	0.375	0.3655	-1.0	-0.9932	0.0	-0.0175	0	
20200423_223824.273839	0.375	0.3655	-1.0	-0.9932	0.0	-0.0175	0	
20200423_223824.283649	0.375	0.3655	-1.0	-0.9932	0.0	-0.0175	0	
20200423_223824.291090	0.375	0.3655	-1.0	-0.9932	0.0	-0.0175	0	
20200423_223824.299027	0.375	0.3655	-1.0	-0.9932	0.0	-0.0175	0	
20200423_223824.308127	0.375	0.3655	-1.0	-0.9932	0.0	-0.0175	0	
20200423_223824.317465	0.375	0.3655	-1.0	-0.9932	0.0	-0.0175	0	
20200423_223824.324361	0.375	0.3655	-1.0	-0.9932	0.0	-0.0175	0	
20200423_223824.332347	0.375	0.3655	-1.0	-0.9932	0.0	-0.0175	0	
20200423_223824.340997	0.375	0.3617	-1.0	-0.9899	0.0	-0.0263	0	
20200423_223824.348967	0.375	0.3617	-1.0	-0.9899	0.0	-0.0263	0	
20200423_223824.357915	0.375	0.3656	-1.0	-0.9896	0.0	0.0534	0	
20200423_223824.365913	0.375	0.3656	-1.0	-0.9896	0.0	0.0534	0	
20200423_223824.374093	0.375	0.3655	-1.0	-0.9896	0.0	0.0531	0	
20200423_223824.383806	0.375	0.3655	-1.0	-0.9896	0.0	0.0531	0	
20200423_223824.391495	0.375	0.3655	-1.0	-0.9896	0.0	0.0531	0	
20200423_223824.399222	0.375	0.3655	-1.0	-0.9896	0.0	0.0531	0	
20200423_223824.407365	0.375	0.3655	-1.0	-0.9896	0.0	0.0531	0	
20200423_223824.418428	0.375	0.3655	-1.0	-0.9896	0.0	0.0531	0	
20200423_223824.423961	0.375	0.3655	-1.0	-0.9896	0.0	0.0531	0	
20200423_223824.432528	0.375	0.3655	-1.0	-0.9896	0.0	0.0531	0	
20200423_223824.440753	0.375	0.3655	-1.0	-0.9896	0.0	0.0531	0	
20200423_223824.452097	0.375	0.3655	-1.0	-0.9896	0.0	0.0531	0	
20200423_223824.457557	0.375	0.3655	-1.0	-0.9896	0.0	0.0531	0	
20200423_223824.466019	0.375	0.3655	-1.0	-0.9896	0.0	0.0531	0	
20200423_223824.474181	0.375	0.3655	-1.0	-0.9896	0.0	0.0531	0	
20200423_223824.482353	0.375	0.3655	-1.0	-0.9896	0.0	0.0531	0	
20200423_223824.490956	0.375	0.3655	-1.0	-0.9896	0.0	0.0531	0	
20200423_223824.498881	0.375	0.3655	-1.0	-0.9896	0.0	0.0531	0	
20200423_223824.507436	0.375	0.3655	-1.0	-0.9896	0.0	0.0531	0	
20200423_223824.516248	0.375	0.3655	-1.0	-0.9896	0.0	0.0531	0	
20200423_223824.524741	0.375	0.3655	-1.0	-0.9896	0.0	0.0531	0	
20200423_223824.532837	0.375	0.3655	-1.0	-0.9896	0.0	0.0531	0	
20200423_223824.540718	0.375	0.3617	-1.0	-0.9899	0.0	-0.0275	0	
20200423_223824.549255	0.375	0.3662	-1.0	-0.9918	0.0	0.0271	0	
20200423_223824.557463	0.375	0.3657	-1.0	-0.9908	0.0	0.0495	0	
20200423_223824.572739	0.375	0.3656	-1.0	-0.9897	0.0	0.0519	0	
20200423_223824.573539	0.375	0.3656	-1.0	-0.9905	0.0	0.0534	0	
20200423_223824.583134	0.375	0.3655	-1.0	-0.9905	0.0	0.0538	0	
20200423_223824.590379	0.375	0.3654	-1.0	-0.9902	0.0	0.057	0	
20200423_223824.598543	0.375	0.3655	-1.0	-0.9897	0.0	0.0531	0	
20200423_223824.607087	0.375	0.3655	-1.0	-0.9903	0.0	0.0564	0	
20200423_223824.615477	0.375	0.3655	-1.0	-0.9903	0.0	0.0564	0	
20200423_223824.623632	0.375	0.3655	-1.0	-0.9903	0.0	0.0564	0	
20200423_223824.632201	0.375	0.3655	-1.0	-0.9903	0.0	0.0564	0	
20200423_223824.640352	0.375	0.3654	-1.0	-0.9902	0.0	0.0568	0	
20200423_223824.649442	0.375	0.3655	-1.0	-0.9895	0.0	0.0536	0	
20200423_223824.657401	0.375	0.3654	-1.0	-0.9903	0.0	0.0559	0	
20200423_223824.665847	0.375	0.3653	-1.0	-0.9902	0.0	0.0575	0	
20200423_223824.674435	0.375	0.3655	-1.0	-0.9896	0.0	0.0536	0	
20200423_223824.683026	0.375	0.3654	-1.0	-0.9903	0.0	0.0563	0	
20200423_223824.690658	0.375	0.3654	-1.0	-0.9903	0.0	0.0563	0	
20200423_223824.699186	0.375	0.3654	-1.0	-0.9904	0.0	0.0546	0	
20200423_223824.707695	0.375	0.3654	-1.0	-0.9904	0.0	0.0546	0	
20200423_223824.715917	0.375	0.3654	-1.0	-0.9904	0.0	0.0546	0	
20200423_223824.723937	0.375	0.3654	-1.0	-0.9896	0.0	0.0523	0	
20200423_223824.732280	0.375	0.3654	-1.0	-0.9902	0.0	0.0573	0	
20200423_223824.740484	0.375	0.3655	-1.0	-0.9897	0.0	0.0531	0	
20200423_223824.749941	0.375	0.3661	-1.0	-0.9918	0.0	0.0308	0	
20200423_223824.757265	0.375	0.3655	-1.0	-0.9896	0.0	0.0531	0	
20200423_223824.765941	0.375	0.3655	-1.0	-0.9896	0.0	0.0531	0	
20200423_223824.773968	0.375	0.3655	-1.0	-0.9896	0.0	0.0531	0	
20200423_223824.782408	0.375	0.3655	-1.0	-0.9896	0.0	0.0531	0	
20200423_223824.791062	0.375	0.3655	-1.0	-0.9896	0.0	0.0531	0	
20200423_223824.798994	0.375	0.3655	-1.0	-0.9896	0.0	0.0531	0	
20200423_223824.808016	0.375	0.3655	-1.0	-0.9896	0.0	0.0531	0	
20200423_223824.815791	0.375	0.3655	-1.0	-0.9896	0.0	0.0531	0	
20200423_223824.824017	0.375	0.3655	-1.0	-0.9896	0.0	0.0531	0	
20200423_223824.832559	0.375	0.3655	-1.0	-0.9896	0.0	0.0531	0	
20200423_223824.840832	0.375	0.3655	-1.0	-0.9896	0.0	0.0531	0	
20200423_223824.849514	0.375	0.3655	-1.0	-0.9896	0.0	0.0531	0	
20200423_223824.858532	0.375	0.3655	-1.0	-0.9896	0.0	0.0531	0	
20200423_223824.865383	0.375	0.3655	-1.0	-0.9896	0.0	0.0531	0	
20200423_223824.873878	0.375	0.3655	-1.0	-0.9896	0.0	0.0531	0	
20200423_223824.882645	0.375	0.3655	-1.0	-0.9896	0.0	0.0531	0	
20200423_223824.890843	0.375	0.3655	-1.0	-0.9896	0.0	0.0531	0	
20200423_223824.899182	0.375	0.3655	-1.0	-0.9896	0.0	0.0531	0	
20200423_223824.907915	0.375	0.3655	-1.0	-0.9896	0.0	0.0531	0	
20200423_223824.915926	0.375	0.3655	-1.0	-0.9896	0.0	0.0531	0	
20200423_223824.923967	0.375	0.3655	-1.0	-0.9896	0.0	0.0531	0	
20200423_223824.932759	0.375	0.3655	-1.0	-0.9896	0.0	0.0531	0	
20200423_223824.940929	0.375	0.3621	-1.0	-0.9906	0.0	-0.0377	0	
20200423_223824.949347	0.375	0.3662	-1.0	-0.9925	0.0	0.017	0	
20200423_223824.957751	0.375	0.3661	-1.0	-0.9926	0.0	0.0192	0	
20200423_223824.965789	0.375	0.3661	-1.0	-0.9926	0.0	0.0187	0	
20200423_223824.974016	0.375	0.3662	-1.0	-0.9926	0.0	0.0198	0	
20200423_223824.982410	0.375	0.3661	-1.0	-0.9926	0.0	0.0186	0	
20200423_223824.991081	0.375	0.3653	-1.0	-0.9902	0.0	0.0565	0	
20200423_223824.999108	0.375	0.3653	-1.0	-0.9902	0.0	0.0565	0	
20200423_223825.007405	0.375	0.3652	-1.0	-0.9903	0.0	0.0548	0	
20200423_223825.016067	0.375	0.3652	-1.0	-0.9903	0.0	0.0548	0	
20200423_223825.024286	0.375	0.3653	-1.0	-0.9903	0.0	0.0554	0	
20200423_223825.032426	0.375	0.3653	-1.0	-0.9903	0.0	0.0554	0	
20200423_223825.040869	0.375	0.3653	-1.0	-0.9903	0.0	0.0558	0	
20200423_223825.050572	0.375	0.3655	-1.0	-0.9898	0.0	0.0512	0	
20200423_223825.057399	0.375	0.3653	-1.0	-0.9904	0.0	0.0552	0	
20200423_223825.066038	0.375	0.3653	-1.0	-0.9902	0.0	0.0563	0	
20200423_223825.073944	0.375	0.3654	-1.0	-0.9897	0.0	0.0521	0	
20200423_223825.082401	0.375	0.3654	-1.0	-0.9897	0.0	0.0521	0	
20200423_223825.090972	0.375	0.3654	-1.0	-0.9897	0.0	0.0521	0	
20200423_223825.099287	0.375	0.3654	-1.0	-0.9897	0.0	0.0521	0	
20200423_223825.107947	0.375	0.3654	-1.0	-0.9897	0.0	0.0521	0	
20200423_223825.116398	0.375	0.3654	-1.0	-0.9897	0.0	0.0521	0	
20200423_223825.124524	0.375	0.3655	-1.0	-0.9896	0.0	0.0534	0	
20200423_223825.132719	0.375	0.3653	-1.0	-0.9902	0.0	0.0573	0	
20200423_223825.140859	0.375	0.3655	-1.0	-0.9897	0.0	0.0528	0	
20200423_223825.149586	0.375	0.3661	-1.0	-0.9918	0.0	0.0323	0	
20200423_223825.157182	0.375	0.3655	-1.0	-0.9898	0.0	0.0518	0	
20200423_223825.166155	0.375	0.3653	-1.0	-0.9902	0.0	0.0562	0	
20200423_223825.174037	0.375	0.3653	-1.0	-0.9902	0.0	0.0562	0	
20200423_223825.183856	0.375	0.3653	-1.0	-0.9902	0.0	0.0562	0	
20200423_223825.191087	0.375	0.3654	-1.0	-0.9903	0.0	0.0554	0	
20200423_223825.198845	0.375	0.3616	-1.0	-0.9899	0.0	-0.0272	0	
20200423_223825.207438	0.375	0.3622	-1.0	-0.9902	0.0	-0.0555	0	
20200423_223825.216760	0.375	0.3616	-1.0	-0.9899	0.0	-0.0334	0	
20200423_223825.224911	0.375	0.3622	-1.0	-0.9902	0.0	-0.0537	0	
20200423_223825.232249	0.375	0.3622	-1.0	-0.9902	0.0	-0.0537	0	
20200423_223825.240867	0.375	0.3653	-1.0	-0.9902	0.0	0.0573	0	
20200423_223825.249088	0.375	0.3617	-1.0	-0.9899	0.0	-0.0262	0	
20200423_223825.257330	0.375	0.3622	-1.0	-0.9903	0.0	-0.0527	0	
20200423_223825.266595	0.375	0.3622	-1.0	-0.9903	0.0	-0.0527	0	
20200423_223825.274429	0.375	0.3622	-1.0	-0.9903	0.0	-0.0527	0	
20200423_223825.283040	0.375	0.3622	-1.0	-0.9903	0.0	-0.0492	0	
20200423_223825.290630	0.375	0.3617	-1.0	-0.9899	0.0	-0.027	0	
20200423_223825.299207	0.375	0.3617	-1.0	-0.9899	0.0	-0.027	0	
20200423_223825.307407	0.375	0.3616	-1.0	-0.9898	0.0	-0.0272	0	
20200423_223825.316285	0.375	0.3622	-1.0	-0.9903	0.0	-0.0524	0	
20200423_223825.324031	0.375	0.3622	-1.0	-0.9903	0.0	-0.0524	0	
20200423_223825.332269	0.375	0.3622	-1.0	-0.9902	0.0	-0.0528	0	
20200423_223825.340852	0.375	0.365	-1.0	-0.9923	0.0	0.0041	0	
20200423_223825.349085	0.375	0.3651	-1.0	-0.9926	0.0	0.0062	0	
20200423_223825.357397	0.375	0.3651	-1.0	-0.9923	0.0	0.0034	0	
20200423_223825.366025	0.375	0.3648	-1.0	-0.9924	0.0	0.0172	0	
20200423_223825.374074	0.375	0.3649	-1.0	-0.9924	0.0	-0.0007	0	
20200423_223825.382269	0.375	0.3647	-1.0	-0.9925	0.0	0.0142	0	
20200423_223825.390759	0.375	0.3647	-1.0	-0.9925	0.0	0.0135	0	
20200423_223825.399354	0.375	0.3633	-1.0	-0.9918	0.0	-0.0196	0	
20200423_223825.407514	0.375	0.3622	-1.0	-0.9905	0.0	-0.0579	0	
20200423_223825.416078	0.375	0.3616	-1.0	-0.9899	0.0	-0.0324	0	
20200423_223825.424041	0.375	0.3622	-1.0	-0.9904	0.0	-0.0589	0	
20200423_223825.432575	0.375	0.3617	-1.0	-0.9899	0.0	-0.0274	0	
20200423_223825.440755	0.375	0.3621	-1.0	-0.9903	0.0	-0.0506	0	
20200423_223825.448993	0.375	0.3617	-1.0	-0.9899	0.0	-0.0275	0	
20200423_223825.458015	0.375	0.3621	-1.0	-0.9902	0.0	-0.0505	0	
20200423_223825.465841	0.375	0.3622	-1.0	-0.9902	0.0	-0.0533	0	
20200423_223825.474511	0.375	0.3622	-1.0	-0.9902	0.0	-0.0533	0	
20200423_223825.482995	0.375	0.3653	-1.0	-0.9902	0.0	0.0564	0	
20200423_223825.490607	0.375	0.3653	-1.0	-0.9902	0.0	0.0564	0	
20200423_223825.499559	0.375	0.3653	-1.0	-0.9902	0.0	0.0564	0	
20200423_223825.508178	0.375	0.3653	-1.0	-0.9902	0.0	0.0564	0	
20200423_223825.516136	0.375	0.3653	-1.0	-0.9902	0.0	0.0564	0	
20200423_223825.524416	0.375	0.3617	-1.0	-0.9899	0.0	-0.028	0	
20200423_223825.532289	0.375	0.3622	-1.0	-0.9902	0.0	-0.0554	0	
20200423_223825.540624	0.375	0.3649	-1.0	-0.99	0.0	0.0468	0	
20200423_223825.550966	0.375	0.3651	-1.0	-0.9916	0.0	0.0266	0	
20200423_223825.557538	0.375	0.3648	-1.0	-0.9902	0.0	0.0445	0	
20200423_223825.565275	0.375	0.3647	-1.0	-0.9923	0.0	0.0197	0	
20200423_223825.573584	0.375	0.3654	-1.0	-0.9932	0.0	-0.0174	0	
20200423_223825.582095	0.375	0.3647	-1.0	-0.9923	0.0	0.0199	0	
20200423_223825.590552	0.375	0.3647	-1.0	-0.9923	0.0	0.0194	0	
20200423_223825.598601	0.375	0.3633	-1.0	-0.9917	0.0	-0.0174	0	
20200423_223825.606951	0.375	0.3622	-1.0	-0.9901	0.0	-0.0647	0	
20200423_223825.615580	0.375	0.3617	-1.0	-0.9899	0.0	-0.0281	0	
20200423_223825.624379	0.375	0.3622	-1.0	-0.9901	0.0	-0.0623	0	
20200423_223825.631998	0.375	0.3622	-1.0	-0.9901	0.0	-0.0623	0	
20200423_223825.640576	0.375	0.3653	-1.0	-0.9902	0.0	0.0574	0	
20200423_223825.648882	0.375	0.3653	-1.0	-0.9902	0.0	0.0574	0	
20200423_223825.657543	0.375	0.3653	-1.0	-0.9902	0.0	0.0574	0	
20200423_223825.665583	0.375	0.3653	-1.0	-0.9902	0.0	0.0574	0	
20200423_223825.674310	0.375	0.3653	-1.0	-0.9902	0.0	0.0574	0	
20200423_223825.682902	0.375	0.3654	-1.0	-0.9902	0.0	0.0575	0	
20200423_223825.691039	0.375	0.3616	-1.0	-0.9898	0.0	-0.0282	0	
20200423_223825.699300	0.375	0.3623	-1.0	-0.9899	0.0	-0.0713	0	
20200423_223825.707541	0.375	0.3616	-1.0	-0.9898	0.0	-0.0276	0	
20200423_223825.716256	0.375	0.3622	-1.0	-0.9904	0.0	-0.0588	0	
20200423_223825.723921	0.375	0.3616	-1.0	-0.9898	0.0	-0.0281	0	
20200423_223825.732289	0.375	0.3622	-1.0	-0.9902	0.0	-0.0614	0	
20200423_223825.740979	0.375	0.3622	-1.0	-0.9902	0.0	-0.0614	0	
20200423_223825.750023	0.375	0.3651	-1.0	-0.9926	0.0	0.0067	0	
20200423_223825.757447	0.375	0.3648	-1.0	-0.9902	0.0	0.0448	0	
20200423_223825.766049	0.375	0.3646	-1.0	-0.9924	0.0	0.0161	0	
20200423_223825.774416	0.375	0.3654	-1.0	-0.9932	0.0	-0.0169	0	
20200423_223825.783921	0.375	0.3646	-1.0	-0.9924	0.0	0.0153	0	
20200423_223825.790675	0.375	0.3647	-1.0	-0.9923	0.0	0.0205	0	
20200423_223825.798860	0.375	0.3633	-1.0	-0.9917	0.0	-0.0172	0	
20200423_223825.807784	0.375	0.3631	-1.0	-0.9921	0.0	-0.008	0	
20200423_223825.815777	0.375	0.3631	-1.0	-0.9921	0.0	-0.008	0	
20200423_223825.824068	0.375	0.3654	-1.0	-0.9904	0.0	0.055	0	
20200423_223825.832617	0.375	0.3654	-1.0	-0.9904	0.0	0.055	0	
20200423_223825.841029	0.375	0.3654	-1.0	-0.9904	0.0	0.0555	0	
20200423_223825.849090	0.375	0.3654	-1.0	-0.9904	0.0	0.0555	0	
20200423_223825.857429	0.375	0.3654	-1.0	-0.9904	0.0	0.0555	0	
20200423_223825.865677	0.375	0.3654	-1.0	-0.9904	0.0	0.0555	0	
20200423_223825.873938	0.375	0.3654	-1.0	-0.9904	0.0	0.0555	0	
20200423_223825.882428	0.375	0.3654	-1.0	-0.9904	0.0	0.0555	0	
20200423_223825.891207	0.375	0.3654	-1.0	-0.9904	0.0	0.0555	0	
20200423_223825.900001	0.375	0.3654	-1.0	-0.9904	0.0	0.0555	0	
20200423_223825.907371	0.375	0.3654	-1.0	-0.9904	0.0	0.0555	0	
20200423_223825.915826	0.375	0.3654	-1.0	-0.9904	0.0	0.0555	0	
20200423_223825.924062	0.375	0.3654	-1.0	-0.9904	0.0	0.0555	0	
20200423_223825.932398	0.375	0.3654	-1.0	-0.9904	0.0	0.0555	0	
20200423_223825.941073	0.375	0.3654	-1.0	-0.9904	0.0	0.0555	0	
20200423_223825.949424	0.375	0.3649	-1.0	-0.99	0.0	0.047	0	
20200423_223825.957853	0.375	0.3647	-1.0	-0.9909	0.0	0.0441	0	
20200423_223825.965826	0.375	0.3649	-1.0	-0.9901	0.0	0.0471	0	
20200423_223825.973820	0.375	0.3647	-1.0	-0.9923	0.0	0.0193	0	
20200423_223825.982432	0.375	0.3647	-1.0	-0.9923	0.0	0.0193	0	
20200423_223825.991096	0.375	0.3642	-1.0	-0.9891	0.0	0.0756	0	
20200423_223825.999259	0.375	0.3642	-1.0	-0.9891	0.0	0.0756	0	
20200423_223826.007277	0.375	0.3642	-1.0	-0.9891	0.0	0.0756	0	
20200423_223826.015871	0.375	0.3642	-1.0	-0.9891	0.0	0.0756	0	
20200423_223826.024188	0.375	0.3642	-1.0	-0.9891	0.0	0.0756	0	
20200423_223826.032898	0.375	0.3642	-1.0	-0.9891	0.0	0.0756	0	
20200423_223826.041962	0.375	0.3642	-1.0	-0.9891	0.0	0.0756	0	
20200423_223826.050559	0.375	0.3642	-1.0	-0.9891	0.0	0.0756	0	
20200423_223826.057489	0.375	0.3642	-1.0	-0.9891	0.0	0.0756	0	
20200423_223826.065537	0.375	0.3642	-1.0	-0.9891	0.0	0.0756	0	
20200423_223826.074260	0.375	0.3642	-1.0	-0.9891	0.0	0.0756	0	
20200423_223826.082582	0.375	0.3642	-1.0	-0.9891	0.0	0.0756	0	
20200423_223826.091153	0.375	0.3642	-1.0	-0.9891	0.0	0.0756	0	
20200423_223826.099378	0.375	0.3642	-1.0	-0.9891	0.0	0.0756	0	
20200423_223826.107620	0.375	0.3642	-1.0	-0.9891	0.0	0.0756	0	
20200423_223826.116169	0.375	0.3642	-1.0	-0.9891	0.0	0.0756	0	
20200423_223826.124498	0.375	0.3642	-1.0	-0.9891	0.0	0.0756	0	
20200423_223826.132424	0.375	0.3642	-1.0	-0.9891	0.0	0.0756	0	
20200423_223826.140580	0.375	0.3642	-1.0	-0.9891	0.0	0.0756	0	
20200423_223826.149829	0.375	0.3648	-1.0	-0.9902	0.0	0.0451	0	
20200423_223826.157539	0.375	0.3646	-1.0	-0.9909	0.0	0.0454	0	
20200423_223826.165973	0.375	0.3649	-1.0	-0.9901	0.0	0.046	0	
20200423_223826.174240	0.375	0.3646	-1.0	-0.9909	0.0	0.0471	0	
20200423_223826.182976	0.375	0.3649	-1.0	-0.9901	0.0	0.047	0	
20200423_223826.190475	0.375	0.3649	-1.0	-0.9901	0.0	0.047	0	
20200423_223826.198584	0.375	0.3649	-1.0	-0.9901	0.0	0.047	0	
20200423_223826.207135	0.375	0.3649	-1.0	-0.9901	0.0	0.047	0	
20200423_223826.216505	0.375	0.3649	-1.0	-0.9901	0.0	0.047	0	
20200423_223826.223878	0.375	0.3649	-1.0	-0.9901	0.0	0.047	0	
20200423_223826.232474	0.375	0.3649	-1.0	-0.9901	0.0	0.047	0	
20200423_223826.240825	0.375	0.3649	-1.0	-0.9901	0.0	0.047	0	
20200423_223826.249039	0.375	0.3649	-1.0	-0.9901	0.0	0.047	0	
20200423_223826.257521	0.375	0.3649	-1.0	-0.9901	0.0	0.047	0	
20200423_223826.266359	0.375	0.3649	-1.0	-0.9901	0.0	0.047	0	
20200423_223826.274373	0.375	0.3649	-1.0	-0.9901	0.0	0.047	0	
20200423_223826.282697	0.375	0.3649	-1.0	-0.9901	0.0	0.047	0	
20200423_223826.290839	0.375	0.3649	-1.0	-0.9901	0.0	0.047	0	
20200423_223826.299487	0.375	0.3649	-1.0	-0.9901	0.0	0.047	0	
20200423_223826.311482	0.375	0.3649	-1.0	-0.9901	0.0	0.047	0	
20200423_223826.315874	0.375	0.3649	-1.0	-0.9901	0.0	0.047	0	
20200423_223826.324195	0.375	0.3649	-1.0	-0.9901	0.0	0.047	0	
20200423_223826.334345	0.375	0.3649	-1.0	-0.9901	0.0	0.047	0	
20200423_223826.341195	0.375	0.3649	-1.0	-0.9901	0.0	0.047	0	
20200423_223826.349250	0.375	0.3647	-1.0	-0.9903	0.0	0.0432	0	
20200423_223826.357361	0.375	0.3646	-1.0	-0.9924	0.0	0.0163	0	
20200423_223826.366615	0.375	0.3648	-1.0	-0.9923	0.0	-0.0002	0	
20200423_223826.374043	0.375	0.3644	-1.0	-0.9909	0.0	0.0452	0	
20200423_223826.382536	0.375	0.3648	-1.0	-0.9901	0.0	0.0457	0	
20200423_223826.390737	0.375	0.3639	-1.0	-0.9893	0.0	0.0725	0	
20200423_223826.399521	0.375	0.3639	-1.0	-0.9893	0.0	0.0725	0	
20200423_223826.407514	0.375	0.3639	-1.0	-0.9893	0.0	0.0725	0	
20200423_223826.416047	0.375	0.3639	-1.0	-0.9893	0.0	0.0725	0	
20200423_223826.424166	0.375	0.3639	-1.0	-0.9893	0.0	0.0725	0	
20200423_223826.432562	0.375	0.3639	-1.0	-0.9893	0.0	0.0725	0	
20200423_223826.440835	0.375	0.3639	-1.0	-0.9893	0.0	0.0725	0	
20200423_223826.449034	0.375	0.3639	-1.0	-0.9893	0.0	0.0725	0	
20200423_223826.457555	0.375	0.3639	-1.0	-0.9893	0.0	0.0725	0	
20200423_223826.465522	0.375	0.3639	-1.0	-0.9893	0.0	0.0725	0	
20200423_223826.474108	0.375	0.3639	-1.0	-0.9893	0.0	0.0725	0	
20200423_223826.482207	0.375	0.3639	-1.0	-0.9893	0.0	0.0725	0	
20200423_223826.490621	0.375	0.3639	-1.0	-0.9893	0.0	0.0725	0	
20200423_223826.499314	0.375	0.3639	-1.0	-0.9893	0.0	0.0725	0	
20200423_223826.507367	0.375	0.3639	-1.0	-0.9893	0.0	0.0725	0	
20200423_223826.515752	0.375	0.3639	-1.0	-0.9893	0.0	0.0725	0	
20200423_223826.523983	0.375	0.3639	-1.0	-0.9893	0.0	0.0725	0	
20200423_223826.532113	0.375	0.3639	-1.0	-0.9893	0.0	0.0725	0	
20200423_223826.541197	0.375	0.3639	-1.0	-0.9893	0.0	0.0725	0	
20200423_223826.548948	0.375	0.3648	-1.0	-0.9901	0.0	0.046	0	
20200423_223826.557364	0.375	0.365	-1.0	-0.9927	0.0	0.0005	0	
20200423_223826.565477	0.375	0.3645	-1.0	-0.993	0.0	-0.0151	0	
20200423_223826.573630	0.375	0.3645	-1.0	-0.993	0.0	-0.0151	0	
20200423_223826.581953	0.375	0.3645	-1.0	-0.993	0.0	-0.0153	0	
20200423_223826.590184	0.375	0.3652	-1.0	-0.9933	0.0	-0.0201	0	
20200423_223826.598638	0.375	0.3652	-1.0	-0.9933	0.0	-0.0201	0	
20200423_223826.606862	0.375	0.3652	-1.0	-0.9933	0.0	-0.0201	0	
20200423_223826.615181	0.375	0.3652	-1.0	-0.9933	0.0	-0.0201	0	
20200423_223826.623776	0.375	0.3652	-1.0	-0.9933	0.0	-0.0201	0	
20200423_223826.632152	0.375	0.3652	-1.0	-0.9933	0.0	-0.0201	0	
20200423_223826.640523	0.375	0.3652	-1.0	-0.9933	0.0	-0.0201	0	
20200423_223826.648904	0.375	0.3652	-1.0	-0.9933	0.0	-0.0201	0	
20200423_223826.657365	0.375	0.3652	-1.0	-0.9933	0.0	-0.0201	0	
20200423_223826.665574	0.375	0.3652	-1.0	-0.9933	0.0	-0.0201	0	
20200423_223826.674315	0.375	0.3652	-1.0	-0.9933	0.0	-0.0201	0	
20200423_223826.682946	0.375	0.3652	-1.0	-0.9933	0.0	-0.0201	0	
20200423_223826.690612	0.375	0.3652	-1.0	-0.9933	0.0	-0.0201	0	
20200423_223826.699024	0.375	0.3652	-1.0	-0.9933	0.0	-0.0201	0	
20200423_223826.707161	0.375	0.3652	-1.0	-0.9933	0.0	-0.0201	0	
20200423_223826.715725	0.375	0.3652	-1.0	-0.9933	0.0	-0.0201	0	
20200423_223826.724067	0.375	0.3652	-1.0	-0.9933	0.0	-0.0201	0	
20200423_223826.732599	0.375	0.3652	-1.0	-0.9933	0.0	-0.0201	0	
20200423_223826.740907	0.375	0.3652	-1.0	-0.9933	0.0	-0.0201	0	
20200423_223826.748867	0.375	0.3652	-1.0	-0.9933	0.0	-0.0201	0	
20200423_223826.757497	0.375	0.3645	-1.0	-0.9929	0.0	-0.0091	0	
20200423_223826.765767	0.375	0.3645	-1.0	-0.9929	0.0	-0.0091	0	
20200423_223826.773897	0.375	0.3643	-1.0	-0.993	0.0	-0.0026	0	
20200423_223826.782325	0.375	0.3643	-1.0	-0.993	0.0	-0.0026	0	
20200423_223826.790879	0.375	0.3643	-1.0	-0.993	0.0	-0.0026	0	
20200423_223826.799051	0.375	0.3643	-1.0	-0.993	0.0	-0.0026	0	
20200423_223826.807587	0.375	0.3643	-1.0	-0.993	0.0	-0.0026	0	
20200423_223826.815587	0.375	0.3643	-1.0	-0.993	0.0	-0.0026	0	
20200423_223826.823977	0.375	0.3643	-1.0	-0.993	0.0	-0.0026	0	
20200423_223826.832471	0.375	0.3643	-1.0	-0.993	0.0	-0.0026	0	
20200423_223826.840662	0.375	0.3643	-1.0	-0.993	0.0	-0.0026	0	
20200423_223826.848645	0.375	0.3643	-1.0	-0.993	0.0	-0.0026	0	
20200423_223826.857232	0.375	0.3643	-1.0	-0.993	0.0	-0.0026	0	
20200423_223826.866002	0.375	0.3643	-1.0	-0.993	0.0	-0.0026	0	
20200423_223826.874109	0.375	0.3643	-1.0	-0.993	0.0	-0.0026	0	
20200423_223826.882357	0.375	0.3643	-1.0	-0.993	0.0	-0.0026	0	
20200423_223826.891090	0.375	0.3643	-1.0	-0.993	0.0	-0.0026	0	
20200423_223826.899507	0.375	0.3643	-1.0	-0.993	0.0	-0.0026	0	
20200423_223826.907427	0.375	0.3643	-1.0	-0.993	0.0	-0.0026	0	
20200423_223826.915549	0.375	0.3643	-1.0	-0.993	0.0	-0.0026	0	
20200423_223826.924164	0.375	0.3643	-1.0	-0.993	0.0	-0.0026	0	
20200423_223826.932311	0.375	0.3643	-1.0	-0.993	0.0	-0.0026	0	
20200423_223826.940854	0.375	0.3643	-1.0	-0.993	0.0	-0.0026	0	
20200423_223826.949104	0.375	0.3643	-1.0	-0.993	0.0	-0.0026	0	
20200423_223826.957633	0.375	0.3643	-1.0	-0.993	0.0	-0.011	0	
20200423_223826.965510	0.375	0.3643	-1.0	-0.993	0.0	-0.011	0	
20200423_223826.973818	0.375	0.3642	-1.0	-0.993	0.0	-0.0018	0	
20200423_223826.982552	0.375	0.3646	-1.0	-0.9928	0.0	-0.0123	0	
20200423_223826.991619	0.375	0.3646	-1.0	-0.9928	0.0	-0.0123	0	
20200423_223826.998969	0.375	0.3646	-1.0	-0.9928	0.0	-0.0123	0	
20200423_223827.007204	0.375	0.3646	-1.0	-0.9928	0.0	-0.0123	0	
20200423_223827.016124	0.375	0.3646	-1.0	-0.9928	0.0	-0.0123	0	
20200423_223827.024226	0.375	0.3646	-1.0	-0.9928	0.0	-0.0123	0	
20200423_223827.032353	0.375	0.3646	-1.0	-0.9928	0.0	-0.0123	0	
20200423_223827.041662	0.375	0.3646	-1.0	-0.9928	0.0	-0.0123	0	
20200423_223827.048948	0.375	0.3646	-1.0	-0.9928	0.0	-0.0123	0	
20200423_223827.057443	0.375	0.3646	-1.0	-0.9928	0.0	-0.0123	0	
20200423_223827.065994	0.375	0.3646	-1.0	-0.9928	0.0	-0.0123	0	
20200423_223827.074074	0.375	0.3646	-1.0	-0.9928	0.0	-0.0123	0	
20200423_223827.082620	0.375	0.3646	-1.0	-0.9928	0.0	-0.0123	0	
20200423_223827.091040	0.375	0.3646	-1.0	-0.9928	0.0	-0.0123	0	
20200423_223827.098893	0.375	0.3646	-1.0	-0.9928	0.0	-0.0123	0	
20200423_223827.107461	0.375	0.3651	-1.0	-0.9933	0.0	-0.0207	0	
20200423_223827.115447	0.375	0.3651	-1.0	-0.9933	0.0	-0.0207	0	
20200423_223827.124081	0.375	0.3651	-1.0	-0.9933	0.0	-0.0207	0	
20200423_223827.132631	0.375	0.3651	-1.0	-0.9933	0.0	-0.0207	0	
20200423_223827.140613	0.375	0.3651	-1.0	-0.9933	0.0	-0.0207	0	
20200423_223827.148916	0.375	0.3651	-1.0	-0.9933	0.0	-0.0207	0	
20200423_223827.158583	0.375	0.3651	-1.0	-0.9926	0.0	0.0045	0	
20200423_223827.166787	0.375	0.3651	-1.0	-0.9926	0.0	0.0045	0	
20200423_223827.174384	0.375	0.3644	-1.0	-0.9909	0.0	0.045	0	
20200423_223827.182957	0.375	0.3647	-1.0	-0.9903	0.0	0.0434	0	
20200423_223827.191665	0.375	0.364	-1.0	-0.9891	0.0	0.0746	0	
20200423_223827.200079	0.375	0.364	-1.0	-0.9891	0.0	0.0746	0	
20200423_223827.208450	0.375	0.364	-1.0	-0.9891	0.0	0.0746	0	
20200423_223827.216672	0.375	0.364	-1.0	-0.9891	0.0	0.0746	0	
20200423_223827.226484	0.375	0.364	-1.0	-0.9891	0.0	0.0746	0	
20200423_223827.233601	0.375	0.364	-1.0	-0.9891	0.0	0.0746	0	
20200423_223827.242165	0.375	0.364	-1.0	-0.9891	0.0	0.0746	0	
20200423_223827.249265	0.375	0.364	-1.0	-0.9891	0.0	0.0746	0	
20200423_223827.258065	0.375	0.364	-1.0	-0.9891	0.0	0.0746	0	
20200423_223827.265646	0.375	0.364	-1.0	-0.9891	0.0	0.0746	0	
