Time	X_Setpt	X_FB	Y_Setpt	Y_FB	Theta_Setpt	Theta_FB	Motion Status	
20200423_221924.137759	0.5	0.4147	-1.22464679915e-16	-1.4286	0.0	-2.8491	1	
20200423_221924.231074	0.5	0.4143	-1.22464679915e-16	-1.4289	0.0	-2.8567	1	
20200423_221924.331107	0.5	0.4118	-1.22464679915e-16	-1.43	0.0	-2.8815	1	
20200423_221924.431106	0.5	0.4096	-1.22464679915e-16	-1.4312	0.0	-2.9051	1	
20200423_221924.531095	0.5	0.4056	-1.22464679915e-16	-1.4344	0.0	-2.9731	1	
20200423_221924.631054	0.5	0.3993	-1.22464679915e-16	-1.4375	0.0	-3.0497	1	
20200423_221924.731087	0.5	0.3951	-1.22464679915e-16	-1.4394	0.0	-3.1161	1	
20200423_221924.831115	0.5	0.3888	-1.22464679915e-16	-1.4419	0.0	3.0937	1	
20200423_221924.931136	0.5	0.3846	-1.22464679915e-16	-1.4435	0.0	3.0254	1	
20200423_221925.031193	0.5	0.3794	-1.22464679915e-16	-1.4439	0.0	2.9699	1	
20200423_221925.131138	0.5	0.3736	-1.22464679915e-16	-1.4452	0.0	2.8924	1	
20200423_221925.231241	0.5	0.3653	-1.22464679915e-16	-1.446	0.0	2.805	1	
20200423_221925.331189	0.5	0.3579	-1.22464679915e-16	-1.4456	0.0	2.7032	1	
20200423_221925.431120	0.5	0.3502	-1.22464679915e-16	-1.4447	0.0	2.6352	1	
20200423_221925.531185	0.5	0.3434	-1.22464679915e-16	-1.4434	0.0	2.5639	1	
20200423_221925.631056	0.5	0.3359	-1.22464679915e-16	-1.4414	0.0	2.4862	1	
20200423_221925.731073	0.5	0.3285	-1.22464679915e-16	-1.4386	0.0	2.4131	1	
20200423_221925.831087	0.5	0.3205	-1.22464679915e-16	-1.4341	0.0	2.3662	1	
20200423_221925.931144	0.5	0.3144	-1.22464679915e-16	-1.4314	0.0	2.2757	1	
20200423_221926.031272	0.5	0.3078	-1.22464679915e-16	-1.4278	0.0	2.1956	1	
20200423_221926.131335	0.5	0.3001	-1.22464679915e-16	-1.4218	0.0	2.1275	1	
20200423_221926.231292	0.5	0.2939	-1.22464679915e-16	-1.4162	0.0	2.052	1	
20200423_221926.331161	0.5	0.2883	-1.22464679915e-16	-1.409	0.0	1.979	1	
20200423_221926.431154	0.5	0.2817	-1.22464679915e-16	-1.4006	0.0	1.8962	1	
20200423_221926.531479	0.5	0.2778	-1.22464679915e-16	-1.3951	0.0	1.829	1	
20200423_221926.631011	0.5	0.2736	-1.22464679915e-16	-1.3872	0.0	1.7765	1	
20200423_221926.731139	0.5	0.2693	-1.22464679915e-16	-1.3792	0.0	1.703	1	
20200423_221926.831184	0.5	0.2666	-1.22464679915e-16	-1.3726	0.0	1.6316	1	
20200423_221926.931147	0.5	0.2652	-1.22464679915e-16	-1.3646	0.0	1.5772	1	
20200423_221927.031144	0.5	0.2622	-1.22464679915e-16	-1.3562	0.0	1.4999	1	
20200423_221927.131505	0.5	0.2608	-1.22464679915e-16	-1.3475	0.0	1.4263	1	
20200423_221927.231163	0.5	0.26	-1.22464679915e-16	-1.3364	0.0	1.3566	1	
20200423_221927.331080	0.5	0.2616	-1.22464679915e-16	-1.3261	0.0	1.3251	1	
20200423_221927.431154	0.5	0.2637	-1.22464679915e-16	-1.3172	0.0	1.3172	1	
20200423_221927.531154	0.5	0.2663	-1.22464679915e-16	-1.3074	0.0	1.2957	1	
20200423_221927.631061	0.5	0.268	-1.22464679915e-16	-1.2999	0.0	1.2996	1	
20200423_221927.731118	0.5	0.272	-1.22464679915e-16	-1.2891	0.0	1.3631	1	
20200423_221927.831140	0.5	0.2761	-1.22464679915e-16	-1.2787	0.0	1.4225	1	
20200423_221927.931181	0.5	0.2784	-1.22464679915e-16	-1.27	0.0	1.4504	1	
20200423_221928.031182	0.5	0.2802	-1.22464679915e-16	-1.2591	0.0	1.4595	1	
20200423_221928.131196	0.5	0.2809	-1.22464679915e-16	-1.2503	0.0	1.4309	1	
20200423_221928.231080	0.5	0.2829	-1.22464679915e-16	-1.2416	0.0	1.4521	1	
20200423_221928.331144	0.5	0.2837	-1.22464679915e-16	-1.2308	0.0	1.4502	1	
20200423_221928.431150	0.5	0.2842	-1.22464679915e-16	-1.222	0.0	1.4436	1	
20200423_221928.531159	0.5	0.2863	-1.22464679915e-16	-1.2129	0.0	1.4446	1	
20200423_221928.631085	0.5	0.2879	-1.22464679915e-16	-1.2025	0.0	1.4233	1	
20200423_221928.731052	0.5	0.2887	-1.22464679915e-16	-1.1936	0.0	1.419	1	
20200423_221928.831158	0.5	0.2899	-1.22464679915e-16	-1.1836	0.0	1.4393	1	
20200423_221928.931191	0.5	0.2915	-1.22464679915e-16	-1.1739	0.0	1.4372	1	
20200423_221929.031243	0.5	0.2933	-1.22464679915e-16	-1.1654	0.0	1.438	1	
20200423_221929.131174	0.5	0.2946	-1.22464679915e-16	-1.1541	0.0	1.4421	1	
20200423_221929.231178	0.5	0.2963	-1.22464679915e-16	-1.1436	0.0	1.4414	1	
20200423_221929.331069	0.5	0.2973	-1.22464679915e-16	-1.1324	0.0	1.4411	1	
20200423_221929.431148	0.5	0.2981	-1.22464679915e-16	-1.1259	0.0	1.4388	1	
20200423_221929.531198	0.5	0.3003	-1.22464679915e-16	-1.1134	0.0	1.4193	1	
20200423_221929.631018	0.5	0.3016	-1.22464679915e-16	-1.1045	0.0	1.4418	1	
20200423_221929.731269	0.5	0.3026	-1.22464679915e-16	-1.0929	0.0	1.4425	1	
20200423_221929.831160	0.5	0.304	-1.22464679915e-16	-1.0856	0.0	1.424	1	
20200423_221929.931170	0.5	0.3055	-1.22464679915e-16	-1.0746	0.0	1.4367	1	
20200423_221930.031024	0.5	0.3067	-1.22464679915e-16	-1.0637	0.0	1.4191	1	
20200423_221930.131125	0.5	0.3082	-1.22464679915e-16	-1.0542	0.0	1.4405	1	
20200423_221930.231205	0.5	0.3096	-1.22464679915e-16	-1.0457	0.0	1.4409	1	
20200423_221930.331126	0.5	0.3108	-1.22464679915e-16	-1.0345	0.0	1.4415	1	
20200423_221930.431150	0.5	0.3122	-1.22464679915e-16	-1.0263	0.0	1.4194	1	
20200423_221930.531227	0.5	0.3139	-1.22464679915e-16	-1.0153	0.0	1.4407	1	
20200423_221930.631195	0.5	0.3148	-1.22464679915e-16	-1.0057	0.0	1.421	1	
20200423_221930.731193	0.5	0.3164	-1.22464679915e-16	-0.997	0.0	1.4398	1	
20200423_221930.831177	0.5	0.318	-1.22464679915e-16	-0.9879	0.0	1.4405	1	
20200423_221930.931203	0.5	0.3192	-1.22464679915e-16	-0.9764	0.0	1.419	1	
20200423_221931.031147	0.5	0.3203	-1.22464679915e-16	-0.968	0.0	1.4206	1	
20200423_221931.131150	0.5	0.3222	-1.22464679915e-16	-0.9573	0.0	1.4421	1	
20200423_221931.231210	0.5	0.3229	-1.22464679915e-16	-0.9462	0.0	1.4203	1	
20200423_221931.331163	0.5	0.3247	-1.22464679915e-16	-0.9376	0.0	1.4396	1	
20200423_221931.431199	0.5	0.3263	-1.22464679915e-16	-0.9276	0.0	1.441	1	
20200423_221931.531141	0.5	0.327	-1.22464679915e-16	-0.9189	0.0	1.4358	1	
20200423_221931.631057	0.5	0.3293	-1.22464679915e-16	-0.9077	0.0	1.4381	1	
20200423_221931.731083	0.5	0.3308	-1.22464679915e-16	-0.898	0.0	1.4363	1	
20200423_221931.831100	0.5	0.3317	-1.22464679915e-16	-0.889	0.0	1.4166	1	
20200423_221931.931058	0.5	0.3335	-1.22464679915e-16	-0.8786	0.0	1.4355	1	
20200423_221932.031091	0.5	0.3345	-1.22464679915e-16	-0.8715	0.0	1.4355	1	
20200423_221932.131173	0.5	0.336	-1.22464679915e-16	-0.8607	0.0	1.4349	1	
20200423_221932.231163	0.5	0.3381	-1.22464679915e-16	-0.85	0.0	1.441	1	
20200423_221932.331143	0.5	0.3394	-1.22464679915e-16	-0.8414	0.0	1.4206	1	
20200423_221932.431208	0.5	0.3406	-1.22464679915e-16	-0.8305	0.0	1.4376	1	
20200423_221932.531192	0.5	0.342	-1.22464679915e-16	-0.8216	0.0	1.4367	1	
20200423_221932.631091	0.5	0.3438	-1.22464679915e-16	-0.8125	0.0	1.4365	1	
20200423_221932.731162	0.5	0.3451	-1.22464679915e-16	-0.8016	0.0	1.4374	1	
20200423_221932.831236	0.5	0.3462	-1.22464679915e-16	-0.7927	0.0	1.437	1	
20200423_221932.931164	0.5	0.3479	-1.22464679915e-16	-0.783	0.0	1.4387	1	
20200423_221933.031185	0.5	0.3492	-1.22464679915e-16	-0.7726	0.0	1.4374	1	
20200423_221933.131151	0.5	0.3511	-1.22464679915e-16	-0.7619	0.0	1.4388	1	
20200423_221933.231188	0.5	0.3519	-1.22464679915e-16	-0.7527	0.0	1.4382	1	
20200423_221933.331147	0.5	0.3528	-1.22464679915e-16	-0.742	0.0	1.4357	1	
20200423_221933.431198	0.5	0.3547	-1.22464679915e-16	-0.7336	0.0	1.4362	1	
20200423_221933.531136	0.5	0.3565	-1.22464679915e-16	-0.7231	0.0	1.438	1	
20200423_221933.631032	0.5	0.3566	-1.22464679915e-16	-0.7144	0.0	1.4246	1	
20200423_221933.731151	0.5	0.3587	-1.22464679915e-16	-0.7043	0.0	1.4266	1	
20200423_221933.831171	0.5	0.3604	-1.22464679915e-16	-0.6935	0.0	1.4258	1	
20200423_221933.931188	0.5	0.3614	-1.22464679915e-16	-0.6852	0.0	1.4214	1	
20200423_221934.031037	0.5	0.3636	-1.22464679915e-16	-0.677	0.0	1.424	1	
20200423_221934.130899	0.5	0.3644	-1.22464679915e-16	-0.6676	0.0	1.4218	1	
20200423_221934.231053	0.5	0.3658	-1.22464679915e-16	-0.6581	0.0	1.4219	1	
20200423_221934.331187	0.5	0.3681	-1.22464679915e-16	-0.6479	0.0	1.4229	1	
20200423_221934.431316	0.5	0.3694	-1.22464679915e-16	-0.6382	0.0	1.4255	1	
20200423_221934.531146	0.5	0.3705	-1.22464679915e-16	-0.6291	0.0	1.4219	1	
20200423_221934.631074	0.5	0.3723	-1.22464679915e-16	-0.619	0.0	1.422	1	
20200423_221934.731075	0.5	0.3739	-1.22464679915e-16	-0.6102	0.0	1.4222	1	
20200423_221934.831190	0.5	0.3755	-1.22464679915e-16	-0.5994	0.0	1.4246	1	
20200423_221934.931126	0.5	0.3773	-1.22464679915e-16	-0.5895	0.0	1.4241	1	
20200423_221935.031196	0.5	0.379	-1.22464679915e-16	-0.5797	0.0	1.4265	1	
20200423_221935.131205	0.5	0.38	-1.22464679915e-16	-0.5702	0.0	1.4249	1	
20200423_221935.231182	0.5	0.3821	-1.22464679915e-16	-0.5595	0.0	1.4255	1	
20200423_221935.331181	0.5	0.3835	-1.22464679915e-16	-0.5513	0.0	1.4258	1	
20200423_221935.431164	0.5	0.3848	-1.22464679915e-16	-0.5396	0.0	1.424	1	
20200423_221935.531206	0.5	0.3861	-1.22464679915e-16	-0.5313	0.0	1.4244	1	
20200423_221935.631006	0.5	0.3881	-1.22464679915e-16	-0.5212	0.0	1.4238	1	
20200423_221935.731172	0.5	0.3897	-1.22464679915e-16	-0.5104	0.0	1.4016	1	
20200423_221935.831161	0.5	0.3908	-1.22464679915e-16	-0.5031	0.0	1.4001	1	
20200423_221935.931082	0.5	0.3925	-1.22464679915e-16	-0.4923	0.0	1.4234	1	
20200423_221936.031211	0.5	0.3932	-1.22464679915e-16	-0.4834	0.0	1.4194	1	
20200423_221936.131193	0.5	0.396	-1.22464679915e-16	-0.4728	0.0	1.4237	1	
20200423_221936.231163	0.5	0.3973	-1.22464679915e-16	-0.4627	0.0	1.4009	1	
20200423_221936.331244	0.5	0.3982	-1.22464679915e-16	-0.454	0.0	1.3961	1	
20200423_221936.431167	0.5	0.4004	-1.22464679915e-16	-0.4454	0.0	1.4167	1	
20200423_221936.531192	0.5	0.4017	-1.22464679915e-16	-0.4349	0.0	1.3894	1	
20200423_221936.631093	0.5	0.4036	-1.22464679915e-16	-0.425	0.0	1.3883	1	
20200423_221936.731085	0.5	0.4054	-1.22464679915e-16	-0.4162	0.0	1.4107	1	
20200423_221936.831205	0.5	0.4067	-1.22464679915e-16	-0.4064	0.0	1.3915	1	
20200423_221936.931096	0.5	0.4083	-1.22464679915e-16	-0.398	0.0	1.4102	1	
20200423_221937.031125	0.5	0.4107	-1.22464679915e-16	-0.3866	0.0	1.3908	1	
20200423_221937.131158	0.5	0.4118	-1.22464679915e-16	-0.3783	0.0	1.4111	1	
20200423_221937.231113	0.5	0.4137	-1.22464679915e-16	-0.3696	0.0	1.3934	1	
20200423_221937.331213	0.5	0.4158	-1.22464679915e-16	-0.3599	0.0	1.4147	1	
20200423_221937.431173	0.5	0.4176	-1.22464679915e-16	-0.349	0.0	1.3926	1	
20200423_221937.531142	0.5	0.4194	-1.22464679915e-16	-0.3395	0.0	1.4137	1	
20200423_221937.631068	0.5	0.4212	-1.22464679915e-16	-0.3292	0.0	1.3955	1	
20200423_221937.731113	0.5	0.4224	-1.22464679915e-16	-0.321	0.0	1.3907	1	
20200423_221937.831129	0.5	0.4246	-1.22464679915e-16	-0.3099	0.0	1.3861	1	
20200423_221937.931130	0.5	0.426	-1.22464679915e-16	-0.3004	0.0	1.3849	1	
20200423_221938.031169	0.5	0.4271	-1.22464679915e-16	-0.2913	0.0	1.3881	1	
20200423_221938.131151	0.5	0.4288	-1.22464679915e-16	-0.2812	0.0	1.385	1	
20200423_221938.231162	0.5	0.4304	-1.22464679915e-16	-0.2724	0.0	1.3829	1	
20200423_221938.331250	0.5	0.4321	-1.22464679915e-16	-0.2612	0.0	1.3834	1	
20200423_221938.431233	0.5	0.4338	-1.22464679915e-16	-0.2516	0.0	1.4057	1	
20200423_221938.531111	0.5	0.4349	-1.22464679915e-16	-0.2423	0.0	1.4027	1	
20200423_221938.631029	0.5	0.435	-1.22464679915e-16	-0.2337	0.0	1.3598	1	
20200423_221938.731048	0.5	0.4351	-1.22464679915e-16	-0.2252	0.0	1.3091	1	
20200423_221938.831167	0.5	0.4373	-1.22464679915e-16	-0.2155	0.0	1.2784	1	
20200423_221938.931054	0.5	0.4403	-1.22464679915e-16	-0.206	0.0	1.2767	1	
20200423_221939.031177	0.5	0.4418	-1.22464679915e-16	-0.1996	0.0	1.2735	1	
20200423_221939.131240	0.5	0.4454	-1.22464679915e-16	-0.1895	0.0	1.2743	1	
20200423_221939.231197	0.5	0.4483	-1.22464679915e-16	-0.1798	0.0	1.2723	1	
20200423_221939.331135	0.5	0.4506	-1.22464679915e-16	-0.1712	0.0	1.2724	1	
20200423_221939.431101	0.5	0.4545	-1.22464679915e-16	-0.1613	0.0	1.2762	1	
20200423_221939.531206	0.5	0.4569	-1.22464679915e-16	-0.1529	0.0	1.2526	1	
20200423_221939.630938	0.5	0.4603	-1.22464679915e-16	-0.1428	0.0	1.2575	1	
20200423_221939.731131	0.5	0.463	-1.22464679915e-16	-0.1332	0.0	1.2585	1	
20200423_221939.831138	0.5	0.4657	-1.22464679915e-16	-0.1231	0.0	1.2515	1	
20200423_221939.931208	0.5	0.4682	-1.22464679915e-16	-0.1146	0.0	1.2525	1	
20200423_221940.031162	0.5	0.4725	-1.22464679915e-16	-0.1053	0.0	1.2515	1	
20200423_221940.131209	0.5	0.4753	-1.22464679915e-16	-0.0958	0.0	1.2502	1	
20200423_221940.231220	0.5	0.4783	-1.22464679915e-16	-0.0875	0.0	1.2637	1	
20200423_221940.331149	0.5	0.4767	-1.22464679915e-16	-0.0847	0.0	1.1888	1	
20200423_221940.431318	0.5	0.4752	-1.22464679915e-16	-0.0834	0.0	1.1372	1	
20200423_221940.531163	0.5	0.4721	-1.22464679915e-16	-0.0832	0.0	1.0511	1	
20200423_221940.631026	0.5	0.4699	-1.22464679915e-16	-0.0821	0.0	0.9717	1	
20200423_221940.731182	0.5	0.4671	-1.22464679915e-16	-0.0808	0.0	0.8896	1	
20200423_221940.831226	0.5	0.4657	-1.22464679915e-16	-0.0791	0.0	0.7947	1	
20200423_221940.931210	0.5	0.4638	-1.22464679915e-16	-0.0777	0.0	0.7464	1	
20200423_221941.031186	0.5	0.4615	-1.22464679915e-16	-0.0769	0.0	0.6661	1	
20200423_221941.131439	0.5	0.4598	-1.22464679915e-16	-0.0749	0.0	0.5991	1	
20200423_221941.231221	0.5	0.4581	-1.22464679915e-16	-0.0729	0.0	0.5295	1	
20200423_221941.331128	0.5	0.457	-1.22464679915e-16	-0.0718	0.0	0.448	1	
20200423_221941.431206	0.5	0.4554	-1.22464679915e-16	-0.0703	0.0	0.4002	1	
20200423_221941.531248	0.5	0.4546	-1.22464679915e-16	-0.0689	0.0	0.324	1	
20200423_221941.631077	0.5	0.4535	-1.22464679915e-16	-0.0669	0.0	0.2628	1	
20200423_221941.731122	0.5	0.4525	-1.22464679915e-16	-0.0651	0.0	0.2044	1	
20200423_221941.831148	0.5	0.4518	-1.22464679915e-16	-0.0639	0.0	0.1463	1	
20200423_221941.931064	0.5	0.4515	-1.22464679915e-16	-0.0627	0.0	0.0937	1	
20200423_221942.031558	0.5	0.4513	-1.22464679915e-16	-0.0611	0.0	0.0401	1	
20200423_221942.131125	0.5	0.4507	-1.22464679915e-16	-0.0594	0.0	-0.0125	0	
20200423_221942.131286	0.5	0.4505	-1.22464679915e-16	-0.0592	0.0	-0.0173	0	
20200423_221942.138077	0.5	0.4504	-1.22464679915e-16	-0.0592	0.0	-0.0199	0	
20200423_221942.146804	0.5	0.4505	-1.22464679915e-16	-0.0592	0.0	-0.0229	0	
20200423_221942.154817	0.5	0.4504	-1.22464679915e-16	-0.0591	0.0	-0.0036	0	
20200423_221942.162973	0.5	0.4504	-1.22464679915e-16	-0.059	0.0	-0.0057	0	
20200423_221942.171915	0.5	0.4504	-1.22464679915e-16	-0.0589	0.0	-0.0278	0	
20200423_221942.180326	0.5	0.4504	-1.22464679915e-16	-0.0589	0.0	-0.0303	0	
20200423_221942.189083	0.5	0.4504	-1.22464679915e-16	-0.0587	0.0	-0.0314	0	
20200423_221942.195858	0.5	0.4504	-1.22464679915e-16	-0.0586	0.0	-0.0325	0	
20200423_221942.204520	0.5	0.4504	-1.22464679915e-16	-0.0586	0.0	-0.0333	0	
20200423_221942.212799	0.5	0.4504	-1.22464679915e-16	-0.0586	0.0	-0.0342	0	
20200423_221942.221130	0.5	0.4505	-1.22464679915e-16	-0.0586	0.0	-0.035	0	
20200423_221942.229270	0.5	0.4505	-1.22464679915e-16	-0.0586	0.0	-0.0357	0	
20200423_221942.238191	0.5	0.4504	-1.22464679915e-16	-0.0585	0.0	-0.0357	0	
20200423_221942.246698	0.5	0.4504	-1.22464679915e-16	-0.0585	0.0	-0.0362	0	
20200423_221942.255043	0.5	0.4504	-1.22464679915e-16	-0.0585	0.0	-0.0366	0	
20200423_221942.262854	0.5	0.4504	-1.22464679915e-16	-0.0585	0.0	-0.0373	0	
20200423_221942.270778	0.5	0.4503	-1.22464679915e-16	-0.0584	0.0	-0.037	0	
20200423_221942.279607	0.5	0.4503	-1.22464679915e-16	-0.0584	0.0	-0.037	0	
20200423_221942.287704	0.5	0.4503	-1.22464679915e-16	-0.0585	0.0	-0.0373	0	
20200423_221942.295721	0.5	0.4503	-1.22464679915e-16	-0.0585	0.0	-0.0373	0	
20200423_221942.304246	0.5	0.4504	-1.22464679915e-16	-0.0585	0.0	-0.0373	0	
20200423_221942.313592	0.5	0.4503	-1.22464679915e-16	-0.0585	0.0	-0.0374	0	
20200423_221942.321399	0.5	0.4503	-1.22464679915e-16	-0.0584	0.0	-0.0364	0	
20200423_221942.329729	0.5	0.4503	-1.22464679915e-16	-0.0584	0.0	-0.0368	0	
20200423_221942.338229	0.5	0.4503	-1.22464679915e-16	-0.0584	0.0	-0.037	0	
20200423_221942.346722	0.5	0.4503	-1.22464679915e-16	-0.0585	0.0	-0.038	0	
20200423_221942.355094	0.5	0.4502	-1.22464679915e-16	-0.0584	0.0	-0.0368	0	
20200423_221942.362911	0.5	0.4503	-1.22464679915e-16	-0.0585	0.0	-0.0373	0	
20200423_221942.371483	0.5	0.4503	-1.22464679915e-16	-0.0585	0.0	-0.0372	0	
20200423_221942.380589	0.5	0.4503	-1.22464679915e-16	-0.0586	0.0	-0.0383	0	
20200423_221942.388206	0.5	0.4503	-1.22464679915e-16	-0.0585	0.0	-0.0374	0	
20200423_221942.396546	0.5	0.4503	-1.22464679915e-16	-0.0585	0.0	-0.0374	0	
20200423_221942.404982	0.5	0.4503	-1.22464679915e-16	-0.0585	0.0	-0.037	0	
20200423_221942.413297	0.5	0.4503	-1.22464679915e-16	-0.0584	0.0	-0.0371	0	
20200423_221942.422023	0.5	0.4502	-1.22464679915e-16	-0.0584	0.0	-0.037	0	
20200423_221942.430626	0.5	0.4502	-1.22464679915e-16	-0.0584	0.0	-0.0372	0	
20200423_221942.438198	0.5	0.4502	-1.22464679915e-16	-0.0584	0.0	-0.0367	0	
20200423_221942.447545	0.5	0.4503	-1.22464679915e-16	-0.0584	0.0	-0.037	0	
20200423_221942.456388	0.5	0.4503	-1.22464679915e-16	-0.0585	0.0	-0.0375	0	
20200423_221942.462672	0.5	0.4503	-1.22464679915e-16	-0.0585	0.0	-0.0378	0	
20200423_221942.471240	0.5	0.4503	-1.22464679915e-16	-0.0585	0.0	-0.0374	0	
20200423_221942.479661	0.5	0.4503	-1.22464679915e-16	-0.0584	0.0	-0.0377	0	
20200423_221942.488131	0.5	0.4502	-1.22464679915e-16	-0.0584	0.0	-0.0376	0	
20200423_221942.496674	0.5	0.4502	-1.22464679915e-16	-0.0584	0.0	-0.0375	0	
20200423_221942.505116	0.5	0.4502	-1.22464679915e-16	-0.0584	0.0	-0.0376	0	
20200423_221942.513384	0.5	0.4502	-1.22464679915e-16	-0.0584	0.0	-0.0375	0	
20200423_221942.521433	0.5	0.4502	-1.22464679915e-16	-0.0584	0.0	-0.0365	0	
20200423_221942.529784	0.5	0.4502	-1.22464679915e-16	-0.0585	0.0	-0.0373	0	
20200423_221942.537714	0.5	0.4502	-1.22464679915e-16	-0.0585	0.0	-0.0373	0	
20200423_221942.547679	0.5	0.4503	-1.22464679915e-16	-0.0585	0.0	-0.0383	0	
20200423_221942.558394	0.5	0.4502	-1.22464679915e-16	-0.0585	0.0	-0.0367	0	
20200423_221942.562945	0.5	0.4502	-1.22464679915e-16	-0.0585	0.0	-0.0375	0	
20200423_221942.570871	0.5	0.4502	-1.22464679915e-16	-0.0584	0.0	-0.0376	0	
20200423_221942.579310	0.5	0.4502	-1.22464679915e-16	-0.0585	0.0	-0.0383	0	
20200423_221942.587471	0.5	0.4502	-1.22464679915e-16	-0.0584	0.0	-0.0376	0	
20200423_221942.595638	0.5	0.4502	-1.22464679915e-16	-0.0584	0.0	-0.0374	0	
20200423_221942.604120	0.5	0.4502	-1.22464679915e-16	-0.0584	0.0	-0.0376	0	
20200423_221942.613439	0.5	0.4503	-1.22464679915e-16	-0.0584	0.0	-0.0373	0	
20200423_221942.620997	0.5	0.4503	-1.22464679915e-16	-0.0584	0.0	-0.0373	0	
20200423_221942.629645	0.5	0.4503	-1.22464679915e-16	-0.0584	0.0	-0.0374	0	
20200423_221942.637658	0.5	0.4502	-1.22464679915e-16	-0.0584	0.0	-0.0368	0	
20200423_221942.645968	0.5	0.4502	-1.22464679915e-16	-0.0584	0.0	-0.0371	0	
20200423_221942.654526	0.5	0.4503	-1.22464679915e-16	-0.0584	0.0	-0.0375	0	
20200423_221942.662935	0.5	0.4503	-1.22464679915e-16	-0.0585	0.0	-0.0379	0	
20200423_221942.672472	0.5	0.4503	-1.22464679915e-16	-0.0584	0.0	-0.0376	0	
20200423_221942.680400	0.5	0.4502	-1.22464679915e-16	-0.0585	0.0	-0.0375	0	
20200423_221942.688073	0.5	0.4502	-1.22464679915e-16	-0.0585	0.0	-0.0375	0	
20200423_221942.696821	0.5	0.4502	-1.22464679915e-16	-0.0585	0.0	-0.0375	0	
20200423_221942.704578	0.5	0.4502	-1.22464679915e-16	-0.0585	0.0	-0.0376	0	
20200423_221942.713241	0.5	0.4502	-1.22464679915e-16	-0.0584	0.0	-0.0377	0	
20200423_221942.721628	0.5	0.4502	-1.22464679915e-16	-0.0584	0.0	-0.0367	0	
20200423_221942.729456	0.5	0.4502	-1.22464679915e-16	-0.0585	0.0	-0.0372	0	
20200423_221942.738409	0.5	0.4502	-1.22464679915e-16	-0.0585	0.0	-0.0373	0	
20200423_221942.746628	0.5	0.4502	-1.22464679915e-16	-0.0585	0.0	-0.038	0	
20200423_221942.755120	0.5	0.4502	-1.22464679915e-16	-0.0584	0.0	-0.0366	0	
20200423_221942.763066	0.5	0.4502	-1.22464679915e-16	-0.0585	0.0	-0.0374	0	
20200423_221942.771295	0.5	0.4502	-1.22464679915e-16	-0.0585	0.0	-0.0376	0	
20200423_221942.779944	0.5	0.4502	-1.22464679915e-16	-0.0585	0.0	-0.0383	0	
20200423_221942.787821	0.5	0.4502	-1.22464679915e-16	-0.0585	0.0	-0.0377	0	
20200423_221942.796806	0.5	0.4502	-1.22464679915e-16	-0.0585	0.0	-0.0377	0	
20200423_221942.805107	0.5	0.4502	-1.22464679915e-16	-0.0584	0.0	-0.0374	0	
20200423_221942.813607	0.5	0.4502	-1.22464679915e-16	-0.0584	0.0	-0.0372	0	
20200423_221942.821317	0.5	0.4502	-1.22464679915e-16	-0.0584	0.0	-0.0375	0	
20200423_221942.829475	0.5	0.4502	-1.22464679915e-16	-0.0585	0.0	-0.0373	0	
20200423_221942.838201	0.5	0.4502	-1.22464679915e-16	-0.0584	0.0	-0.037	0	
20200423_221942.847280	0.5	0.4502	-1.22464679915e-16	-0.0584	0.0	-0.037	0	
20200423_221942.854656	0.5	0.4502	-1.22464679915e-16	-0.0585	0.0	-0.0375	0	
20200423_221942.863596	0.5	0.4502	-1.22464679915e-16	-0.0585	0.0	-0.0379	0	
20200423_221942.870853	0.5	0.4502	-1.22464679915e-16	-0.0585	0.0	-0.0377	0	
20200423_221942.879618	0.5	0.4502	-1.22464679915e-16	-0.0585	0.0	-0.0376	0	
20200423_221942.888639	0.5	0.4502	-1.22464679915e-16	-0.0585	0.0	-0.0376	0	
20200423_221942.896115	0.5	0.4502	-1.22464679915e-16	-0.0585	0.0	-0.0376	0	
20200423_221942.904627	0.5	0.4502	-1.22464679915e-16	-0.0584	0.0	-0.0377	0	
20200423_221942.914562	0.5	0.4502	-1.22464679915e-16	-0.0585	0.0	-0.0376	0	
20200423_221942.921741	0.5	0.4502	-1.22464679915e-16	-0.0584	0.0	-0.0368	0	
20200423_221942.929821	0.5	0.4502	-1.22464679915e-16	-0.0584	0.0	-0.0373	0	
20200423_221942.937678	0.5	0.4502	-1.22464679915e-16	-0.0585	0.0	-0.0373	0	
20200423_221942.946525	0.5	0.4502	-1.22464679915e-16	-0.0585	0.0	-0.0378	0	
20200423_221942.954977	0.5	0.4502	-1.22464679915e-16	-0.0584	0.0	-0.0366	0	
20200423_221942.963562	0.5	0.4502	-1.22464679915e-16	-0.0585	0.0	-0.0374	0	
20200423_221942.971367	0.5	0.4502	-1.22464679915e-16	-0.0585	0.0	-0.0374	0	
20200423_221942.980227	0.5	0.4502	-1.22464679915e-16	-0.0585	0.0	-0.0382	0	
20200423_221942.988140	0.5	0.4502	-1.22464679915e-16	-0.0584	0.0	-0.0377	0	
20200423_221942.996983	0.5	0.4502	-1.22464679915e-16	-0.0584	0.0	-0.0377	0	
20200423_221943.005061	0.5	0.4502	-1.22464679915e-16	-0.0584	0.0	-0.0375	0	
20200423_221943.013146	0.5	0.4502	-1.22464679915e-16	-0.0584	0.0	-0.0374	0	
20200423_221943.021758	0.5	0.4502	-1.22464679915e-16	-0.0585	0.0	-0.0374	0	
20200423_221943.030556	0.5	0.4502	-1.22464679915e-16	-0.0584	0.0	-0.0374	0	
20200423_221943.038634	0.5	0.4502	-1.22464679915e-16	-0.0584	0.0	-0.037	0	
20200423_221943.046541	0.5	0.4502	-1.22464679915e-16	-0.0584	0.0	-0.0368	0	
20200423_221943.055692	0.5	0.4502	-1.22464679915e-16	-0.0584	0.0	-0.0376	0	
20200423_221943.062926	0.5	0.4502	-1.22464679915e-16	-0.0584	0.0	-0.038	0	
20200423_221943.071080	0.5	0.4502	-1.22464679915e-16	-0.0584	0.0	-0.0376	0	
20200423_221943.079776	0.5	0.4502	-1.22464679915e-16	-0.0584	0.0	-0.0375	0	
20200423_221943.088361	0.5	0.4502	-1.22464679915e-16	-0.0584	0.0	-0.0375	0	
20200423_221943.096926	0.5	0.4502	-1.22464679915e-16	-0.0584	0.0	-0.0377	0	
20200423_221943.104906	0.5	0.4502	-1.22464679915e-16	-0.0584	0.0	-0.0376	0	
20200423_221943.116018	0.5	0.4502	-1.22464679915e-16	-0.0584	0.0	-0.0379	0	
20200423_221943.121129	0.5	0.4501	-1.22464679915e-16	-0.0584	0.0	-0.0369	0	
20200423_221943.129609	0.5	0.4502	-1.22464679915e-16	-0.0584	0.0	-0.0375	0	
20200423_221943.138389	0.5	0.4502	-1.22464679915e-16	-0.0584	0.0	-0.0373	0	
20200423_221943.146639	0.5	0.4502	-1.22464679915e-16	-0.0584	0.0	-0.0377	0	
20200423_221943.154810	0.5	0.4501	-1.22464679915e-16	-0.0584	0.0	-0.037	0	
20200423_221943.163164	0.5	0.4501	-1.22464679915e-16	-0.0584	0.0	-0.0377	0	
20200423_221943.171717	0.5	0.4501	-1.22464679915e-16	-0.0584	0.0	-0.0377	0	
20200423_221943.180595	0.5	0.4502	-1.22464679915e-16	-0.0585	0.0	-0.0383	0	
20200423_221943.188382	0.5	0.4502	-1.22464679915e-16	-0.0584	0.0	-0.0379	0	
20200423_221943.196284	0.5	0.4502	-1.22464679915e-16	-0.0584	0.0	-0.0377	0	
20200423_221943.204683	0.5	0.4502	-1.22464679915e-16	-0.0584	0.0	-0.0377	0	
20200423_221943.214038	0.5	0.4502	-1.22464679915e-16	-0.0584	0.0	-0.0375	0	
20200423_221943.221706	0.5	0.4501	-1.22464679915e-16	-0.0584	0.0	-0.0375	0	
20200423_221943.230289	0.5	0.4502	-1.22464679915e-16	-0.0584	0.0	-0.0375	0	
20200423_221943.238396	0.5	0.4501	-1.22464679915e-16	-0.0584	0.0	-0.0371	0	
20200423_221943.246442	0.5	0.4502	-1.22464679915e-16	-0.0584	0.0	-0.0368	0	
20200423_221943.254661	0.5	0.4502	-1.22464679915e-16	-0.0584	0.0	-0.0373	0	
20200423_221943.263058	0.5	0.4502	-1.22464679915e-16	-0.0585	0.0	-0.0378	0	
20200423_221943.271491	0.5	0.4502	-1.22464679915e-16	-0.0584	0.0	-0.0374	0	
20200423_221943.280209	0.5	0.4502	-1.22464679915e-16	-0.0584	0.0	-0.0376	0	
20200423_221943.289565	0.5	0.4502	-1.22464679915e-16	-0.0584	0.0	-0.0377	0	
20200423_221943.296611	0.5	0.4502	-1.22464679915e-16	-0.0584	0.0	-0.0376	0	
20200423_221943.304716	0.5	0.4501	-1.22464679915e-16	-0.0584	0.0	-0.0377	0	
20200423_221943.314630	0.5	0.4501	-1.22464679915e-16	-0.0584	0.0	-0.0378	0	
20200423_221943.321534	0.5	0.4501	-1.22464679915e-16	-0.0584	0.0	-0.0372	0	
20200423_221943.330154	0.5	0.4501	-1.22464679915e-16	-0.0584	0.0	-0.0374	0	
20200423_221943.338141	0.5	0.4501	-1.22464679915e-16	-0.0584	0.0	-0.0374	0	
20200423_221943.346972	0.5	0.4502	-1.22464679915e-16	-0.0585	0.0	-0.0376	0	
20200423_221943.354748	0.5	0.4501	-1.22464679915e-16	-0.0585	0.0	-0.0372	0	
20200423_221943.363230	0.5	0.4501	-1.22464679915e-16	-0.0585	0.0	-0.0375	0	
20200423_221943.371678	0.5	0.4501	-1.22464679915e-16	-0.0584	0.0	-0.0376	0	
20200423_221943.380606	0.5	0.4501	-1.22464679915e-16	-0.0585	0.0	-0.0379	0	
20200423_221943.388971	0.5	0.4502	-1.22464679915e-16	-0.0584	0.0	-0.0377	0	
20200423_221943.397416	0.5	0.4502	-1.22464679915e-16	-0.0585	0.0	-0.0372	0	
20200423_221943.404619	0.5	0.4502	-1.22464679915e-16	-0.0585	0.0	-0.0375	0	
20200423_221943.413505	0.5	0.4502	-1.22464679915e-16	-0.0585	0.0	-0.0374	0	
20200423_221943.421952	0.5	0.4502	-1.22464679915e-16	-0.0585	0.0	-0.037	0	
20200423_221943.429971	0.5	0.4502	-1.22464679915e-16	-0.0585	0.0	-0.0373	0	
20200423_221943.438328	0.5	0.4502	-1.22464679915e-16	-0.0585	0.0	-0.0373	0	
20200423_221943.446779	0.5	0.4502	-1.22464679915e-16	-0.0584	0.0	-0.0366	0	
20200423_221943.455040	0.5	0.4502	-1.22464679915e-16	-0.0584	0.0	-0.0372	0	
20200423_221943.463437	0.5	0.4502	-1.22464679915e-16	-0.0585	0.0	-0.0378	0	
20200423_221943.471471	0.5	0.4501	-1.22464679915e-16	-0.0585	0.0	-0.0374	0	
20200423_221943.479912	0.5	0.4502	-1.22464679915e-16	-0.0585	0.0	-0.0375	0	
20200423_221943.494903	0.5	0.4502	-1.22464679915e-16	-0.0585	0.0	-0.0377	0	
20200423_221943.496793	0.5	0.4502	-1.22464679915e-16	-0.0585	0.0	-0.0376	0	
20200423_221943.504946	0.5	0.4502	-1.22464679915e-16	-0.0585	0.0	-0.0375	0	
20200423_221943.512792	0.5	0.4502	-1.22464679915e-16	-0.0584	0.0	-0.0375	0	
20200423_221943.521899	0.5	0.4501	-1.22464679915e-16	-0.0584	0.0	-0.037	0	
20200423_221943.530136	0.5	0.4501	-1.22464679915e-16	-0.0584	0.0	-0.0374	0	
20200423_221943.538505	0.5	0.4501	-1.22464679915e-16	-0.0584	0.0	-0.0373	0	
20200423_221943.547064	0.5	0.4501	-1.22464679915e-16	-0.0584	0.0	-0.0374	0	
20200423_221943.555026	0.5	0.4501	-1.22464679915e-16	-0.0584	0.0	-0.0373	0	
20200423_221943.563007	0.5	0.4502	-1.22464679915e-16	-0.0584	0.0	-0.0374	0	
20200423_221943.570701	0.5	0.4502	-1.22464679915e-16	-0.0585	0.0	-0.0373	0	
20200423_221943.580328	0.5	0.4502	-1.22464679915e-16	-0.0585	0.0	-0.0377	0	
20200423_221943.588457	0.5	0.4502	-1.22464679915e-16	-0.0585	0.0	-0.0379	0	
20200423_221943.595730	0.5	0.4502	-1.22464679915e-16	-0.0585	0.0	-0.0372	0	
20200423_221943.604273	0.5	0.4502	-1.22464679915e-16	-0.0584	0.0	-0.0375	0	
20200423_221943.612726	0.5	0.4502	-1.22464679915e-16	-0.0584	0.0	-0.0374	0	
20200423_221943.620785	0.5	0.4502	-1.22464679915e-16	-0.0584	0.0	-0.0374	0	
20200423_221943.629220	0.5	0.4502	-1.22464679915e-16	-0.0584	0.0	-0.0374	0	
20200423_221943.637518	0.5	0.4502	-1.22464679915e-16	-0.0584	0.0	-0.0375	0	
20200423_221943.646093	0.5	0.4502	-1.22464679915e-16	-0.0584	0.0	-0.0369	0	
20200423_221943.654962	0.5	0.4502	-1.22464679915e-16	-0.0585	0.0	-0.0374	0	
20200423_221943.662700	0.5	0.4502	-1.22464679915e-16	-0.0585	0.0	-0.0378	0	
20200423_221943.671932	0.5	0.4502	-1.22464679915e-16	-0.0585	0.0	-0.0377	0	
20200423_221943.680211	0.5	0.4502	-1.22464679915e-16	-0.0585	0.0	-0.0377	0	
20200423_221943.688354	0.5	0.4502	-1.22464679915e-16	-0.0584	0.0	-0.0378	0	
20200423_221943.696440	0.5	0.4501	-1.22464679915e-16	-0.0584	0.0	-0.0379	0	
20200423_221943.705220	0.5	0.4501	-1.22464679915e-16	-0.0584	0.0	-0.0377	0	
20200423_221943.713279	0.5	0.4502	-1.22464679915e-16	-0.0584	0.0	-0.0376	0	
20200423_221943.721166	0.5	0.4501	-1.22464679915e-16	-0.0584	0.0	-0.0373	0	
20200423_221943.729838	0.5	0.4501	-1.22464679915e-16	-0.0585	0.0	-0.0374	0	
20200423_221943.738215	0.5	0.4501	-1.22464679915e-16	-0.0585	0.0	-0.0375	0	
20200423_221943.746495	0.5	0.4501	-1.22464679915e-16	-0.0585	0.0	-0.0374	0	
20200423_221943.755539	0.5	0.4501	-1.22464679915e-16	-0.0585	0.0	-0.0379	0	
20200423_221943.763448	0.5	0.4501	-1.22464679915e-16	-0.0584	0.0	-0.0378	0	
20200423_221943.771339	0.5	0.4501	-1.22464679915e-16	-0.0584	0.0	-0.0379	0	
20200423_221943.780266	0.5	0.4501	-1.22464679915e-16	-0.0585	0.0	-0.0379	0	
20200423_221943.788816	0.5	0.4501	-1.22464679915e-16	-0.0585	0.0	-0.0385	0	
20200423_221943.797034	0.5	0.4501	-1.22464679915e-16	-0.0585	0.0	-0.0377	0	
20200423_221943.804553	0.5	0.4501	-1.22464679915e-16	-0.0585	0.0	-0.0377	0	
20200423_221943.813198	0.5	0.4502	-1.22464679915e-16	-0.0584	0.0	-0.0375	0	
20200423_221943.821612	0.5	0.4502	-1.22464679915e-16	-0.0585	0.0	-0.0376	0	
20200423_221943.829592	0.5	0.4502	-1.22464679915e-16	-0.0585	0.0	-0.0377	0	
20200423_221943.838379	0.5	0.4502	-1.22464679915e-16	-0.0584	0.0	-0.0376	0	
20200423_221943.846392	0.5	0.4501	-1.22464679915e-16	-0.0584	0.0	-0.0369	0	
20200423_221943.854793	0.5	0.4502	-1.22464679915e-16	-0.0584	0.0	-0.0373	0	
20200423_221943.863368	0.5	0.4502	-1.22464679915e-16	-0.0584	0.0	-0.0381	0	
20200423_221943.871849	0.5	0.4502	-1.22464679915e-16	-0.0585	0.0	-0.0377	0	
20200423_221943.879642	0.5	0.4502	-1.22464679915e-16	-0.0585	0.0	-0.0376	0	
20200423_221943.888385	0.5	0.4502	-1.22464679915e-16	-0.0585	0.0	-0.0377	0	
20200423_221943.896388	0.5	0.4501	-1.22464679915e-16	-0.0585	0.0	-0.0379	0	
20200423_221943.904974	0.5	0.4502	-1.22464679915e-16	-0.0585	0.0	-0.0379	0	
20200423_221943.913570	0.5	0.4501	-1.22464679915e-16	-0.0585	0.0	-0.0376	0	
20200423_221943.921858	0.5	0.4501	-1.22464679915e-16	-0.0585	0.0	-0.0374	0	
20200423_221943.929990	0.5	0.4501	-1.22464679915e-16	-0.0584	0.0	-0.0372	0	
20200423_221943.938412	0.5	0.4501	-1.22464679915e-16	-0.0584	0.0	-0.0372	0	
20200423_221943.947508	0.5	0.4501	-1.22464679915e-16	-0.0584	0.0	-0.0372	0	
20200423_221943.955511	0.5	0.4501	-1.22464679915e-16	-0.0585	0.0	-0.038	0	
20200423_221943.963451	0.5	0.4501	-1.22464679915e-16	-0.0585	0.0	-0.0375	0	
20200423_221943.972038	0.5	0.4501	-1.22464679915e-16	-0.0585	0.0	-0.0376	0	
20200423_221943.981835	0.5	0.4501	-1.22464679915e-16	-0.0585	0.0	-0.0378	0	
20200423_221943.988171	0.5	0.4502	-1.22464679915e-16	-0.0585	0.0	-0.0386	0	
20200423_221943.996553	0.5	0.4501	-1.22464679915e-16	-0.0585	0.0	-0.0377	0	
20200423_221944.005040	0.5	0.4501	-1.22464679915e-16	-0.0585	0.0	-0.0378	0	
20200423_221944.013455	0.5	0.4501	-1.22464679915e-16	-0.0584	0.0	-0.0375	0	
20200423_221944.023652	0.5	0.4501	-1.22464679915e-16	-0.0584	0.0	-0.0376	0	
20200423_221944.030012	0.5	0.4501	-1.22464679915e-16	-0.0584	0.0	-0.0376	0	
20200423_221944.038016	0.5	0.4501	-1.22464679915e-16	-0.0585	0.0	-0.0376	0	
20200423_221944.046892	0.5	0.4501	-1.22464679915e-16	-0.0584	0.0	-0.0367	0	
20200423_221944.055267	0.5	0.4501	-1.22464679915e-16	-0.0585	0.0	-0.0374	0	
20200423_221944.063428	0.5	0.4502	-1.22464679915e-16	-0.0585	0.0	-0.0378	0	
20200423_221944.071488	0.5	0.4501	-1.22464679915e-16	-0.0585	0.0	-0.038	0	
20200423_221944.080633	0.5	0.4501	-1.22464679915e-16	-0.0585	0.0	-0.0378	0	
20200423_221944.088596	0.5	0.4501	-1.22464679915e-16	-0.0584	0.0	-0.0377	0	
20200423_221944.096702	0.5	0.4501	-1.22464679915e-16	-0.0584	0.0	-0.0377	0	
20200423_221944.105058	0.5	0.4501	-1.22464679915e-16	-0.0584	0.0	-0.0377	0	
20200423_221944.113254	0.5	0.4501	-1.22464679915e-16	-0.0584	0.0	-0.0377	0	
20200423_221944.121434	0.5	0.4501	-1.22464679915e-16	-0.0585	0.0	-0.0377	0	
20200423_221944.130187	0.5	0.4501	-1.22464679915e-16	-0.0585	0.0	-0.037	0	
20200423_221944.138103	0.5	0.4501	-1.22464679915e-16	-0.0585	0.0	-0.0376	0	
20200423_221944.146623	0.5	0.4501	-1.22464679915e-16	-0.0585	0.0	-0.0375	0	
20200423_221944.161523	0.5	0.4501	-1.22464679915e-16	-0.0585	0.0	-0.0384	0	
20200423_221944.163473	0.5	0.4501	-1.22464679915e-16	-0.0585	0.0	-0.0376	0	
20200423_221944.184083	0.5	0.4501	-1.22464679915e-16	-0.0584	0.0	-0.0377	0	
20200423_221944.184676	0.5	0.4501	-1.22464679915e-16	-0.0584	0.0	-0.0377	0	
20200423_221944.192954	0.5	0.4501	-1.22464679915e-16	-0.0585	0.0	-0.0386	0	
20200423_221944.199144	0.5	0.4501	-1.22464679915e-16	-0.0584	0.0	-0.0377	0	
20200423_221944.204871	0.5	0.4501	-1.22464679915e-16	-0.0585	0.0	-0.0378	0	
20200423_221944.213647	0.5	0.4501	-1.22464679915e-16	-0.0585	0.0	-0.0376	0	
20200423_221944.221074	0.5	0.4501	-1.22464679915e-16	-0.0585	0.0	-0.0375	0	
20200423_221944.229111	0.5	0.4501	-1.22464679915e-16	-0.0585	0.0	-0.0376	0	
20200423_221944.238024	0.5	0.4501	-1.22464679915e-16	-0.0585	0.0	-0.0375	0	
20200423_221944.246391	0.5	0.4501	-1.22464679915e-16	-0.0584	0.0	-0.0366	0	
20200423_221944.255061	0.5	0.4501	-1.22464679915e-16	-0.0584	0.0	-0.0371	0	
20200423_221944.263874	0.5	0.4501	-1.22464679915e-16	-0.0585	0.0	-0.0377	0	
20200423_221944.271331	0.5	0.4501	-1.22464679915e-16	-0.0585	0.0	-0.0375	0	
20200423_221944.279676	0.5	0.4501	-1.22464679915e-16	-0.0585	0.0	-0.0374	0	
20200423_221944.290761	0.5	0.4501	-1.22464679915e-16	-0.0585	0.0	-0.0374	0	
20200423_221944.296221	0.5	0.4501	-1.22464679915e-16	-0.0585	0.0	-0.0374	0	
20200423_221944.305337	0.5	0.4501	-1.22464679915e-16	-0.0585	0.0	-0.0374	0	
20200423_221944.313502	0.5	0.4501	-1.22464679915e-16	-0.0585	0.0	-0.0375	0	
20200423_221944.322405	0.5	0.4501	-1.22464679915e-16	-0.0585	0.0	-0.0376	0	
20200423_221944.329566	0.5	0.4501	-1.22464679915e-16	-0.0584	0.0	-0.037	0	
20200423_221944.337630	0.5	0.4501	-1.22464679915e-16	-0.0585	0.0	-0.0375	0	
20200423_221944.346388	0.5	0.4501	-1.22464679915e-16	-0.0584	0.0	-0.0376	0	
20200423_221944.355091	0.5	0.4501	-1.22464679915e-16	-0.0585	0.0	-0.0388	0	
20200423_221944.363463	0.5	0.4501	-1.22464679915e-16	-0.0585	0.0	-0.0376	0	
20200423_221944.371559	0.5	0.4501	-1.22464679915e-16	-0.0585	0.0	-0.0377	0	
20200423_221944.380687	0.5	0.4501	-1.22464679915e-16	-0.0585	0.0	-0.0376	0	
20200423_221944.388244	0.5	0.4501	-1.22464679915e-16	-0.0585	0.0	-0.0388	0	
20200423_221944.396400	0.5	0.4501	-1.22464679915e-16	-0.0585	0.0	-0.0379	0	
20200423_221944.405024	0.5	0.4501	-1.22464679915e-16	-0.0585	0.0	-0.0379	0	
20200423_221944.414125	0.5	0.4501	-1.22464679915e-16	-0.0584	0.0	-0.0376	0	
20200423_221944.421362	0.5	0.4501	-1.22464679915e-16	-0.0584	0.0	-0.0376	0	
20200423_221944.430054	0.5	0.4501	-1.22464679915e-16	-0.0585	0.0	-0.0376	0	
20200423_221944.438758	0.5	0.4501	-1.22464679915e-16	-0.0585	0.0	-0.0374	0	
20200423_221944.448248	0.5	0.4501	-1.22464679915e-16	-0.0585	0.0	-0.0368	0	
20200423_221944.454758	0.5	0.4501	-1.22464679915e-16	-0.0585	0.0	-0.0374	0	
20200423_221944.464474	0.5	0.4502	-1.22464679915e-16	-0.0585	0.0	-0.0377	0	
20200423_221944.471762	0.5	0.4501	-1.22464679915e-16	-0.0585	0.0	-0.038	0	
20200423_221944.479832	0.5	0.4501	-1.22464679915e-16	-0.0585	0.0	-0.0377	0	
20200423_221944.488748	0.5	0.4501	-1.22464679915e-16	-0.0584	0.0	-0.0376	0	
20200423_221944.496724	0.5	0.4501	-1.22464679915e-16	-0.0584	0.0	-0.0379	0	
20200423_221944.504846	0.5	0.4501	-1.22464679915e-16	-0.0584	0.0	-0.0377	0	
20200423_221944.513718	0.5	0.4501	-1.22464679915e-16	-0.0585	0.0	-0.0378	0	
20200423_221944.521928	0.5	0.4501	-1.22464679915e-16	-0.0585	0.0	-0.0379	0	
20200423_221944.529939	0.5	0.4501	-1.22464679915e-16	-0.0584	0.0	-0.037	0	
20200423_221944.538329	0.5	0.4501	-1.22464679915e-16	-0.0585	0.0	-0.0375	0	
20200423_221944.546538	0.5	0.4501	-1.22464679915e-16	-0.0585	0.0	-0.0375	0	
20200423_221944.555093	0.5	0.4501	-1.22464679915e-16	-0.0585	0.0	-0.0385	0	
20200423_221944.563104	0.5	0.4501	-1.22464679915e-16	-0.0584	0.0	-0.0374	0	
20200423_221944.571065	0.5	0.4501	-1.22464679915e-16	-0.0584	0.0	-0.0377	0	
20200423_221944.579240	0.5	0.4501	-1.22464679915e-16	-0.0584	0.0	-0.0377	0	
20200423_221944.588209	0.5	0.4501	-1.22464679915e-16	-0.0585	0.0	-0.0387	0	
20200423_221944.595836	0.5	0.4501	-1.22464679915e-16	-0.0585	0.0	-0.0378	0	
20200423_221944.604200	0.5	0.4501	-1.22464679915e-16	-0.0585	0.0	-0.0376	0	
20200423_221944.612953	0.5	0.4501	-1.22464679915e-16	-0.0585	0.0	-0.0377	0	
20200423_221944.621453	0.5	0.4501	-1.22464679915e-16	-0.0585	0.0	-0.0376	0	
20200423_221944.629087	0.5	0.4501	-1.22464679915e-16	-0.0585	0.0	-0.0375	0	
20200423_221944.637644	0.5	0.4501	-1.22464679915e-16	-0.0584	0.0	-0.0375	0	
20200423_221944.646191	0.5	0.4501	-1.22464679915e-16	-0.0584	0.0	-0.0369	0	
20200423_221944.654733	0.5	0.4501	-1.22464679915e-16	-0.0584	0.0	-0.0372	0	
20200423_221944.663523	0.5	0.4501	-1.22464679915e-16	-0.0585	0.0	-0.0377	0	
20200423_221944.672135	0.5	0.4501	-1.22464679915e-16	-0.0585	0.0	-0.038	0	
20200423_221944.679545	0.5	0.4501	-1.22464679915e-16	-0.0585	0.0	-0.0376	0	
20200423_221944.694089	0.5	0.4501	-1.22464679915e-16	-0.0585	0.0	-0.0376	0	
20200423_221944.696332	0.5	0.4501	-1.22464679915e-16	-0.0585	0.0	-0.0377	0	
20200423_221944.704705	0.5	0.4501	-1.22464679915e-16	-0.0585	0.0	-0.0377	0	
20200423_221944.713306	0.5	0.4501	-1.22464679915e-16	-0.0585	0.0	-0.0377	0	
20200423_221944.721597	0.5	0.4501	-1.22464679915e-16	-0.0585	0.0	-0.0377	0	
20200423_221944.729812	0.5	0.45	-1.22464679915e-16	-0.0584	0.0	-0.0369	0	
20200423_221944.738315	0.5	0.4501	-1.22464679915e-16	-0.0585	0.0	-0.0376	0	
20200423_221944.748337	0.5	0.4501	-1.22464679915e-16	-0.0585	0.0	-0.0374	0	
20200423_221944.756397	0.5	0.4501	-1.22464679915e-16	-0.0586	0.0	-0.0384	0	
20200423_221944.763779	0.5	0.4501	-1.22464679915e-16	-0.0585	0.0	-0.0373	0	
20200423_221944.771049	0.5	0.4501	-1.22464679915e-16	-0.0585	0.0	-0.0379	0	
20200423_221944.780467	0.5	0.4501	-1.22464679915e-16	-0.0585	0.0	-0.0378	0	
20200423_221944.788718	0.5	0.4501	-1.22464679915e-16	-0.0586	0.0	-0.0388	0	
20200423_221944.797414	0.5	0.4501	-1.22464679915e-16	-0.0585	0.0	-0.038	0	
20200423_221944.806330	0.5	0.4501	-1.22464679915e-16	-0.0585	0.0	-0.0378	0	
20200423_221944.813682	0.5	0.4501	-1.22464679915e-16	-0.0584	0.0	-0.0376	0	
20200423_221944.822165	0.5	0.4501	-1.22464679915e-16	-0.0584	0.0	-0.0376	0	
20200423_221944.831211	0.5	0.4501	-1.22464679915e-16	-0.0585	0.0	-0.0376	0	
20200423_221944.838755	0.5	0.4501	-1.22464679915e-16	-0.0585	0.0	-0.0375	0	
20200423_221944.849757	0.5	0.4501	-1.22464679915e-16	-0.0585	0.0	-0.0369	0	
20200423_221944.854906	0.5	0.4501	-1.22464679915e-16	-0.0585	0.0	-0.0372	0	
20200423_221944.864239	0.5	0.4501	-1.22464679915e-16	-0.0585	0.0	-0.0377	0	
20200423_221944.871340	0.5	0.4501	-1.22464679915e-16	-0.0585	0.0	-0.0381	0	
20200423_221944.879951	0.5	0.4501	-1.22464679915e-16	-0.0585	0.0	-0.0376	0	
