Time	X_Setpt	X_FB	Y_Setpt	Y_FB	Theta_Setpt	Theta_FB	Motion Status	
20200423_221924.137678	-9.18485099361e-17	-0.7198	-0.5	-1.4443	-1.57079632679	-1.7624	1	
20200423_221924.234422	-9.18485099361e-17	-0.72	-0.5	-1.4447	-1.57079632679	-1.7571	1	
20200423_221924.334491	-9.18485099361e-17	-0.7218	-0.5	-1.4474	-1.57079632679	-1.7172	1	
20200423_221924.434537	-9.18485099361e-17	-0.7242	-0.5	-1.4499	-1.57079632679	-1.6544	1	
20200423_221924.534552	-9.18485099361e-17	-0.7267	-0.5	-1.4529	-1.57079632679	-1.5843	1	
20200423_221924.634460	-9.18485099361e-17	-0.7291	-0.5	-1.4572	-1.57079632679	-1.4919	1	
20200423_221924.734495	-9.18485099361e-17	-0.7307	-0.5	-1.4604	-1.57079632679	-1.4285	1	
20200423_221924.834502	-9.18485099361e-17	-0.7322	-0.5	-1.4648	-1.57079632679	-1.3549	1	
20200423_221924.934585	-9.18485099361e-17	-0.7339	-0.5	-1.4694	-1.57079632679	-1.2788	1	
20200423_221925.034491	-9.18485099361e-17	-0.7348	-0.5	-1.475	-1.57079632679	-1.2015	1	
20200423_221925.134569	-9.18485099361e-17	-0.7351	-0.5	-1.4804	-1.57079632679	-1.1253	1	
20200423_221925.234590	-9.18485099361e-17	-0.735	-0.5	-1.4863	-1.57079632679	-1.044	1	
20200423_221925.334539	-9.18485099361e-17	-0.7333	-0.5	-1.4926	-1.57079632679	-1.0014	1	
20200423_221925.434435	-9.18485099361e-17	-0.7329	-0.5	-1.4983	-1.57079632679	-0.9022	1	
20200423_221925.534508	-9.18485099361e-17	-0.7295	-0.5	-1.5047	-1.57079632679	-0.8504	1	
20200423_221925.634476	-9.18485099361e-17	-0.7274	-0.5	-1.5113	-1.57079632679	-0.7648	1	
20200423_221925.734480	-9.18485099361e-17	-0.7238	-0.5	-1.5175	-1.57079632679	-0.6878	1	
20200423_221925.834534	-9.18485099361e-17	-0.7196	-0.5	-1.5241	-1.57079632679	-0.614	1	
20200423_221925.934543	-9.18485099361e-17	-0.7152	-0.5	-1.5301	-1.57079632679	-0.5352	1	
20200423_221926.034479	-9.18485099361e-17	-0.7103	-0.5	-1.5358	-1.57079632679	-0.4594	1	
20200423_221926.134529	-9.18485099361e-17	-0.7042	-0.5	-1.5413	-1.57079632679	-0.3864	1	
20200423_221926.234583	-9.18485099361e-17	-0.697	-0.5	-1.5465	-1.57079632679	-0.3096	1	
20200423_221926.334510	-9.18485099361e-17	-0.6899	-0.5	-1.5503	-1.57079632679	-0.238	1	
20200423_221926.434501	-9.18485099361e-17	-0.6824	-0.5	-1.5545	-1.57079632679	-0.1624	1	
20200423_221926.534381	-9.18485099361e-17	-0.6732	-0.5	-1.5578	-1.57079632679	-0.0875	1	
20200423_221926.634410	-9.18485099361e-17	-0.6642	-0.5	-1.5607	-1.57079632679	-0.0105	1	
20200423_221926.734580	-9.18485099361e-17	-0.6548	-0.5	-1.5627	-1.57079632679	0.0655	1	
20200423_221926.834431	-9.18485099361e-17	-0.6457	-0.5	-1.5645	-1.57079632679	0.1468	1	
20200423_221926.934556	-9.18485099361e-17	-0.6355	-0.5	-1.5654	-1.57079632679	0.2261	1	
20200423_221927.034599	-9.18485099361e-17	-0.6257	-0.5	-1.5649	-1.57079632679	0.2967	1	
20200423_221927.134541	-9.18485099361e-17	-0.6169	-0.5	-1.5637	-1.57079632679	0.369	1	
20200423_221927.234519	-9.18485099361e-17	-0.6077	-0.5	-1.5621	-1.57079632679	0.4438	1	
20200423_221927.334520	-9.18485099361e-17	-0.5978	-0.5	-1.5602	-1.57079632679	0.5185	1	
20200423_221927.434607	-9.18485099361e-17	-0.5882	-0.5	-1.5574	-1.57079632679	0.5999	1	
20200423_221927.534574	-9.18485099361e-17	-0.5786	-0.5	-1.5515	-1.57079632679	0.6744	1	
20200423_221927.634443	-9.18485099361e-17	-0.5695	-0.5	-1.548	-1.57079632679	0.7544	1	
20200423_221927.734486	-9.18485099361e-17	-0.5611	-0.5	-1.5436	-1.57079632679	0.8302	1	
20200423_221927.834590	-9.18485099361e-17	-0.5512	-0.5	-1.5358	-1.57079632679	0.912	1	
20200423_221927.934580	-9.18485099361e-17	-0.5443	-0.5	-1.5309	-1.57079632679	0.984	1	
20200423_221928.034586	-9.18485099361e-17	-0.5357	-0.5	-1.5226	-1.57079632679	1.0587	1	
20200423_221928.134363	-9.18485099361e-17	-0.5299	-0.5	-1.515	-1.57079632679	1.1363	1	
20200423_221928.234462	-9.18485099361e-17	-0.5243	-0.5	-1.5044	-1.57079632679	1.1494	1	
20200423_221928.334565	-9.18485099361e-17	-0.5214	-0.5	-1.4967	-1.57079632679	1.1739	1	
20200423_221928.434488	-9.18485099361e-17	-0.5165	-0.5	-1.4876	-1.57079632679	1.1717	1	
20200423_221928.534550	-9.18485099361e-17	-0.5132	-0.5	-1.4772	-1.57079632679	1.1715	1	
20200423_221928.634497	-9.18485099361e-17	-0.5093	-0.5	-1.4705	-1.57079632679	1.166	1	
20200423_221928.734442	-9.18485099361e-17	-0.5047	-0.5	-1.4611	-1.57079632679	1.16	1	
20200423_221928.834444	-9.18485099361e-17	-0.5017	-0.5	-1.4513	-1.57079632679	1.1615	1	
20200423_221928.934480	-9.18485099361e-17	-0.4973	-0.5	-1.4427	-1.57079632679	1.1695	1	
20200423_221929.034524	-9.18485099361e-17	-0.493	-0.5	-1.4333	-1.57079632679	1.1599	1	
20200423_221929.134405	-9.18485099361e-17	-0.4894	-0.5	-1.4249	-1.57079632679	1.1741	1	
20200423_221929.234508	-9.18485099361e-17	-0.4854	-0.5	-1.4149	-1.57079632679	1.1681	1	
20200423_221929.334496	-9.18485099361e-17	-0.4834	-0.5	-1.4075	-1.57079632679	1.1151	1	
20200423_221929.434547	-9.18485099361e-17	-0.4796	-0.5	-1.3969	-1.57079632679	1.0855	1	
20200423_221929.534553	-9.18485099361e-17	-0.4753	-0.5	-1.3876	-1.57079632679	1.0727	1	
20200423_221929.634473	-9.18485099361e-17	-0.4717	-0.5	-1.3801	-1.57079632679	1.064	1	
20200423_221929.734453	-9.18485099361e-17	-0.4666	-0.5	-1.3725	-1.57079632679	1.0684	1	
20200423_221929.834605	-9.18485099361e-17	-0.462	-0.5	-1.3632	-1.57079632679	1.0628	1	
20200423_221929.934521	-9.18485099361e-17	-0.4569	-0.5	-1.3538	-1.57079632679	1.0809	1	
20200423_221930.034515	-9.18485099361e-17	-0.452	-0.5	-1.3457	-1.57079632679	1.0803	1	
20200423_221930.134588	-9.18485099361e-17	-0.4468	-0.5	-1.3362	-1.57079632679	1.0669	1	
20200423_221930.234572	-9.18485099361e-17	-0.4421	-0.5	-1.3276	-1.57079632679	1.0678	1	
20200423_221930.334528	-9.18485099361e-17	-0.4393	-0.5	-1.3204	-1.57079632679	1.081	1	
20200423_221930.434613	-9.18485099361e-17	-0.4342	-0.5	-1.3129	-1.57079632679	1.058	1	
20200423_221930.534538	-9.18485099361e-17	-0.429	-0.5	-1.3029	-1.57079632679	1.0607	1	
20200423_221930.634457	-9.18485099361e-17	-0.4245	-0.5	-1.2938	-1.57079632679	1.0759	1	
20200423_221930.734490	-9.18485099361e-17	-0.4203	-0.5	-1.2866	-1.57079632679	1.0758	1	
20200423_221930.834588	-9.18485099361e-17	-0.4154	-0.5	-1.2772	-1.57079632679	1.059	1	
20200423_221930.934580	-9.18485099361e-17	-0.4097	-0.5	-1.2671	-1.57079632679	1.0638	1	
20200423_221931.034494	-9.18485099361e-17	-0.4071	-0.5	-1.2613	-1.57079632679	1.055	1	
20200423_221931.134482	-9.18485099361e-17	-0.4025	-0.5	-1.2525	-1.57079632679	1.057	1	
20200423_221931.234575	-9.18485099361e-17	-0.3968	-0.5	-1.243	-1.57079632679	1.0549	1	
20200423_221931.334590	-9.18485099361e-17	-0.3923	-0.5	-1.2354	-1.57079632679	1.0597	1	
20200423_221931.434515	-9.18485099361e-17	-0.3872	-0.5	-1.2265	-1.57079632679	1.0593	1	
20200423_221931.534554	-9.18485099361e-17	-0.3826	-0.5	-1.2183	-1.57079632679	1.0594	1	
20200423_221931.634512	-9.18485099361e-17	-0.3771	-0.5	-1.2084	-1.57079632679	1.0608	1	
20200423_221931.734495	-9.18485099361e-17	-0.3743	-0.5	-1.2024	-1.57079632679	1.0745	1	
20200423_221931.834494	-9.18485099361e-17	-0.3692	-0.5	-1.1935	-1.57079632679	1.0525	1	
20200423_221931.934534	-9.18485099361e-17	-0.3643	-0.5	-1.1842	-1.57079632679	1.0705	1	
20200423_221932.034574	-9.18485099361e-17	-0.3607	-0.5	-1.1769	-1.57079632679	1.0557	1	
20200423_221932.134475	-9.18485099361e-17	-0.3543	-0.5	-1.1652	-1.57079632679	1.0734	1	
20200423_221932.234586	-9.18485099361e-17	-0.3496	-0.5	-1.1585	-1.57079632679	1.0571	1	
20200423_221932.334486	-9.18485099361e-17	-0.3449	-0.5	-1.1491	-1.57079632679	1.0553	1	
20200423_221932.434499	-9.18485099361e-17	-0.341	-0.5	-1.1424	-1.57079632679	1.0536	1	
20200423_221932.534536	-9.18485099361e-17	-0.3357	-0.5	-1.1323	-1.57079632679	1.0515	1	
20200423_221932.634475	-9.18485099361e-17	-0.332	-0.5	-1.1244	-1.57079632679	1.0622	1	
20200423_221932.734557	-9.18485099361e-17	-0.326	-0.5	-1.1163	-1.57079632679	1.0687	1	
20200423_221932.834717	-9.18485099361e-17	-0.322	-0.5	-1.1072	-1.57079632679	1.0432	1	
20200423_221932.934558	-9.18485099361e-17	-0.3172	-0.5	-1.0989	-1.57079632679	1.0466	1	
20200423_221933.034539	-9.18485099361e-17	-0.3126	-0.5	-1.0902	-1.57079632679	1.0458	1	
20200423_221933.134524	-9.18485099361e-17	-0.3076	-0.5	-1.0816	-1.57079632679	1.0473	1	
20200423_221933.234569	-9.18485099361e-17	-0.3022	-0.5	-1.0725	-1.57079632679	1.0502	1	
20200423_221933.334546	-9.18485099361e-17	-0.2984	-0.5	-1.0643	-1.57079632679	1.047	1	
20200423_221933.434479	-9.18485099361e-17	-0.2929	-0.5	-1.0553	-1.57079632679	1.0465	1	
20200423_221933.534559	-9.18485099361e-17	-0.2878	-0.5	-1.0463	-1.57079632679	1.0518	1	
20200423_221933.634499	-9.18485099361e-17	-0.2824	-0.5	-1.0367	-1.57079632679	1.0475	1	
20200423_221933.734550	-9.18485099361e-17	-0.2795	-0.5	-1.0306	-1.57079632679	1.0461	1	
20200423_221933.834561	-9.18485099361e-17	-0.2745	-0.5	-1.0208	-1.57079632679	1.042	1	
20200423_221933.934592	-9.18485099361e-17	-0.2683	-0.5	-1.0121	-1.57079632679	1.0461	1	
20200423_221934.034544	-9.18485099361e-17	-0.2644	-0.5	-1.0048	-1.57079632679	1.0482	1	
20200423_221934.134323	-9.18485099361e-17	-0.2585	-0.5	-0.9952	-1.57079632679	1.0509	1	
20200423_221934.234458	-9.18485099361e-17	-0.2544	-0.5	-0.9871	-1.57079632679	1.0483	1	
20200423_221934.334553	-9.18485099361e-17	-0.2495	-0.5	-0.9781	-1.57079632679	1.0511	1	
20200423_221934.435128	-9.18485099361e-17	-0.245	-0.5	-0.9706	-1.57079632679	1.0462	1	
20200423_221934.534556	-9.18485099361e-17	-0.2393	-0.5	-0.9597	-1.57079632679	1.0412	1	
20200423_221934.634519	-9.18485099361e-17	-0.2347	-0.5	-0.9515	-1.57079632679	1.0414	1	
20200423_221934.734532	-9.18485099361e-17	-0.2302	-0.5	-0.9421	-1.57079632679	1.0408	1	
20200423_221934.834623	-9.18485099361e-17	-0.2251	-0.5	-0.9335	-1.57079632679	1.0453	1	
20200423_221934.934455	-9.18485099361e-17	-0.2203	-0.5	-0.9255	-1.57079632679	1.0465	1	
20200423_221935.034625	-9.18485099361e-17	-0.2155	-0.5	-0.9167	-1.57079632679	1.0445	1	
20200423_221935.134499	-9.18485099361e-17	-0.211	-0.5	-0.9077	-1.57079632679	1.0447	1	
20200423_221935.234455	-9.18485099361e-17	-0.2064	-0.5	-0.8993	-1.57079632679	1.0491	1	
20200423_221935.334711	-9.18485099361e-17	-0.202	-0.5	-0.8923	-1.57079632679	1.048	1	
20200423_221935.434571	-9.18485099361e-17	-0.1972	-0.5	-0.8835	-1.57079632679	1.0514	1	
20200423_221935.534483	-9.18485099361e-17	-0.1924	-0.5	-0.8744	-1.57079632679	1.0523	1	
20200423_221935.634356	-9.18485099361e-17	-0.1886	-0.5	-0.8679	-1.57079632679	1.0522	1	
20200423_221935.734651	-9.18485099361e-17	-0.1832	-0.5	-0.8579	-1.57079632679	1.0517	1	
20200423_221935.834623	-9.18485099361e-17	-0.1781	-0.5	-0.8492	-1.57079632679	1.0514	1	
20200423_221935.934581	-9.18485099361e-17	-0.1739	-0.5	-0.8402	-1.57079632679	1.0537	1	
20200423_221936.034509	-9.18485099361e-17	-0.1687	-0.5	-0.8312	-1.57079632679	1.0542	1	
20200423_221936.134608	-9.18485099361e-17	-0.1641	-0.5	-0.8223	-1.57079632679	1.0541	1	
20200423_221936.234587	-9.18485099361e-17	-0.1591	-0.5	-0.8139	-1.57079632679	1.055	1	
20200423_221936.334539	-9.18485099361e-17	-0.1543	-0.5	-0.8059	-1.57079632679	1.0534	1	
20200423_221936.434591	-9.18485099361e-17	-0.1492	-0.5	-0.7958	-1.57079632679	1.0527	1	
20200423_221936.534446	-9.18485099361e-17	-0.144	-0.5	-0.7873	-1.57079632679	1.0508	1	
20200423_221936.634470	-9.18485099361e-17	-0.1389	-0.5	-0.7782	-1.57079632679	1.0511	1	
20200423_221936.734584	-9.18485099361e-17	-0.1338	-0.5	-0.7694	-1.57079632679	1.053	1	
20200423_221936.834572	-9.18485099361e-17	-0.1294	-0.5	-0.7609	-1.57079632679	1.0509	1	
20200423_221936.934547	-9.18485099361e-17	-0.125	-0.5	-0.7525	-1.57079632679	1.0499	1	
20200423_221937.034614	-9.18485099361e-17	-0.1198	-0.5	-0.7446	-1.57079632679	1.0484	1	
20200423_221937.134542	-9.18485099361e-17	-0.1154	-0.5	-0.7358	-1.57079632679	1.0476	1	
20200423_221937.234538	-9.18485099361e-17	-0.1106	-0.5	-0.7282	-1.57079632679	1.0506	1	
20200423_221937.334558	-9.18485099361e-17	-0.1055	-0.5	-0.719	-1.57079632679	1.0527	1	
20200423_221937.434542	-9.18485099361e-17	-0.0997	-0.5	-0.7094	-1.57079632679	1.0557	1	
20200423_221937.534452	-9.18485099361e-17	-0.0952	-0.5	-0.7014	-1.57079632679	1.0567	1	
20200423_221937.634494	-9.18485099361e-17	-0.0915	-0.5	-0.6937	-1.57079632679	1.0524	1	
20200423_221937.734476	-9.18485099361e-17	-0.0857	-0.5	-0.684	-1.57079632679	1.051	1	
20200423_221937.834486	-9.18485099361e-17	-0.0815	-0.5	-0.6762	-1.57079632679	1.0526	1	
20200423_221937.934532	-9.18485099361e-17	-0.0765	-0.5	-0.6683	-1.57079632679	1.057	1	
20200423_221938.034530	-9.18485099361e-17	-0.0722	-0.5	-0.6603	-1.57079632679	1.0561	1	
20200423_221938.134536	-9.18485099361e-17	-0.0667	-0.5	-0.6513	-1.57079632679	1.0666	1	
20200423_221938.234553	-9.18485099361e-17	-0.0608	-0.5	-0.6434	-1.57079632679	1.1131	1	
20200423_221938.334560	-9.18485099361e-17	-0.054	-0.5	-0.6338	-1.57079632679	1.1782	1	
20200423_221938.434561	-9.18485099361e-17	-0.0494	-0.5	-0.6251	-1.57079632679	1.2064	1	
20200423_221938.534572	-9.18485099361e-17	-0.0448	-0.5	-0.6146	-1.57079632679	1.2141	1	
20200423_221938.634470	-9.18485099361e-17	-0.0425	-0.5	-0.6059	-1.57079632679	1.2107	1	
20200423_221938.734510	-9.18485099361e-17	-0.0389	-0.5	-0.5974	-1.57079632679	1.2101	1	
20200423_221938.834591	-9.18485099361e-17	-0.0352	-0.5	-0.5879	-1.57079632679	1.2089	1	
20200423_221938.934545	-9.18485099361e-17	-0.0321	-0.5	-0.5778	-1.57079632679	1.1946	1	
20200423_221939.034537	-9.18485099361e-17	-0.0335	-0.5	-0.5743	-1.57079632679	1.1125	1	
20200423_221939.134540	-9.18485099361e-17	-0.0369	-0.5	-0.5729	-1.57079632679	0.9948	1	
20200423_221939.234570	-9.18485099361e-17	-0.0408	-0.5	-0.5712	-1.57079632679	0.8766	1	
20200423_221939.334561	-9.18485099361e-17	-0.0444	-0.5	-0.5693	-1.57079632679	0.7412	1	
20200423_221939.434434	-9.18485099361e-17	-0.0482	-0.5	-0.5677	-1.57079632679	0.6262	1	
20200423_221939.534558	-9.18485099361e-17	-0.0506	-0.5	-0.5644	-1.57079632679	0.5105	1	
20200423_221939.634391	-9.18485099361e-17	-0.0539	-0.5	-0.5635	-1.57079632679	0.4021	1	
20200423_221939.734606	-9.18485099361e-17	-0.0563	-0.5	-0.5609	-1.57079632679	0.2933	1	
20200423_221939.834616	-9.18485099361e-17	-0.0589	-0.5	-0.5575	-1.57079632679	0.1806	1	
20200423_221939.934608	-9.18485099361e-17	-0.0597	-0.5	-0.556	-1.57079632679	0.09	1	
20200423_221940.034671	-9.18485099361e-17	-0.0606	-0.5	-0.5525	-1.57079632679	-0.0073	1	
20200423_221940.134599	-9.18485099361e-17	-0.0601	-0.5	-0.5488	-1.57079632679	-0.1151	1	
20200423_221940.234594	-9.18485099361e-17	-0.0611	-0.5	-0.5459	-1.57079632679	-0.1976	1	
20200423_221940.334603	-9.18485099361e-17	-0.0615	-0.5	-0.543	-1.57079632679	-0.3022	1	
20200423_221940.434562	-9.18485099361e-17	-0.0605	-0.5	-0.5397	-1.57079632679	-0.3951	1	
20200423_221940.534650	-9.18485099361e-17	-0.0596	-0.5	-0.5375	-1.57079632679	-0.4785	1	
20200423_221940.634498	-9.18485099361e-17	-0.0604	-0.5	-0.5342	-1.57079632679	-0.5551	1	
20200423_221940.734508	-9.18485099361e-17	-0.0581	-0.5	-0.5325	-1.57079632679	-0.6441	1	
20200423_221940.834615	-9.18485099361e-17	-0.0578	-0.5	-0.53	-1.57079632679	-0.7106	1	
20200423_221940.934682	-9.18485099361e-17	-0.0563	-0.5	-0.5281	-1.57079632679	-0.794	1	
20200423_221941.034585	-9.18485099361e-17	-0.0549	-0.5	-0.5259	-1.57079632679	-0.8797	1	
20200423_221941.134550	-9.18485099361e-17	-0.0541	-0.5	-0.5235	-1.57079632679	-0.9364	1	
20200423_221941.234653	-9.18485099361e-17	-0.0528	-0.5	-0.5221	-1.57079632679	-1.0027	1	
20200423_221941.334599	-9.18485099361e-17	-0.0507	-0.5	-0.5211	-1.57079632679	-1.0705	1	
20200423_221941.434636	-9.18485099361e-17	-0.0496	-0.5	-0.5194	-1.57079632679	-1.1515	1	
20200423_221941.534600	-9.18485099361e-17	-0.0478	-0.5	-0.5185	-1.57079632679	-1.216	1	
20200423_221941.634487	-9.18485099361e-17	-0.0464	-0.5	-0.5178	-1.57079632679	-1.2706	1	
20200423_221941.734545	-9.18485099361e-17	-0.0451	-0.5	-0.516	-1.57079632679	-1.3182	1	
20200423_221941.834571	-9.18485099361e-17	-0.0436	-0.5	-0.5161	-1.57079632679	-1.3741	1	
20200423_221941.934531	-9.18485099361e-17	-0.042	-0.5	-0.5149	-1.57079632679	-1.4432	1	
20200423_221942.034511	-9.18485099361e-17	-0.0404	-0.5	-0.5141	-1.57079632679	-1.4962	1	
20200423_221942.134450	-9.18485099361e-17	-0.0387	-0.5	-0.5137	-1.57079632679	-1.5484	0	
20200423_221942.134593	-9.18485099361e-17	-0.0386	-0.5	-0.5137	-1.57079632679	-1.5511	0	
20200423_221942.137730	-9.18485099361e-17	-0.0385	-0.5	-0.5137	-1.57079632679	-1.5532	0	
20200423_221942.146595	-9.18485099361e-17	-0.0384	-0.5	-0.5138	-1.57079632679	-1.5551	0	
20200423_221942.154650	-9.18485099361e-17	-0.0383	-0.5	-0.5138	-1.57079632679	-1.5567	0	
20200423_221942.162685	-9.18485099361e-17	-0.0383	-0.5	-0.5138	-1.57079632679	-1.5585	0	
20200423_221942.171595	-9.18485099361e-17	-0.0382	-0.5	-0.5139	-1.57079632679	-1.562	0	
20200423_221942.180527	-9.18485099361e-17	-0.0382	-0.5	-0.5138	-1.57079632679	-1.5617	0	
20200423_221942.188804	-9.18485099361e-17	-0.0382	-0.5	-0.5137	-1.57079632679	-1.5629	0	
20200423_221942.195793	-9.18485099361e-17	-0.0381	-0.5	-0.5137	-1.57079632679	-1.564	0	
20200423_221942.204587	-9.18485099361e-17	-0.0381	-0.5	-0.5137	-1.57079632679	-1.5649	0	
20200423_221942.212709	-9.18485099361e-17	-0.038	-0.5	-0.5137	-1.57079632679	-1.5658	0	
20200423_221942.221462	-9.18485099361e-17	-0.0379	-0.5	-0.5138	-1.57079632679	-1.5669	0	
20200423_221942.229129	-9.18485099361e-17	-0.0379	-0.5	-0.5138	-1.57079632679	-1.5669	0	
20200423_221942.237866	-9.18485099361e-17	-0.0379	-0.5	-0.5138	-1.57079632679	-1.5675	0	
20200423_221942.246531	-9.18485099361e-17	-0.0379	-0.5	-0.5138	-1.57079632679	-1.5678	0	
20200423_221942.254484	-9.18485099361e-17	-0.0379	-0.5	-0.5138	-1.57079632679	-1.5682	0	
20200423_221942.262945	-9.18485099361e-17	-0.0379	-0.5	-0.5137	-1.57079632679	-1.5687	0	
20200423_221942.270629	-9.18485099361e-17	-0.0379	-0.5	-0.5137	-1.57079632679	-1.569	0	
20200423_221942.279121	-9.18485099361e-17	-0.0379	-0.5	-0.5137	-1.57079632679	-1.5692	0	
20200423_221942.287917	-9.18485099361e-17	-0.0379	-0.5	-0.5137	-1.57079632679	-1.5692	0	
20200423_221942.295667	-9.18485099361e-17	-0.0379	-0.5	-0.5138	-1.57079632679	-1.5691	0	
20200423_221942.303920	-9.18485099361e-17	-0.0378	-0.5	-0.5137	-1.57079632679	-1.5705	0	
20200423_221942.313111	-9.18485099361e-17	-0.0379	-0.5	-0.5138	-1.57079632679	-1.569	0	
20200423_221942.320942	-9.18485099361e-17	-0.0379	-0.5	-0.5137	-1.57079632679	-1.5693	0	
20200423_221942.329459	-9.18485099361e-17	-0.0379	-0.5	-0.5137	-1.57079632679	-1.5696	0	
20200423_221942.337713	-9.18485099361e-17	-0.0379	-0.5	-0.5137	-1.57079632679	-1.5698	0	
20200423_221942.346893	-9.18485099361e-17	-0.0379	-0.5	-0.5137	-1.57079632679	-1.5699	0	
20200423_221942.354595	-9.18485099361e-17	-0.0379	-0.5	-0.5137	-1.57079632679	-1.5701	0	
20200423_221942.363078	-9.18485099361e-17	-0.0379	-0.5	-0.5137	-1.57079632679	-1.5701	0	
20200423_221942.370883	-9.18485099361e-17	-0.0378	-0.5	-0.5138	-1.57079632679	-1.5707	0	
20200423_221942.380205	-9.18485099361e-17	-0.0378	-0.5	-0.5138	-1.57079632679	-1.57	0	
20200423_221942.388363	-9.18485099361e-17	-0.0378	-0.5	-0.5138	-1.57079632679	-1.57	0	
20200423_221942.396718	-9.18485099361e-17	-0.0378	-0.5	-0.5138	-1.57079632679	-1.5701	0	
20200423_221942.404758	-9.18485099361e-17	-0.0378	-0.5	-0.5138	-1.57079632679	-1.5703	0	
20200423_221942.413056	-9.18485099361e-17	-0.0378	-0.5	-0.5137	-1.57079632679	-1.5704	0	
20200423_221942.421736	-9.18485099361e-17	-0.0378	-0.5	-0.5137	-1.57079632679	-1.5707	0	
20200423_221942.430272	-9.18485099361e-17	-0.0378	-0.5	-0.5139	-1.57079632679	-1.5643	0	
20200423_221942.437983	-9.18485099361e-17	-0.0378	-0.5	-0.5137	-1.57079632679	-1.5704	0	
20200423_221942.447042	-9.18485099361e-17	-0.0378	-0.5	-0.5137	-1.57079632679	-1.5703	0	
20200423_221942.454397	-9.18485099361e-17	-0.0378	-0.5	-0.5137	-1.57079632679	-1.5702	0	
20200423_221942.462417	-9.18485099361e-17	-0.0378	-0.5	-0.5137	-1.57079632679	-1.5702	0	
20200423_221942.471041	-9.18485099361e-17	-0.0378	-0.5	-0.5137	-1.57079632679	-1.5702	0	
20200423_221942.479819	-9.18485099361e-17	-0.0378	-0.5	-0.5137	-1.57079632679	-1.5703	0	
20200423_221942.487610	-9.18485099361e-17	-0.0378	-0.5	-0.5137	-1.57079632679	-1.5705	0	
20200423_221942.496031	-9.18485099361e-17	-0.0378	-0.5	-0.5137	-1.57079632679	-1.5706	0	
20200423_221942.504399	-9.18485099361e-17	-0.0378	-0.5	-0.5137	-1.57079632679	-1.5718	0	
20200423_221942.512887	-9.18485099361e-17	-0.0378	-0.5	-0.5138	-1.57079632679	-1.5705	0	
20200423_221942.521011	-9.18485099361e-17	-0.0378	-0.5	-0.5138	-1.57079632679	-1.5704	0	
20200423_221942.529260	-9.18485099361e-17	-0.0378	-0.5	-0.5137	-1.57079632679	-1.5704	0	
20200423_221942.537565	-9.18485099361e-17	-0.0378	-0.5	-0.5137	-1.57079632679	-1.5702	0	
20200423_221942.547005	-9.18485099361e-17	-0.0378	-0.5	-0.5137	-1.57079632679	-1.5704	0	
20200423_221942.558072	-9.18485099361e-17	-0.0378	-0.5	-0.5137	-1.57079632679	-1.5705	0	
20200423_221942.562719	-9.18485099361e-17	-0.0378	-0.5	-0.5137	-1.57079632679	-1.5707	0	
20200423_221942.570621	-9.18485099361e-17	-0.0378	-0.5	-0.5137	-1.57079632679	-1.5708	0	
20200423_221942.579368	-9.18485099361e-17	-0.0378	-0.5	-0.5137	-1.57079632679	-1.5706	0	
20200423_221942.587547	-9.18485099361e-17	-0.0378	-0.5	-0.5137	-1.57079632679	-1.5707	0	
20200423_221942.595718	-9.18485099361e-17	-0.0378	-0.5	-0.5137	-1.57079632679	-1.5705	0	
20200423_221942.604198	-9.18485099361e-17	-0.0378	-0.5	-0.5137	-1.57079632679	-1.5705	0	
20200423_221942.613547	-9.18485099361e-17	-0.0378	-0.5	-0.5137	-1.57079632679	-1.5706	0	
20200423_221942.620715	-9.18485099361e-17	-0.0377	-0.5	-0.5137	-1.57079632679	-1.571	0	
20200423_221942.629527	-9.18485099361e-17	-0.0377	-0.5	-0.5139	-1.57079632679	-1.5643	0	
20200423_221942.637556	-9.18485099361e-17	-0.0378	-0.5	-0.5137	-1.57079632679	-1.5705	0	
20200423_221942.646228	-9.18485099361e-17	-0.0378	-0.5	-0.5137	-1.57079632679	-1.5707	0	
20200423_221942.654413	-9.18485099361e-17	-0.0378	-0.5	-0.5137	-1.57079632679	-1.5708	0	
20200423_221942.662529	-9.18485099361e-17	-0.0378	-0.5	-0.5137	-1.57079632679	-1.5709	0	
20200423_221942.671961	-9.18485099361e-17	-0.0378	-0.5	-0.5137	-1.57079632679	-1.5707	0	
20200423_221942.679482	-9.18485099361e-17	-0.0378	-0.5	-0.5137	-1.57079632679	-1.5707	0	
20200423_221942.687780	-9.18485099361e-17	-0.0378	-0.5	-0.5137	-1.57079632679	-1.5707	0	
20200423_221942.696145	-9.18485099361e-17	-0.0378	-0.5	-0.5137	-1.57079632679	-1.5705	0	
20200423_221942.704379	-9.18485099361e-17	-0.0378	-0.5	-0.5137	-1.57079632679	-1.5709	0	
20200423_221942.713079	-9.18485099361e-17	-0.0378	-0.5	-0.5137	-1.57079632679	-1.5707	0	
20200423_221942.721497	-9.18485099361e-17	-0.0378	-0.5	-0.5137	-1.57079632679	-1.5706	0	
20200423_221942.729094	-9.18485099361e-17	-0.0378	-0.5	-0.5137	-1.57079632679	-1.5706	0	
20200423_221942.737819	-9.18485099361e-17	-0.0378	-0.5	-0.5137	-1.57079632679	-1.5708	0	
20200423_221942.746216	-9.18485099361e-17	-0.0378	-0.5	-0.5137	-1.57079632679	-1.5706	0	
20200423_221942.754718	-9.18485099361e-17	-0.0378	-0.5	-0.5137	-1.57079632679	-1.5706	0	
20200423_221942.762539	-9.18485099361e-17	-0.0378	-0.5	-0.5137	-1.57079632679	-1.5706	0	
20200423_221942.770897	-9.18485099361e-17	-0.0378	-0.5	-0.5137	-1.57079632679	-1.5706	0	
20200423_221942.779730	-9.18485099361e-17	-0.0378	-0.5	-0.5137	-1.57079632679	-1.5708	0	
20200423_221942.787547	-9.18485099361e-17	-0.0378	-0.5	-0.5137	-1.57079632679	-1.5708	0	
20200423_221942.796564	-9.18485099361e-17	-0.0378	-0.5	-0.5137	-1.57079632679	-1.5707	0	
20200423_221942.804541	-9.18485099361e-17	-0.0378	-0.5	-0.5137	-1.57079632679	-1.5707	0	
20200423_221942.813305	-9.18485099361e-17	-0.0378	-0.5	-0.5137	-1.57079632679	-1.5706	0	
20200423_221942.821066	-9.18485099361e-17	-0.0377	-0.5	-0.5137	-1.57079632679	-1.5711	0	
20200423_221942.829660	-9.18485099361e-17	-0.0377	-0.5	-0.5137	-1.57079632679	-1.5713	0	
20200423_221942.837711	-9.18485099361e-17	-0.0378	-0.5	-0.5137	-1.57079632679	-1.5707	0	
20200423_221942.846667	-9.18485099361e-17	-0.0378	-0.5	-0.5137	-1.57079632679	-1.5708	0	
20200423_221942.854460	-9.18485099361e-17	-0.0378	-0.5	-0.5137	-1.57079632679	-1.5708	0	
20200423_221942.862837	-9.18485099361e-17	-0.0378	-0.5	-0.5137	-1.57079632679	-1.5707	0	
20200423_221942.870752	-9.18485099361e-17	-0.0378	-0.5	-0.5137	-1.57079632679	-1.5709	0	
20200423_221942.879389	-9.18485099361e-17	-0.0378	-0.5	-0.5137	-1.57079632679	-1.5707	0	
20200423_221942.888386	-9.18485099361e-17	-0.0378	-0.5	-0.5137	-1.57079632679	-1.5709	0	
20200423_221942.895953	-9.18485099361e-17	-0.0378	-0.5	-0.5137	-1.57079632679	-1.5705	0	
20200423_221942.904483	-9.18485099361e-17	-0.0378	-0.5	-0.5137	-1.57079632679	-1.5709	0	
20200423_221942.913938	-9.18485099361e-17	-0.0378	-0.5	-0.5137	-1.57079632679	-1.5707	0	
20200423_221942.921321	-9.18485099361e-17	-0.0378	-0.5	-0.5137	-1.57079632679	-1.5706	0	
20200423_221942.929215	-9.18485099361e-17	-0.0378	-0.5	-0.5137	-1.57079632679	-1.5707	0	
20200423_221942.937389	-9.18485099361e-17	-0.0378	-0.5	-0.5137	-1.57079632679	-1.5706	0	
20200423_221942.946398	-9.18485099361e-17	-0.0378	-0.5	-0.5137	-1.57079632679	-1.5707	0	
20200423_221942.954360	-9.18485099361e-17	-0.0378	-0.5	-0.5137	-1.57079632679	-1.5707	0	
20200423_221942.962613	-9.18485099361e-17	-0.0378	-0.5	-0.5137	-1.57079632679	-1.5707	0	
20200423_221942.971516	-9.18485099361e-17	-0.0378	-0.5	-0.5137	-1.57079632679	-1.5707	0	
20200423_221942.979507	-9.18485099361e-17	-0.0378	-0.5	-0.5137	-1.57079632679	-1.5709	0	
20200423_221942.987561	-9.18485099361e-17	-0.0378	-0.5	-0.5136	-1.57079632679	-1.5707	0	
20200423_221942.996028	-9.18485099361e-17	-0.0378	-0.5	-0.5136	-1.57079632679	-1.5707	0	
20200423_221943.004479	-9.18485099361e-17	-0.0378	-0.5	-0.5136	-1.57079632679	-1.5708	0	
20200423_221943.012670	-9.18485099361e-17	-0.0378	-0.5	-0.5137	-1.57079632679	-1.5707	0	
20200423_221943.021479	-9.18485099361e-17	-0.0377	-0.5	-0.5137	-1.57079632679	-1.5709	0	
20200423_221943.030904	-9.18485099361e-17	-0.0377	-0.5	-0.5137	-1.57079632679	-1.5711	0	
20200423_221943.038259	-9.18485099361e-17	-0.0378	-0.5	-0.5137	-1.57079632679	-1.5706	0	
20200423_221943.046249	-9.18485099361e-17	-0.0378	-0.5	-0.5137	-1.57079632679	-1.5706	0	
20200423_221943.054902	-9.18485099361e-17	-0.0378	-0.5	-0.5137	-1.57079632679	-1.5708	0	
20200423_221943.062703	-9.18485099361e-17	-0.0378	-0.5	-0.5136	-1.57079632679	-1.5707	0	
20200423_221943.070855	-9.18485099361e-17	-0.0378	-0.5	-0.5136	-1.57079632679	-1.5708	0	
20200423_221943.079301	-9.18485099361e-17	-0.0378	-0.5	-0.5137	-1.57079632679	-1.5709	0	
20200423_221943.087838	-9.18485099361e-17	-0.0378	-0.5	-0.5137	-1.57079632679	-1.5706	0	
20200423_221943.096118	-9.18485099361e-17	-0.0378	-0.5	-0.5137	-1.57079632679	-1.5705	0	
20200423_221943.104730	-9.18485099361e-17	-0.0378	-0.5	-0.5137	-1.57079632679	-1.5706	0	
20200423_221943.115822	-9.18485099361e-17	-0.0378	-0.5	-0.5137	-1.57079632679	-1.5706	0	
20200423_221943.121486	-9.18485099361e-17	-0.0378	-0.5	-0.5137	-1.57079632679	-1.5706	0	
20200423_221943.129283	-9.18485099361e-17	-0.0378	-0.5	-0.5137	-1.57079632679	-1.5706	0	
20200423_221943.137997	-9.18485099361e-17	-0.0378	-0.5	-0.5136	-1.57079632679	-1.5708	0	
20200423_221943.146746	-9.18485099361e-17	-0.0378	-0.5	-0.5136	-1.57079632679	-1.5709	0	
20200423_221943.155096	-9.18485099361e-17	-0.0378	-0.5	-0.5136	-1.57079632679	-1.5708	0	
20200423_221943.162860	-9.18485099361e-17	-0.0378	-0.5	-0.5136	-1.57079632679	-1.571	0	
20200423_221943.170949	-9.18485099361e-17	-0.0378	-0.5	-0.5136	-1.57079632679	-1.5707	0	
20200423_221943.179960	-9.18485099361e-17	-0.0378	-0.5	-0.5136	-1.57079632679	-1.5707	0	
20200423_221943.187923	-9.18485099361e-17	-0.0378	-0.5	-0.5136	-1.57079632679	-1.5707	0	
20200423_221943.195963	-9.18485099361e-17	-0.0378	-0.5	-0.5136	-1.57079632679	-1.5705	0	
20200423_221943.204238	-9.18485099361e-17	-0.0378	-0.5	-0.5136	-1.57079632679	-1.5705	0	
20200423_221943.212926	-9.18485099361e-17	-0.0378	-0.5	-0.5136	-1.57079632679	-1.5707	0	
20200423_221943.221550	-9.18485099361e-17	-0.0378	-0.5	-0.5136	-1.57079632679	-1.5706	0	
20200423_221943.229789	-9.18485099361e-17	-0.0377	-0.5	-0.5138	-1.57079632679	-1.5638	0	
20200423_221943.238247	-9.18485099361e-17	-0.0378	-0.5	-0.5136	-1.57079632679	-1.5708	0	
20200423_221943.246027	-9.18485099361e-17	-0.0378	-0.5	-0.5136	-1.57079632679	-1.5708	0	
20200423_221943.254250	-9.18485099361e-17	-0.0378	-0.5	-0.5136	-1.57079632679	-1.5706	0	
20200423_221943.262553	-9.18485099361e-17	-0.0378	-0.5	-0.5136	-1.57079632679	-1.5706	0	
20200423_221943.271143	-9.18485099361e-17	-0.0378	-0.5	-0.5136	-1.57079632679	-1.5706	0	
20200423_221943.279490	-9.18485099361e-17	-0.0378	-0.5	-0.5136	-1.57079632679	-1.5709	0	
20200423_221943.289408	-9.18485099361e-17	-0.0378	-0.5	-0.5136	-1.57079632679	-1.5707	0	
20200423_221943.296206	-9.18485099361e-17	-0.0378	-0.5	-0.5136	-1.57079632679	-1.5708	0	
20200423_221943.304331	-9.18485099361e-17	-0.0378	-0.5	-0.5136	-1.57079632679	-1.571	0	
20200423_221943.314026	-9.18485099361e-17	-0.0378	-0.5	-0.5136	-1.57079632679	-1.5709	0	
20200423_221943.321318	-9.18485099361e-17	-0.0378	-0.5	-0.5136	-1.57079632679	-1.5708	0	
20200423_221943.329442	-9.18485099361e-17	-0.0378	-0.5	-0.5136	-1.57079632679	-1.5707	0	
20200423_221943.337830	-9.18485099361e-17	-0.0378	-0.5	-0.5137	-1.57079632679	-1.5707	0	
20200423_221943.346437	-9.18485099361e-17	-0.0378	-0.5	-0.5137	-1.57079632679	-1.5706	0	
20200423_221943.354306	-9.18485099361e-17	-0.0378	-0.5	-0.5137	-1.57079632679	-1.5707	0	
20200423_221943.363047	-9.18485099361e-17	-0.0378	-0.5	-0.5136	-1.57079632679	-1.5707	0	
20200423_221943.371083	-9.18485099361e-17	-0.0378	-0.5	-0.5136	-1.57079632679	-1.5707	0	
20200423_221943.379923	-9.18485099361e-17	-0.0378	-0.5	-0.5136	-1.57079632679	-1.5708	0	
20200423_221943.388740	-9.18485099361e-17	-0.0378	-0.5	-0.5136	-1.57079632679	-1.5709	0	
20200423_221943.396188	-9.18485099361e-17	-0.0378	-0.5	-0.5136	-1.57079632679	-1.5707	0	
20200423_221943.404799	-9.18485099361e-17	-0.0378	-0.5	-0.5137	-1.57079632679	-1.5707	0	
20200423_221943.413265	-9.18485099361e-17	-0.0378	-0.5	-0.5137	-1.57079632679	-1.5707	0	
20200423_221943.422089	-9.18485099361e-17	-0.0378	-0.5	-0.5137	-1.57079632679	-1.5706	0	
20200423_221943.429344	-9.18485099361e-17	-0.0377	-0.5	-0.5137	-1.57079632679	-1.571	0	
20200423_221943.437713	-9.18485099361e-17	-0.0378	-0.5	-0.5137	-1.57079632679	-1.5706	0	
20200423_221943.446069	-9.18485099361e-17	-0.0378	-0.5	-0.5136	-1.57079632679	-1.5708	0	
20200423_221943.454217	-9.18485099361e-17	-0.0378	-0.5	-0.5136	-1.57079632679	-1.571	0	
20200423_221943.462641	-9.18485099361e-17	-0.0378	-0.5	-0.5136	-1.57079632679	-1.5709	0	
20200423_221943.471152	-9.18485099361e-17	-0.0378	-0.5	-0.5136	-1.57079632679	-1.5708	0	
20200423_221943.479202	-9.18485099361e-17	-0.0378	-0.5	-0.5136	-1.57079632679	-1.5707	0	
20200423_221943.494581	-9.18485099361e-17	-0.0378	-0.5	-0.5137	-1.57079632679	-1.5706	0	
20200423_221943.496364	-9.18485099361e-17	-0.0378	-0.5	-0.5137	-1.57079632679	-1.5705	0	
20200423_221943.504369	-9.18485099361e-17	-0.0378	-0.5	-0.5137	-1.57079632679	-1.5706	0	
20200423_221943.513042	-9.18485099361e-17	-0.0378	-0.5	-0.5137	-1.57079632679	-1.5706	0	
20200423_221943.521104	-9.18485099361e-17	-0.0378	-0.5	-0.5136	-1.57079632679	-1.5707	0	
20200423_221943.529681	-9.18485099361e-17	-0.0378	-0.5	-0.5136	-1.57079632679	-1.5709	0	
20200423_221943.537808	-9.18485099361e-17	-0.0378	-0.5	-0.5136	-1.57079632679	-1.5709	0	
20200423_221943.546430	-9.18485099361e-17	-0.0378	-0.5	-0.5136	-1.57079632679	-1.5708	0	
20200423_221943.554372	-9.18485099361e-17	-0.0378	-0.5	-0.5136	-1.57079632679	-1.5709	0	
20200423_221943.563114	-9.18485099361e-17	-0.0378	-0.5	-0.5136	-1.57079632679	-1.5708	0	
20200423_221943.570594	-9.18485099361e-17	-0.0378	-0.5	-0.5136	-1.57079632679	-1.5707	0	
20200423_221943.580040	-9.18485099361e-17	-0.0378	-0.5	-0.5136	-1.57079632679	-1.5706	0	
20200423_221943.588385	-9.18485099361e-17	-0.0378	-0.5	-0.5136	-1.57079632679	-1.5705	0	
20200423_221943.595606	-9.18485099361e-17	-0.0378	-0.5	-0.5136	-1.57079632679	-1.5707	0	
20200423_221943.604357	-9.18485099361e-17	-0.0378	-0.5	-0.5136	-1.57079632679	-1.5708	0	
20200423_221943.612845	-9.18485099361e-17	-0.0378	-0.5	-0.5136	-1.57079632679	-1.5709	0	
20200423_221943.620663	-9.18485099361e-17	-0.0378	-0.5	-0.5136	-1.57079632679	-1.5708	0	
20200423_221943.629155	-9.18485099361e-17	-0.0377	-0.5	-0.5136	-1.57079632679	-1.5712	0	
20200423_221943.637644	-9.18485099361e-17	-0.0378	-0.5	-0.5136	-1.57079632679	-1.5708	0	
20200423_221943.645960	-9.18485099361e-17	-0.0378	-0.5	-0.5136	-1.57079632679	-1.5707	0	
20200423_221943.654477	-9.18485099361e-17	-0.0378	-0.5	-0.5136	-1.57079632679	-1.5707	0	
20200423_221943.662971	-9.18485099361e-17	-0.0378	-0.5	-0.5136	-1.57079632679	-1.5708	0	
20200423_221943.671758	-9.18485099361e-17	-0.0378	-0.5	-0.5136	-1.57079632679	-1.5707	0	
20200423_221943.679512	-9.18485099361e-17	-0.0378	-0.5	-0.5136	-1.57079632679	-1.5707	0	
20200423_221943.687835	-9.18485099361e-17	-0.0378	-0.5	-0.5136	-1.57079632679	-1.5708	0	
20200423_221943.696046	-9.18485099361e-17	-0.0378	-0.5	-0.5136	-1.57079632679	-1.5709	0	
20200423_221943.704870	-9.18485099361e-17	-0.0378	-0.5	-0.5136	-1.57079632679	-1.5709	0	
20200423_221943.713067	-9.18485099361e-17	-0.0378	-0.5	-0.5136	-1.57079632679	-1.5707	0	
20200423_221943.721539	-9.18485099361e-17	-0.0378	-0.5	-0.5136	-1.57079632679	-1.5707	0	
20200423_221943.729695	-9.18485099361e-17	-0.0378	-0.5	-0.5136	-1.57079632679	-1.5707	0	
20200423_221943.738053	-9.18485099361e-17	-0.0378	-0.5	-0.5136	-1.57079632679	-1.5706	0	
20200423_221943.746873	-9.18485099361e-17	-0.0378	-0.5	-0.5136	-1.57079632679	-1.5707	0	
20200423_221943.755158	-9.18485099361e-17	-0.0378	-0.5	-0.5136	-1.57079632679	-1.5708	0	
20200423_221943.763011	-9.18485099361e-17	-0.0378	-0.5	-0.5136	-1.57079632679	-1.5707	0	
20200423_221943.770978	-9.18485099361e-17	-0.0378	-0.5	-0.5136	-1.57079632679	-1.5709	0	
20200423_221943.779568	-9.18485099361e-17	-0.0378	-0.5	-0.5136	-1.57079632679	-1.5708	0	
20200423_221943.788609	-9.18485099361e-17	-0.0378	-0.5	-0.5136	-1.57079632679	-1.5707	0	
20200423_221943.797218	-9.18485099361e-17	-0.0378	-0.5	-0.5136	-1.57079632679	-1.5707	0	
20200423_221943.804663	-9.18485099361e-17	-0.0378	-0.5	-0.5136	-1.57079632679	-1.5707	0	
20200423_221943.812772	-9.18485099361e-17	-0.0378	-0.5	-0.5136	-1.57079632679	-1.5705	0	
20200423_221943.821428	-9.18485099361e-17	-0.0378	-0.5	-0.5136	-1.57079632679	-1.5706	0	
20200423_221943.829867	-9.18485099361e-17	-0.0377	-0.5	-0.5137	-1.57079632679	-1.571	0	
20200423_221943.838138	-9.18485099361e-17	-0.0376	-0.5	-0.5139	-1.57079632679	-1.5655	0	
20200423_221943.846505	-9.18485099361e-17	-0.0378	-0.5	-0.5136	-1.57079632679	-1.5708	0	
20200423_221943.854345	-9.18485099361e-17	-0.0378	-0.5	-0.5136	-1.57079632679	-1.5707	0	
20200423_221943.862707	-9.18485099361e-17	-0.0378	-0.5	-0.5136	-1.57079632679	-1.5708	0	
20200423_221943.871012	-9.18485099361e-17	-0.0378	-0.5	-0.5136	-1.57079632679	-1.5707	0	
20200423_221943.879843	-9.18485099361e-17	-0.0378	-0.5	-0.5136	-1.57079632679	-1.5706	0	
20200423_221943.887843	-9.18485099361e-17	-0.0378	-0.5	-0.5137	-1.57079632679	-1.5707	0	
20200423_221943.895774	-9.18485099361e-17	-0.0378	-0.5	-0.5136	-1.57079632679	-1.5708	0	
20200423_221943.904287	-9.18485099361e-17	-0.0378	-0.5	-0.5136	-1.57079632679	-1.5705	0	
20200423_221943.913729	-9.18485099361e-17	-0.0378	-0.5	-0.5136	-1.57079632679	-1.5707	0	
20200423_221943.921176	-9.18485099361e-17	-0.0378	-0.5	-0.5136	-1.57079632679	-1.5705	0	
20200423_221943.929208	-9.18485099361e-17	-0.0378	-0.5	-0.5136	-1.57079632679	-1.5707	0	
20200423_221943.937603	-9.18485099361e-17	-0.0378	-0.5	-0.5136	-1.57079632679	-1.5707	0	
20200423_221943.946649	-9.18485099361e-17	-0.0378	-0.5	-0.5136	-1.57079632679	-1.5707	0	
20200423_221943.954904	-9.18485099361e-17	-0.0378	-0.5	-0.5136	-1.57079632679	-1.5706	0	
20200423_221943.962721	-9.18485099361e-17	-0.0378	-0.5	-0.5136	-1.57079632679	-1.5706	0	
20200423_221943.971178	-9.18485099361e-17	-0.0378	-0.5	-0.5136	-1.57079632679	-1.5705	0	
20200423_221943.982030	-9.18485099361e-17	-0.0378	-0.5	-0.5136	-1.57079632679	-1.5706	0	
20200423_221943.987583	-9.18485099361e-17	-0.0378	-0.5	-0.5136	-1.57079632679	-1.5705	0	
20200423_221943.995902	-9.18485099361e-17	-0.0378	-0.5	-0.5136	-1.57079632679	-1.5707	0	
20200423_221944.004362	-9.18485099361e-17	-0.0378	-0.5	-0.5136	-1.57079632679	-1.5707	0	
20200423_221944.013325	-9.18485099361e-17	-0.0378	-0.5	-0.5136	-1.57079632679	-1.571	0	
20200423_221944.022756	-9.18485099361e-17	-0.0378	-0.5	-0.5136	-1.57079632679	-1.571	0	
20200423_221944.029820	-9.18485099361e-17	-0.0377	-0.5	-0.5136	-1.57079632679	-1.5712	0	
20200423_221944.037646	-9.18485099361e-17	-0.0377	-0.5	-0.5139	-1.57079632679	-1.5653	0	
20200423_221944.046373	-9.18485099361e-17	-0.0378	-0.5	-0.5136	-1.57079632679	-1.5707	0	
20200423_221944.054613	-9.18485099361e-17	-0.0378	-0.5	-0.5136	-1.57079632679	-1.5705	0	
20200423_221944.063072	-9.18485099361e-17	-0.0378	-0.5	-0.5136	-1.57079632679	-1.5707	0	
20200423_221944.071052	-9.18485099361e-17	-0.0378	-0.5	-0.5136	-1.57079632679	-1.5707	0	
20200423_221944.080210	-9.18485099361e-17	-0.0378	-0.5	-0.5136	-1.57079632679	-1.5709	0	
20200423_221944.088360	-9.18485099361e-17	-0.0378	-0.5	-0.5136	-1.57079632679	-1.571	0	
20200423_221944.096326	-9.18485099361e-17	-0.0378	-0.5	-0.5136	-1.57079632679	-1.5711	0	
20200423_221944.105419	-9.18485099361e-17	-0.0378	-0.5	-0.5136	-1.57079632679	-1.571	0	
20200423_221944.112987	-9.18485099361e-17	-0.0378	-0.5	-0.5136	-1.57079632679	-1.5708	0	
20200423_221944.121082	-9.18485099361e-17	-0.0378	-0.5	-0.5136	-1.57079632679	-1.5707	0	
20200423_221944.129332	-9.18485099361e-17	-0.0378	-0.5	-0.5136	-1.57079632679	-1.5707	0	
20200423_221944.137872	-9.18485099361e-17	-0.0378	-0.5	-0.5136	-1.57079632679	-1.5707	0	
20200423_221944.146231	-9.18485099361e-17	-0.0378	-0.5	-0.5136	-1.57079632679	-1.5706	0	
20200423_221944.160438	-9.18485099361e-17	-0.0378	-0.5	-0.5136	-1.57079632679	-1.5708	0	
20200423_221944.163286	-9.18485099361e-17	-0.0378	-0.5	-0.5136	-1.57079632679	-1.5708	0	
20200423_221944.182756	-9.18485099361e-17	-0.0377	-0.5	-0.5137	-1.57079632679	-1.5722	0	
20200423_221944.183905	-9.18485099361e-17	-0.0377	-0.5	-0.5137	-1.57079632679	-1.5722	0	
20200423_221944.193196	-9.18485099361e-17	-0.0378	-0.5	-0.5136	-1.57079632679	-1.5708	0	
20200423_221944.198901	-9.18485099361e-17	-0.0378	-0.5	-0.5136	-1.57079632679	-1.5707	0	
20200423_221944.204188	-9.18485099361e-17	-0.0378	-0.5	-0.5136	-1.57079632679	-1.5708	0	
20200423_221944.213595	-9.18485099361e-17	-0.0378	-0.5	-0.5136	-1.57079632679	-1.5707	0	
20200423_221944.220788	-9.18485099361e-17	-0.0378	-0.5	-0.5136	-1.57079632679	-1.5707	0	
20200423_221944.228880	-9.18485099361e-17	-0.0377	-0.5	-0.5136	-1.57079632679	-1.5709	0	
20200423_221944.237450	-9.18485099361e-17	-0.0377	-0.5	-0.5138	-1.57079632679	-1.5649	0	
20200423_221944.245883	-9.18485099361e-17	-0.0378	-0.5	-0.5136	-1.57079632679	-1.5708	0	
20200423_221944.255241	-9.18485099361e-17	-0.0378	-0.5	-0.5136	-1.57079632679	-1.5708	0	
20200423_221944.262741	-9.18485099361e-17	-0.0378	-0.5	-0.5136	-1.57079632679	-1.5708	0	
20200423_221944.270842	-9.18485099361e-17	-0.0378	-0.5	-0.5136	-1.57079632679	-1.5708	0	
20200423_221944.279347	-9.18485099361e-17	-0.0378	-0.5	-0.5136	-1.57079632679	-1.5705	0	
20200423_221944.290558	-9.18485099361e-17	-0.0378	-0.5	-0.5136	-1.57079632679	-1.5707	0	
20200423_221944.296007	-9.18485099361e-17	-0.0378	-0.5	-0.5136	-1.57079632679	-1.5708	0	
20200423_221944.304284	-9.18485099361e-17	-0.0378	-0.5	-0.5136	-1.57079632679	-1.5706	0	
20200423_221944.313283	-9.18485099361e-17	-0.0377	-0.5	-0.5136	-1.57079632679	-1.571	0	
20200423_221944.321808	-9.18485099361e-17	-0.0378	-0.5	-0.5136	-1.57079632679	-1.5706	0	
20200423_221944.329667	-9.18485099361e-17	-0.0378	-0.5	-0.5136	-1.57079632679	-1.5706	0	
20200423_221944.337741	-9.18485099361e-17	-0.0378	-0.5	-0.5136	-1.57079632679	-1.5708	0	
20200423_221944.346052	-9.18485099361e-17	-0.0378	-0.5	-0.5136	-1.57079632679	-1.5708	0	
20200423_221944.354543	-9.18485099361e-17	-0.0378	-0.5	-0.5136	-1.57079632679	-1.5708	0	
20200423_221944.362556	-9.18485099361e-17	-0.0378	-0.5	-0.5136	-1.57079632679	-1.5709	0	
20200423_221944.370983	-9.18485099361e-17	-0.0378	-0.5	-0.5136	-1.57079632679	-1.5708	0	
20200423_221944.380072	-9.18485099361e-17	-0.0377	-0.5	-0.5138	-1.57079632679	-1.5729	0	
20200423_221944.388408	-9.18485099361e-17	-0.0378	-0.5	-0.5136	-1.57079632679	-1.5708	0	
20200423_221944.395875	-9.18485099361e-17	-0.0378	-0.5	-0.5136	-1.57079632679	-1.5709	0	
20200423_221944.404346	-9.18485099361e-17	-0.0378	-0.5	-0.5136	-1.57079632679	-1.571	0	
20200423_221944.413024	-9.18485099361e-17	-0.0378	-0.5	-0.5136	-1.57079632679	-1.5711	0	
20200423_221944.420849	-9.18485099361e-17	-0.0378	-0.5	-0.5136	-1.57079632679	-1.571	0	
20200423_221944.429721	-9.18485099361e-17	-0.0377	-0.5	-0.5136	-1.57079632679	-1.5712	0	
20200423_221944.437709	-9.18485099361e-17	-0.0377	-0.5	-0.5138	-1.57079632679	-1.5649	0	
20200423_221944.447542	-9.18485099361e-17	-0.0378	-0.5	-0.5136	-1.57079632679	-1.5708	0	
20200423_221944.454376	-9.18485099361e-17	-0.0378	-0.5	-0.5136	-1.57079632679	-1.5706	0	
20200423_221944.463579	-9.18485099361e-17	-0.0378	-0.5	-0.5136	-1.57079632679	-1.5707	0	
20200423_221944.471102	-9.18485099361e-17	-0.0378	-0.5	-0.5136	-1.57079632679	-1.5706	0	
20200423_221944.479594	-9.18485099361e-17	-0.0378	-0.5	-0.5136	-1.57079632679	-1.5708	0	
20200423_221944.487877	-9.18485099361e-17	-0.0378	-0.5	-0.5136	-1.57079632679	-1.5709	0	
20200423_221944.496056	-9.18485099361e-17	-0.0378	-0.5	-0.5136	-1.57079632679	-1.5709	0	
20200423_221944.504133	-9.18485099361e-17	-0.0378	-0.5	-0.5136	-1.57079632679	-1.571	0	
20200423_221944.513006	-9.18485099361e-17	-0.0377	-0.5	-0.5135	-1.57079632679	-1.5721	0	
20200423_221944.521692	-9.18485099361e-17	-0.0378	-0.5	-0.5136	-1.57079632679	-1.5708	0	
20200423_221944.529223	-9.18485099361e-17	-0.0378	-0.5	-0.5136	-1.57079632679	-1.5706	0	
20200423_221944.538471	-9.18485099361e-17	-0.0378	-0.5	-0.5136	-1.57079632679	-1.5705	0	
20200423_221944.546147	-9.18485099361e-17	-0.0378	-0.5	-0.5136	-1.57079632679	-1.5706	0	
20200423_221944.554603	-9.18485099361e-17	-0.0378	-0.5	-0.5136	-1.57079632679	-1.5708	0	
20200423_221944.562988	-9.18485099361e-17	-0.0378	-0.5	-0.5136	-1.57079632679	-1.5708	0	
20200423_221944.570714	-9.18485099361e-17	-0.0378	-0.5	-0.5135	-1.57079632679	-1.5708	0	
20200423_221944.579174	-9.18485099361e-17	-0.0377	-0.5	-0.5137	-1.57079632679	-1.573	0	
20200423_221944.588110	-9.18485099361e-17	-0.0378	-0.5	-0.5136	-1.57079632679	-1.5708	0	
20200423_221944.595547	-9.18485099361e-17	-0.0378	-0.5	-0.5136	-1.57079632679	-1.5708	0	
20200423_221944.603912	-9.18485099361e-17	-0.0378	-0.5	-0.5136	-1.57079632679	-1.5707	0	
20200423_221944.612873	-9.18485099361e-17	-0.0378	-0.5	-0.5136	-1.57079632679	-1.5707	0	
20200423_221944.621636	-9.18485099361e-17	-0.0378	-0.5	-0.5136	-1.57079632679	-1.5708	0	
20200423_221944.629136	-9.18485099361e-17	-0.0377	-0.5	-0.5136	-1.57079632679	-1.5711	0	
20200423_221944.637468	-9.18485099361e-17	-0.0377	-0.5	-0.5138	-1.57079632679	-1.5648	0	
20200423_221944.646118	-9.18485099361e-17	-0.0378	-0.5	-0.5136	-1.57079632679	-1.571	0	
20200423_221944.654214	-9.18485099361e-17	-0.0378	-0.5	-0.5136	-1.57079632679	-1.5709	0	
20200423_221944.662616	-9.18485099361e-17	-0.0378	-0.5	-0.5136	-1.57079632679	-1.5709	0	
20200423_221944.671937	-9.18485099361e-17	-0.0378	-0.5	-0.5136	-1.57079632679	-1.5708	0	
20200423_221944.679325	-9.18485099361e-17	-0.0378	-0.5	-0.5136	-1.57079632679	-1.5708	0	
20200423_221944.694264	-9.18485099361e-17	-0.0378	-0.5	-0.5136	-1.57079632679	-1.5706	0	
20200423_221944.696131	-9.18485099361e-17	-0.0378	-0.5	-0.5136	-1.57079632679	-1.5708	0	
20200423_221944.704523	-9.18485099361e-17	-0.0378	-0.5	-0.5136	-1.57079632679	-1.5707	0	
20200423_221944.712873	-9.18485099361e-17	-0.0377	-0.5	-0.5136	-1.57079632679	-1.5722	0	
20200423_221944.721329	-9.18485099361e-17	-0.0378	-0.5	-0.5136	-1.57079632679	-1.571	0	
20200423_221944.730141	-9.18485099361e-17	-0.0378	-0.5	-0.5136	-1.57079632679	-1.571	0	
20200423_221944.737828	-9.18485099361e-17	-0.0378	-0.5	-0.5136	-1.57079632679	-1.571	0	
20200423_221944.748092	-9.18485099361e-17	-0.0378	-0.5	-0.5136	-1.57079632679	-1.5708	0	
20200423_221944.755555	-9.18485099361e-17	-0.0378	-0.5	-0.5136	-1.57079632679	-1.5708	0	
20200423_221944.764041	-9.18485099361e-17	-0.0378	-0.5	-0.5136	-1.57079632679	-1.5707	0	
20200423_221944.772235	-9.18485099361e-17	-0.0378	-0.5	-0.5136	-1.57079632679	-1.5707	0	
20200423_221944.779245	-9.18485099361e-17	-0.0377	-0.5	-0.5137	-1.57079632679	-1.572	0	
20200423_221944.787603	-9.18485099361e-17	-0.0378	-0.5	-0.5136	-1.57079632679	-1.5707	0	
20200423_221944.796158	-9.18485099361e-17	-0.0378	-0.5	-0.5136	-1.57079632679	-1.5707	0	
20200423_221944.805844	-9.18485099361e-17	-0.0378	-0.5	-0.5136	-1.57079632679	-1.5708	0	
20200423_221944.812582	-9.18485099361e-17	-0.0378	-0.5	-0.5136	-1.57079632679	-1.5709	0	
20200423_221944.821587	-9.18485099361e-17	-0.0378	-0.5	-0.5136	-1.57079632679	-1.5709	0	
20200423_221944.830338	-9.18485099361e-17	-0.0377	-0.5	-0.5136	-1.57079632679	-1.5711	0	
20200423_221944.838572	-9.18485099361e-17	-0.0377	-0.5	-0.5138	-1.57079632679	-1.5645	0	
20200423_221944.847337	-9.18485099361e-17	-0.0378	-0.5	-0.5136	-1.57079632679	-1.5708	0	
20200423_221944.855224	-9.18485099361e-17	-0.0378	-0.5	-0.5136	-1.57079632679	-1.5708	0	
20200423_221944.863284	-9.18485099361e-17	-0.0378	-0.5	-0.5136	-1.57079632679	-1.5708	0	
20200423_221944.871074	-9.18485099361e-17	-0.0378	-0.5	-0.5136	-1.57079632679	-1.5708	0	
