Time	X_Setpt	X_FB	Y_Setpt	Y_FB	Theta_Setpt	Theta_FB	Motion Status	
20200423_221924.232707	3.06161699787e-17	0.707	0.5	-0.4168	1.57079632679	0.6603	1	
20200423_221924.332663	3.06161699787e-17	0.71	0.5	-0.4145	1.57079632679	0.6912	1	
20200423_221924.432627	3.06161699787e-17	0.7156	0.5	-0.4113	1.57079632679	0.7551	1	
20200423_221924.532620	3.06161699787e-17	0.7211	0.5	-0.4071	1.57079632679	0.8226	1	
20200423_221924.632559	3.06161699787e-17	0.7275	0.5	-0.4019	1.57079632679	0.9029	1	
20200423_221924.732584	3.06161699787e-17	0.7322	0.5	-0.3979	1.57079632679	0.9798	1	
20200423_221924.832579	3.06161699787e-17	0.7373	0.5	-0.3919	1.57079632679	1.0498	1	
20200423_221924.932658	3.06161699787e-17	0.7416	0.5	-0.387	1.57079632679	1.1213	1	
20200423_221925.032657	3.06161699787e-17	0.7455	0.5	-0.3812	1.57079632679	1.1809	1	
20200423_221925.132649	3.06161699787e-17	0.7495	0.5	-0.3749	1.57079632679	1.257	1	
20200423_221925.232852	3.06161699787e-17	0.7541	0.5	-0.3664	1.57079632679	1.3307	1	
20200423_221925.332574	3.06161699787e-17	0.7565	0.5	-0.359	1.57079632679	1.3978	1	
20200423_221925.432601	3.06161699787e-17	0.7591	0.5	-0.351	1.57079632679	1.4694	1	
20200423_221925.532660	3.06161699787e-17	0.7613	0.5	-0.3417	1.57079632679	1.544	1	
20200423_221925.632503	3.06161699787e-17	0.7626	0.5	-0.3325	1.57079632679	1.6288	1	
20200423_221925.732587	3.06161699787e-17	0.7645	0.5	-0.3233	1.57079632679	1.7019	1	
20200423_221925.832626	3.06161699787e-17	0.7637	0.5	-0.314	1.57079632679	1.7698	1	
20200423_221925.932619	3.06161699787e-17	0.7633	0.5	-0.3057	1.57079632679	1.8345	1	
20200423_221926.032922	3.06161699787e-17	0.762	0.5	-0.2962	1.57079632679	1.9091	1	
20200423_221926.132788	3.06161699787e-17	0.7597	0.5	-0.2867	1.57079632679	1.9811	1	
20200423_221926.232706	3.06161699787e-17	0.7563	0.5	-0.2772	1.57079632679	2.0544	1	
20200423_221926.332759	3.06161699787e-17	0.7535	0.5	-0.2695	1.57079632679	2.1338	1	
20200423_221926.432654	3.06161699787e-17	0.75	0.5	-0.2608	1.57079632679	2.1962	1	
20200423_221926.532795	3.06161699787e-17	0.7447	0.5	-0.2515	1.57079632679	2.2724	1	
20200423_221926.632508	3.06161699787e-17	0.7393	0.5	-0.2437	1.57079632679	2.3433	1	
20200423_221926.732663	3.06161699787e-17	0.7306	0.5	-0.2341	1.57079632679	2.382	1	
20200423_221926.832695	3.06161699787e-17	0.7229	0.5	-0.2279	1.57079632679	2.421	1	
20200423_221926.932612	3.06161699787e-17	0.7178	0.5	-0.2223	1.57079632679	2.3931	1	
20200423_221927.032637	3.06161699787e-17	0.7093	0.5	-0.2153	1.57079632679	2.3973	1	
20200423_221927.132651	3.06161699787e-17	0.7031	0.5	-0.2097	1.57079632679	2.4054	1	
20200423_221927.232671	3.06161699787e-17	0.6944	0.5	-0.2023	1.57079632679	2.4138	1	
20200423_221927.332684	3.06161699787e-17	0.6876	0.5	-0.197	1.57079632679	2.4147	1	
20200423_221927.432624	3.06161699787e-17	0.6791	0.5	-0.1907	1.57079632679	2.4279	1	
20200423_221927.532692	3.06161699787e-17	0.6729	0.5	-0.1833	1.57079632679	2.418	1	
20200423_221927.632614	3.06161699787e-17	0.6643	0.5	-0.1759	1.57079632679	2.4236	1	
20200423_221927.732603	3.06161699787e-17	0.6579	0.5	-0.1699	1.57079632679	2.4287	1	
20200423_221927.832654	3.06161699787e-17	0.65	0.5	-0.1626	1.57079632679	2.4184	1	
20200423_221927.932688	3.06161699787e-17	0.6425	0.5	-0.1568	1.57079632679	2.4294	1	
20200423_221928.032781	3.06161699787e-17	0.6358	0.5	-0.1499	1.57079632679	2.4253	1	
20200423_221928.132581	3.06161699787e-17	0.6284	0.5	-0.1428	1.57079632679	2.4243	1	
20200423_221928.232564	3.06161699787e-17	0.6217	0.5	-0.1374	1.57079632679	2.427	1	
20200423_221928.332613	3.06161699787e-17	0.6151	0.5	-0.13	1.57079632679	2.4258	1	
20200423_221928.432589	3.06161699787e-17	0.6074	0.5	-0.1237	1.57079632679	2.4165	1	
20200423_221928.532655	3.06161699787e-17	0.6033	0.5	-0.1188	1.57079632679	2.3548	1	
20200423_221928.632591	3.06161699787e-17	0.5927	0.5	-0.1107	1.57079632679	2.4051	1	
20200423_221928.732526	3.06161699787e-17	0.5866	0.5	-0.1042	1.57079632679	2.4002	1	
20200423_221928.832632	3.06161699787e-17	0.5794	0.5	-0.0971	1.57079632679	2.4072	1	
20200423_221928.932797	3.06161699787e-17	0.572	0.5	-0.0905	1.57079632679	2.3985	1	
20200423_221929.032873	3.06161699787e-17	0.5647	0.5	-0.0842	1.57079632679	2.4055	1	
20200423_221929.132634	3.06161699787e-17	0.5597	0.5	-0.0797	1.57079632679	2.3581	1	
20200423_221929.232592	3.06161699787e-17	0.5523	0.5	-0.072	1.57079632679	2.3682	1	
20200423_221929.332569	3.06161699787e-17	0.5432	0.5	-0.0639	1.57079632679	2.4033	1	
20200423_221929.432638	3.06161699787e-17	0.5354	0.5	-0.0577	1.57079632679	2.4138	1	
20200423_221929.532716	3.06161699787e-17	0.5292	0.5	-0.0519	1.57079632679	2.3678	1	
20200423_221929.632592	3.06161699787e-17	0.5221	0.5	-0.0454	1.57079632679	2.3718	1	
20200423_221929.732871	3.06161699787e-17	0.5131	0.5	-0.0366	1.57079632679	2.4115	1	
20200423_221929.832586	3.06161699787e-17	0.5081	0.5	-0.0319	1.57079632679	2.3731	1	
20200423_221929.932620	3.06161699787e-17	0.4983	0.5	-0.0237	1.57079632679	2.4087	1	
20200423_221930.032638	3.06161699787e-17	0.4907	0.5	-0.0182	1.57079632679	2.4281	1	
20200423_221930.132476	3.06161699787e-17	0.4864	0.5	-0.0126	1.57079632679	2.3643	1	
20200423_221930.232630	3.06161699787e-17	0.4757	0.5	-0.0065	1.57079632679	2.3979	1	
20200423_221930.332527	3.06161699787e-17	0.469	0.5	0.0006	1.57079632679	2.3603	1	
20200423_221930.432685	3.06161699787e-17	0.4652	0.5	0.0055	1.57079632679	2.3091	1	
20200423_221930.532809	3.06161699787e-17	0.4575	0.5	0.0124	1.57079632679	2.3146	1	
20200423_221930.632528	3.06161699787e-17	0.4509	0.5	0.0199	1.57079632679	2.293	1	
20200423_221930.732582	3.06161699787e-17	0.444	0.5	0.0265	1.57079632679	2.3109	1	
20200423_221930.832673	3.06161699787e-17	0.4404	0.5	0.0298	1.57079632679	2.2833	1	
20200423_221930.932716	3.06161699787e-17	0.4292	0.5	0.0417	1.57079632679	2.3111	1	
20200423_221931.032581	3.06161699787e-17	0.4248	0.5	0.0462	1.57079632679	2.2935	1	
20200423_221931.132625	3.06161699787e-17	0.4147	0.5	0.0552	1.57079632679	2.3621	1	
20200423_221931.232666	3.06161699787e-17	0.4107	0.5	0.059	1.57079632679	2.3549	1	
20200423_221931.332704	3.06161699787e-17	0.403	0.5	0.0678	1.57079632679	2.3143	1	
20200423_221931.432752	3.06161699787e-17	0.3948	0.5	0.0748	1.57079632679	2.3402	1	
20200423_221931.532612	3.06161699787e-17	0.3894	0.5	0.0817	1.57079632679	2.3006	1	
20200423_221931.632587	3.06161699787e-17	0.3809	0.5	0.0891	1.57079632679	2.3276	1	
20200423_221931.732662	3.06161699787e-17	0.3748	0.5	0.0966	1.57079632679	2.3143	1	
20200423_221931.832648	3.06161699787e-17	0.3634	0.5	0.105	1.57079632679	2.3691	1	
20200423_221931.932514	3.06161699787e-17	0.3611	0.5	0.1094	1.57079632679	2.309	1	
20200423_221932.032614	3.06161699787e-17	0.3533	0.5	0.1175	1.57079632679	2.3284	1	
20200423_221932.132656	3.06161699787e-17	0.3474	0.5	0.1237	1.57079632679	2.315	1	
20200423_221932.232659	3.06161699787e-17	0.3374	0.5	0.1318	1.57079632679	2.3691	1	
20200423_221932.332635	3.06161699787e-17	0.3335	0.5	0.1375	1.57079632679	2.3101	1	
20200423_221932.432719	3.06161699787e-17	0.326	0.5	0.1451	1.57079632679	2.3276	1	
20200423_221932.532683	3.06161699787e-17	0.3156	0.5	0.1527	1.57079632679	2.3783	1	
20200423_221932.632577	3.06161699787e-17	0.31	0.5	0.1592	1.57079632679	2.3806	1	
20200423_221932.732675	3.06161699787e-17	0.3058	0.5	0.1633	1.57079632679	2.3744	1	
20200423_221932.833115	3.06161699787e-17	0.3058	0.5	0.1633	1.57079632679	2.3744	1	
20200423_221932.932659	3.06161699787e-17	0.292	0.5	0.1806	1.57079632679	2.3019	1	
20200423_221933.032781	3.06161699787e-17	0.285	0.5	0.188	1.57079632679	2.3109	1	
20200423_221933.132684	3.06161699787e-17	0.2789	0.5	0.1945	1.57079632679	2.3123	1	
20200423_221933.232685	3.06161699787e-17	0.2713	0.5	0.2014	1.57079632679	2.3223	1	
20200423_221933.332663	3.06161699787e-17	0.2636	0.5	0.2089	1.57079632679	2.3279	1	
20200423_221933.432629	3.06161699787e-17	0.2565	0.5	0.2159	1.57079632679	2.3317	1	
20200423_221933.532660	3.06161699787e-17	0.249	0.5	0.2228	1.57079632679	2.3663	1	
20200423_221933.632588	3.06161699787e-17	0.243	0.5	0.2296	1.57079632679	2.323	1	
20200423_221933.732785	3.06161699787e-17	0.2356	0.5	0.2358	1.57079632679	2.3282	1	
20200423_221933.832608	3.06161699787e-17	0.2297	0.5	0.2435	1.57079632679	2.3177	1	
20200423_221933.932622	3.06161699787e-17	0.2204	0.5	0.2521	1.57079632679	2.3223	1	
20200423_221934.032571	3.06161699787e-17	0.2157	0.5	0.2566	1.57079632679	2.3234	1	
20200423_221934.132445	3.06161699787e-17	0.2087	0.5	0.2646	1.57079632679	2.305	1	
20200423_221934.232573	3.06161699787e-17	0.2003	0.5	0.272	1.57079632679	2.3337	1	
20200423_221934.332644	3.06161699787e-17	0.1958	0.5	0.2786	1.57079632679	2.3166	1	
20200423_221934.433027	3.06161699787e-17	0.189	0.5	0.2856	1.57079632679	2.3088	1	
20200423_221934.532670	3.06161699787e-17	0.1824	0.5	0.2921	1.57079632679	2.3373	1	
20200423_221934.632601	3.06161699787e-17	0.1768	0.5	0.298	1.57079632679	2.3212	1	
20200423_221934.732534	3.06161699787e-17	0.1692	0.5	0.3062	1.57079632679	2.336	1	
20200423_221934.832651	3.06161699787e-17	0.1615	0.5	0.314	1.57079632679	2.3306	1	
20200423_221934.932619	3.06161699787e-17	0.1564	0.5	0.3192	1.57079632679	2.3272	1	
20200423_221935.033000	3.06161699787e-17	0.1471	0.5	0.3271	1.57079632679	2.3532	1	
20200423_221935.132626	3.06161699787e-17	0.1424	0.5	0.3322	1.57079632679	2.331	1	
20200423_221935.232700	3.06161699787e-17	0.1361	0.5	0.34	1.57079632679	2.3193	1	
20200423_221935.332686	3.06161699787e-17	0.1271	0.5	0.3479	1.57079632679	2.3332	1	
20200423_221935.432684	3.06161699787e-17	0.1229	0.5	0.3527	1.57079632679	2.3169	1	
20200423_221935.532723	3.06161699787e-17	0.1143	0.5	0.3608	1.57079632679	2.3298	1	
20200423_221935.632540	3.06161699787e-17	0.107	0.5	0.3678	1.57079632679	2.3286	1	
20200423_221935.732848	3.06161699787e-17	0.101	0.5	0.3745	1.57079632679	2.3261	1	
20200423_221935.832667	3.06161699787e-17	0.0933	0.5	0.3816	1.57079632679	2.3139	1	
20200423_221935.932514	3.06161699787e-17	0.086	0.5	0.3892	1.57079632679	2.3339	1	
20200423_221936.032674	3.06161699787e-17	0.0801	0.5	0.395	1.57079632679	2.3095	1	
20200423_221936.132667	3.06161699787e-17	0.073	0.5	0.4015	1.57079632679	2.2727	1	
20200423_221936.232689	3.06161699787e-17	0.0653	0.5	0.4088	1.57079632679	2.2659	1	
20200423_221936.332904	3.06161699787e-17	0.0579	0.5	0.4164	1.57079632679	2.2522	1	
20200423_221936.432650	3.06161699787e-17	0.0522	0.5	0.4233	1.57079632679	2.2535	1	
20200423_221936.532925	3.06161699787e-17	0.0467	0.5	0.4306	1.57079632679	2.2447	1	
20200423_221936.632497	3.06161699787e-17	0.0447	0.5	0.432	1.57079632679	2.2083	1	
20200423_221936.732580	3.06161699787e-17	0.0421	0.5	0.4323	1.57079632679	2.158	1	
20200423_221936.832925	3.06161699787e-17	0.0415	0.5	0.4321	1.57079632679	2.0937	1	
20200423_221936.932595	3.06161699787e-17	0.0404	0.5	0.43	1.57079632679	2.032	1	
20200423_221937.032643	3.06161699787e-17	0.0402	0.5	0.429	1.57079632679	1.9632	1	
20200423_221937.132702	3.06161699787e-17	0.0394	0.5	0.4283	1.57079632679	1.8955	1	
20200423_221937.232660	3.06161699787e-17	0.0374	0.5	0.4283	1.57079632679	1.8475	1	
20200423_221937.332878	3.06161699787e-17	0.0371	0.5	0.4266	1.57079632679	1.7622	1	
20200423_221937.432675	3.06161699787e-17	0.0345	0.5	0.428	1.57079632679	1.7484	1	
20200423_221937.532641	3.06161699787e-17	0.0345	0.5	0.4253	1.57079632679	1.6612	1	
20200423_221937.632600	3.06161699787e-17	0.0338	0.5	0.4256	1.57079632679	1.6233	1	
20200423_221937.732641	3.06161699787e-17	0.0327	0.5	0.4254	1.57079632679	1.5712	0	
20200423_221937.732871	3.06161699787e-17	0.0326	0.5	0.4253	1.57079632679	1.569	0	
20200423_221937.737463	3.06161699787e-17	0.0326	0.5	0.4253	1.57079632679	1.5674	0	
20200423_221937.746136	3.06161699787e-17	0.0325	0.5	0.4247	1.57079632679	1.5562	0	
20200423_221937.754493	3.06161699787e-17	0.0321	0.5	0.4253	1.57079632679	1.5658	0	
20200423_221937.762623	3.06161699787e-17	0.0325	0.5	0.425	1.57079632679	1.5575	0	
20200423_221937.771329	3.06161699787e-17	0.0324	0.5	0.4251	1.57079632679	1.5565	0	
20200423_221937.780009	3.06161699787e-17	0.0325	0.5	0.4251	1.57079632679	1.5555	0	
20200423_221937.787893	3.06161699787e-17	0.0325	0.5	0.4251	1.57079632679	1.5547	0	
20200423_221937.796080	3.06161699787e-17	0.0325	0.5	0.4251	1.57079632679	1.5541	0	
20200423_221937.804443	3.06161699787e-17	0.0324	0.5	0.4252	1.57079632679	1.5537	0	
20200423_221937.813059	3.06161699787e-17	0.0324	0.5	0.4252	1.57079632679	1.5531	0	
20200423_221937.821357	3.06161699787e-17	0.0324	0.5	0.4252	1.57079632679	1.5525	0	
20200423_221937.829505	3.06161699787e-17	0.0324	0.5	0.4252	1.57079632679	1.5523	0	
20200423_221937.837419	3.06161699787e-17	0.0324	0.5	0.4253	1.57079632679	1.5522	0	
20200423_221937.845940	3.06161699787e-17	0.0324	0.5	0.4253	1.57079632679	1.5517	0	
20200423_221937.854186	3.06161699787e-17	0.0324	0.5	0.4252	1.57079632679	1.5509	0	
20200423_221937.862641	3.06161699787e-17	0.0324	0.5	0.4252	1.57079632679	1.5503	0	
20200423_221937.870907	3.06161699787e-17	0.0323	0.5	0.4254	1.57079632679	1.5542	0	
20200423_221937.882755	3.06161699787e-17	0.0323	0.5	0.4252	1.57079632679	1.5503	0	
20200423_221937.887828	3.06161699787e-17	0.0323	0.5	0.4251	1.57079632679	1.55	0	
20200423_221937.895930	3.06161699787e-17	0.0323	0.5	0.4251	1.57079632679	1.5498	0	
20200423_221937.904181	3.06161699787e-17	0.0323	0.5	0.4251	1.57079632679	1.5498	0	
20200423_221937.913015	3.06161699787e-17	0.0323	0.5	0.4254	1.57079632679	1.5538	0	
20200423_221937.921333	3.06161699787e-17	0.0323	0.5	0.4254	1.57079632679	1.5533	0	
20200423_221937.929320	3.06161699787e-17	0.0323	0.5	0.4254	1.57079632679	1.5535	0	
20200423_221937.937576	3.06161699787e-17	0.032	0.5	0.4254	1.57079632679	1.553	0	
20200423_221937.946695	3.06161699787e-17	0.0322	0.5	0.4255	1.57079632679	1.5568	0	
20200423_221937.954394	3.06161699787e-17	0.0322	0.5	0.4255	1.57079632679	1.5567	0	
20200423_221937.962694	3.06161699787e-17	0.0322	0.5	0.4253	1.57079632679	1.5521	0	
20200423_221937.971610	3.06161699787e-17	0.0321	0.5	0.4251	1.57079632679	1.5478	0	
20200423_221937.980076	3.06161699787e-17	0.0323	0.5	0.4251	1.57079632679	1.5496	0	
20200423_221937.989169	3.06161699787e-17	0.0323	0.5	0.4253	1.57079632679	1.5534	0	
20200423_221937.996153	3.06161699787e-17	0.0323	0.5	0.4253	1.57079632679	1.5532	0	
20200423_221938.004670	3.06161699787e-17	0.0323	0.5	0.4253	1.57079632679	1.5532	0	
20200423_221938.013069	3.06161699787e-17	0.0319	0.5	0.4253	1.57079632679	1.5531	0	
20200423_221938.022421	3.06161699787e-17	0.0321	0.5	0.4255	1.57079632679	1.5571	0	
20200423_221938.029934	3.06161699787e-17	0.0322	0.5	0.4255	1.57079632679	1.5566	0	
20200423_221938.037757	3.06161699787e-17	0.0322	0.5	0.4255	1.57079632679	1.5572	0	
20200423_221938.046037	3.06161699787e-17	0.0323	0.5	0.4253	1.57079632679	1.5524	0	
20200423_221938.054567	3.06161699787e-17	0.0323	0.5	0.4256	1.57079632679	1.5573	0	
20200423_221938.063250	3.06161699787e-17	0.0322	0.5	0.4252	1.57079632679	1.5488	0	
20200423_221938.071010	3.06161699787e-17	0.0323	0.5	0.4254	1.57079632679	1.5544	0	
20200423_221938.079532	3.06161699787e-17	0.0323	0.5	0.4253	1.57079632679	1.5534	0	
20200423_221938.088118	3.06161699787e-17	0.0323	0.5	0.4253	1.57079632679	1.5533	0	
20200423_221938.096274	3.06161699787e-17	0.032	0.5	0.4254	1.57079632679	1.5532	0	
20200423_221938.104598	3.06161699787e-17	0.0322	0.5	0.4255	1.57079632679	1.5571	0	
20200423_221938.113007	3.06161699787e-17	0.0322	0.5	0.4255	1.57079632679	1.5568	0	
20200423_221938.121237	3.06161699787e-17	0.0322	0.5	0.4255	1.57079632679	1.557	0	
20200423_221938.129540	3.06161699787e-17	0.0322	0.5	0.4255	1.57079632679	1.5569	0	
20200423_221938.137789	3.06161699787e-17	0.0322	0.5	0.4255	1.57079632679	1.557	0	
20200423_221938.146730	3.06161699787e-17	0.0322	0.5	0.4255	1.57079632679	1.5569	0	
20200423_221938.154470	3.06161699787e-17	0.0321	0.5	0.4251	1.57079632679	1.5474	0	
20200423_221938.162796	3.06161699787e-17	0.0323	0.5	0.4253	1.57079632679	1.5531	0	
20200423_221938.171399	3.06161699787e-17	0.032	0.5	0.4254	1.57079632679	1.5533	0	
20200423_221938.179824	3.06161699787e-17	0.0322	0.5	0.4255	1.57079632679	1.5569	0	
20200423_221938.188316	3.06161699787e-17	0.0322	0.5	0.4255	1.57079632679	1.5567	0	
20200423_221938.196442	3.06161699787e-17	0.0322	0.5	0.4255	1.57079632679	1.557	0	
20200423_221938.204551	3.06161699787e-17	0.0322	0.5	0.4255	1.57079632679	1.5568	0	
20200423_221938.213051	3.06161699787e-17	0.0322	0.5	0.4255	1.57079632679	1.5569	0	
20200423_221938.221193	3.06161699787e-17	0.0322	0.5	0.4255	1.57079632679	1.5568	0	
20200423_221938.229849	3.06161699787e-17	0.0322	0.5	0.4255	1.57079632679	1.5567	0	
20200423_221938.237783	3.06161699787e-17	0.0321	0.5	0.4252	1.57079632679	1.5481	0	
20200423_221938.247008	3.06161699787e-17	0.0323	0.5	0.4254	1.57079632679	1.5538	0	
20200423_221938.254500	3.06161699787e-17	0.0323	0.5	0.4254	1.57079632679	1.5537	0	
20200423_221938.262496	3.06161699787e-17	0.032	0.5	0.4254	1.57079632679	1.553	0	
20200423_221938.271212	3.06161699787e-17	0.0322	0.5	0.4255	1.57079632679	1.5567	0	
20200423_221938.279587	3.06161699787e-17	0.0322	0.5	0.4255	1.57079632679	1.5567	0	
20200423_221938.288090	3.06161699787e-17	0.0322	0.5	0.4255	1.57079632679	1.5565	0	
20200423_221938.296204	3.06161699787e-17	0.0322	0.5	0.4255	1.57079632679	1.5564	0	
20200423_221938.304289	3.06161699787e-17	0.0322	0.5	0.4255	1.57079632679	1.5567	0	
20200423_221938.312724	3.06161699787e-17	0.0322	0.5	0.4251	1.57079632679	1.5479	0	
20200423_221938.321086	3.06161699787e-17	0.0323	0.5	0.4251	1.57079632679	1.5492	0	
20200423_221938.329368	3.06161699787e-17	0.0323	0.5	0.4253	1.57079632679	1.5535	0	
20200423_221938.337683	3.06161699787e-17	0.032	0.5	0.4253	1.57079632679	1.5532	0	
20200423_221938.346188	3.06161699787e-17	0.0322	0.5	0.4254	1.57079632679	1.557	0	
20200423_221938.354783	3.06161699787e-17	0.0322	0.5	0.4254	1.57079632679	1.5568	0	
20200423_221938.362571	3.06161699787e-17	0.0322	0.5	0.4254	1.57079632679	1.5567	0	
20200423_221938.371042	3.06161699787e-17	0.0322	0.5	0.4254	1.57079632679	1.5567	0	
20200423_221938.379745	3.06161699787e-17	0.0322	0.5	0.4254	1.57079632679	1.5569	0	
20200423_221938.387975	3.06161699787e-17	0.0321	0.5	0.4251	1.57079632679	1.5479	0	
20200423_221938.396033	3.06161699787e-17	0.0323	0.5	0.4253	1.57079632679	1.5537	0	
20200423_221938.404157	3.06161699787e-17	0.0323	0.5	0.4253	1.57079632679	1.5535	0	
20200423_221938.413533	3.06161699787e-17	0.0323	0.5	0.4253	1.57079632679	1.5539	0	
20200423_221938.421276	3.06161699787e-17	0.032	0.5	0.4253	1.57079632679	1.5527	0	
20200423_221938.429260	3.06161699787e-17	0.0322	0.5	0.4255	1.57079632679	1.5567	0	
20200423_221938.437605	3.06161699787e-17	0.0322	0.5	0.4252	1.57079632679	1.5521	0	
20200423_221938.446436	3.06161699787e-17	0.0322	0.5	0.4254	1.57079632679	1.5567	0	
20200423_221938.454475	3.06161699787e-17	0.032	0.5	0.4253	1.57079632679	1.5525	0	
20200423_221938.462779	3.06161699787e-17	0.0323	0.5	0.4253	1.57079632679	1.5537	0	
20200423_221938.470879	3.06161699787e-17	0.0323	0.5	0.4251	1.57079632679	1.5492	0	
20200423_221938.479711	3.06161699787e-17	0.0323	0.5	0.4253	1.57079632679	1.5535	0	
20200423_221938.488606	3.06161699787e-17	0.0323	0.5	0.4253	1.57079632679	1.5528	0	
20200423_221938.496675	3.06161699787e-17	0.0319	0.5	0.4253	1.57079632679	1.5535	0	
20200423_221938.504481	3.06161699787e-17	0.0322	0.5	0.4254	1.57079632679	1.5565	0	
20200423_221938.512985	3.06161699787e-17	0.0322	0.5	0.4254	1.57079632679	1.5567	0	
20200423_221938.521289	3.06161699787e-17	0.0322	0.5	0.4254	1.57079632679	1.5565	0	
20200423_221938.529955	3.06161699787e-17	0.0322	0.5	0.4254	1.57079632679	1.5566	0	
20200423_221938.537833	3.06161699787e-17	0.0321	0.5	0.4251	1.57079632679	1.548	0	
20200423_221938.546990	3.06161699787e-17	0.0323	0.5	0.4253	1.57079632679	1.5533	0	
20200423_221938.554454	3.06161699787e-17	0.0323	0.5	0.4253	1.57079632679	1.5534	0	
20200423_221938.562974	3.06161699787e-17	0.0323	0.5	0.4253	1.57079632679	1.5533	0	
20200423_221938.570642	3.06161699787e-17	0.0319	0.5	0.4253	1.57079632679	1.5533	0	
20200423_221938.578962	3.06161699787e-17	0.0321	0.5	0.4254	1.57079632679	1.5563	0	
20200423_221938.587342	3.06161699787e-17	0.0322	0.5	0.4254	1.57079632679	1.5565	0	
20200423_221938.595563	3.06161699787e-17	0.0322	0.5	0.4254	1.57079632679	1.5564	0	
20200423_221938.603894	3.06161699787e-17	0.0322	0.5	0.4254	1.57079632679	1.5566	0	
20200423_221938.612973	3.06161699787e-17	0.032	0.5	0.4253	1.57079632679	1.5528	0	
20200423_221938.620706	3.06161699787e-17	0.0322	0.5	0.4253	1.57079632679	1.5537	0	
20200423_221938.629000	3.06161699787e-17	0.0322	0.5	0.4254	1.57079632679	1.5539	0	
20200423_221938.637228	3.06161699787e-17	0.0322	0.5	0.4253	1.57079632679	1.5539	0	
20200423_221938.646033	3.06161699787e-17	0.0322	0.5	0.4253	1.57079632679	1.554	0	
20200423_221938.654303	3.06161699787e-17	0.032	0.5	0.4253	1.57079632679	1.5522	0	
20200423_221938.662689	3.06161699787e-17	0.0322	0.5	0.4254	1.57079632679	1.5565	0	
20200423_221938.671601	3.06161699787e-17	0.0322	0.5	0.4254	1.57079632679	1.5565	0	
20200423_221938.679720	3.06161699787e-17	0.0322	0.5	0.4254	1.57079632679	1.5568	0	
20200423_221938.687774	3.06161699787e-17	0.0322	0.5	0.4255	1.57079632679	1.5571	0	
20200423_221938.696065	3.06161699787e-17	0.0321	0.5	0.4251	1.57079632679	1.548	0	
20200423_221938.704650	3.06161699787e-17	0.0323	0.5	0.4253	1.57079632679	1.5535	0	
20200423_221938.715932	3.06161699787e-17	0.0323	0.5	0.4253	1.57079632679	1.5534	0	
20200423_221938.721466	3.06161699787e-17	0.0323	0.5	0.4253	1.57079632679	1.5532	0	
20200423_221938.729310	3.06161699787e-17	0.032	0.5	0.4253	1.57079632679	1.5524	0	
20200423_221938.738360	3.06161699787e-17	0.0322	0.5	0.4254	1.57079632679	1.5564	0	
20200423_221938.746311	3.06161699787e-17	0.0322	0.5	0.4254	1.57079632679	1.5567	0	
20200423_221938.754383	3.06161699787e-17	0.0322	0.5	0.4254	1.57079632679	1.5567	0	
20200423_221938.763217	3.06161699787e-17	0.0322	0.5	0.4254	1.57079632679	1.5568	0	
20200423_221938.771328	3.06161699787e-17	0.0322	0.5	0.4254	1.57079632679	1.5567	0	
20200423_221938.779910	3.06161699787e-17	0.0321	0.5	0.425	1.57079632679	1.548	0	
20200423_221938.787783	3.06161699787e-17	0.0323	0.5	0.4253	1.57079632679	1.5534	0	
20200423_221938.796198	3.06161699787e-17	0.0323	0.5	0.4253	1.57079632679	1.5533	0	
20200423_221938.804413	3.06161699787e-17	0.0323	0.5	0.4253	1.57079632679	1.5535	0	
20200423_221938.816256	3.06161699787e-17	0.032	0.5	0.4253	1.57079632679	1.553	0	
20200423_221938.820920	3.06161699787e-17	0.0322	0.5	0.4254	1.57079632679	1.5565	0	
20200423_221938.829599	3.06161699787e-17	0.0322	0.5	0.4254	1.57079632679	1.5564	0	
20200423_221938.837844	3.06161699787e-17	0.0322	0.5	0.4254	1.57079632679	1.5564	0	
20200423_221938.846270	3.06161699787e-17	0.0322	0.5	0.4254	1.57079632679	1.5563	0	
20200423_221938.854823	3.06161699787e-17	0.032	0.5	0.4253	1.57079632679	1.5528	0	
20200423_221938.862394	3.06161699787e-17	0.0323	0.5	0.4253	1.57079632679	1.5533	0	
20200423_221938.870698	3.06161699787e-17	0.0323	0.5	0.4253	1.57079632679	1.5533	0	
20200423_221938.880748	3.06161699787e-17	0.0323	0.5	0.4253	1.57079632679	1.5536	0	
20200423_221938.887717	3.06161699787e-17	0.032	0.5	0.4253	1.57079632679	1.5529	0	
20200423_221938.896102	3.06161699787e-17	0.0322	0.5	0.4254	1.57079632679	1.5569	0	
20200423_221938.904455	3.06161699787e-17	0.0322	0.5	0.4254	1.57079632679	1.5567	0	
20200423_221938.913375	3.06161699787e-17	0.0322	0.5	0.4254	1.57079632679	1.5564	0	
20200423_221938.921692	3.06161699787e-17	0.0322	0.5	0.4254	1.57079632679	1.5563	0	
20200423_221938.929263	3.06161699787e-17	0.0322	0.5	0.4254	1.57079632679	1.5563	0	
20200423_221938.938243	3.06161699787e-17	0.0321	0.5	0.4251	1.57079632679	1.5479	0	
20200423_221938.946480	3.06161699787e-17	0.0323	0.5	0.4253	1.57079632679	1.5532	0	
20200423_221938.954490	3.06161699787e-17	0.0323	0.5	0.4253	1.57079632679	1.5535	0	
20200423_221938.962718	3.06161699787e-17	0.0319	0.5	0.4253	1.57079632679	1.5528	0	
20200423_221938.971081	3.06161699787e-17	0.0322	0.5	0.4254	1.57079632679	1.556	0	
20200423_221938.980190	3.06161699787e-17	0.032	0.5	0.4253	1.57079632679	1.552	0	
20200423_221938.987948	3.06161699787e-17	0.0322	0.5	0.4254	1.57079632679	1.5564	0	
20200423_221938.996406	3.06161699787e-17	0.0322	0.5	0.4254	1.57079632679	1.5564	0	
20200423_221939.004941	3.06161699787e-17	0.0322	0.5	0.4254	1.57079632679	1.557	0	
20200423_221939.012943	3.06161699787e-17	0.0322	0.5	0.425	1.57079632679	1.5486	0	
20200423_221939.021197	3.06161699787e-17	0.0323	0.5	0.4253	1.57079632679	1.5542	0	
20200423_221939.029541	3.06161699787e-17	0.0323	0.5	0.4252	1.57079632679	1.5539	0	
20200423_221939.037890	3.06161699787e-17	0.032	0.5	0.4252	1.57079632679	1.5528	0	
20200423_221939.046198	3.06161699787e-17	0.0322	0.5	0.4254	1.57079632679	1.557	0	
20200423_221939.055429	3.06161699787e-17	0.032	0.5	0.4252	1.57079632679	1.5528	0	
20200423_221939.062875	3.06161699787e-17	0.0322	0.5	0.4254	1.57079632679	1.5568	0	
20200423_221939.071175	3.06161699787e-17	0.0322	0.5	0.4254	1.57079632679	1.5565	0	
20200423_221939.079363	3.06161699787e-17	0.0322	0.5	0.4254	1.57079632679	1.5568	0	
20200423_221939.090299	3.06161699787e-17	0.0322	0.5	0.4254	1.57079632679	1.5567	0	
20200423_221939.096016	3.06161699787e-17	0.0321	0.5	0.425	1.57079632679	1.5481	0	
20200423_221939.104397	3.06161699787e-17	0.0323	0.5	0.4253	1.57079632679	1.5539	0	
20200423_221939.112934	3.06161699787e-17	0.0323	0.5	0.4252	1.57079632679	1.5538	0	
20200423_221939.121315	3.06161699787e-17	0.032	0.5	0.4253	1.57079632679	1.5533	0	
20200423_221939.129875	3.06161699787e-17	0.0322	0.5	0.4254	1.57079632679	1.5572	0	
20200423_221939.137630	3.06161699787e-17	0.032	0.5	0.4253	1.57079632679	1.5531	0	
20200423_221939.146304	3.06161699787e-17	0.0322	0.5	0.4254	1.57079632679	1.5566	0	
20200423_221939.154497	3.06161699787e-17	0.0322	0.5	0.4254	1.57079632679	1.5568	0	
20200423_221939.162693	3.06161699787e-17	0.0322	0.5	0.4254	1.57079632679	1.5572	0	
20200423_221939.171438	3.06161699787e-17	0.0322	0.5	0.4254	1.57079632679	1.5571	0	
20200423_221939.180232	3.06161699787e-17	0.0321	0.5	0.425	1.57079632679	1.5486	0	
20200423_221939.188057	3.06161699787e-17	0.0322	0.5	0.4253	1.57079632679	1.5543	0	
20200423_221939.196125	3.06161699787e-17	0.0322	0.5	0.4252	1.57079632679	1.554	0	
20200423_221939.204680	3.06161699787e-17	0.0322	0.5	0.4254	1.57079632679	1.5567	0	
20200423_221939.213141	3.06161699787e-17	0.032	0.5	0.4252	1.57079632679	1.5529	0	
20200423_221939.221127	3.06161699787e-17	0.0322	0.5	0.4254	1.57079632679	1.5569	0	
20200423_221939.229599	3.06161699787e-17	0.0322	0.5	0.4254	1.57079632679	1.5567	0	
20200423_221939.238028	3.06161699787e-17	0.0322	0.5	0.4254	1.57079632679	1.5567	0	
20200423_221939.246118	3.06161699787e-17	0.0322	0.5	0.4254	1.57079632679	1.5566	0	
20200423_221939.254968	3.06161699787e-17	0.0322	0.5	0.4254	1.57079632679	1.5567	0	
20200423_221939.262745	3.06161699787e-17	0.0321	0.5	0.4251	1.57079632679	1.5482	0	
20200423_221939.271395	3.06161699787e-17	0.0323	0.5	0.4253	1.57079632679	1.5537	0	
20200423_221939.280237	3.06161699787e-17	0.0322	0.5	0.4253	1.57079632679	1.5536	0	
20200423_221939.288220	3.06161699787e-17	0.0319	0.5	0.4253	1.57079632679	1.5528	0	
20200423_221939.296289	3.06161699787e-17	0.0322	0.5	0.4254	1.57079632679	1.5568	0	
20200423_221939.304451	3.06161699787e-17	0.0322	0.5	0.4254	1.57079632679	1.5567	0	
20200423_221939.313387	3.06161699787e-17	0.0322	0.5	0.4254	1.57079632679	1.5563	0	
20200423_221939.321093	3.06161699787e-17	0.0322	0.5	0.4254	1.57079632679	1.5562	0	
20200423_221939.329163	3.06161699787e-17	0.0322	0.5	0.4254	1.57079632679	1.5563	0	
20200423_221939.337603	3.06161699787e-17	0.032	0.5	0.4253	1.57079632679	1.5523	0	
20200423_221939.346609	3.06161699787e-17	0.0323	0.5	0.4253	1.57079632679	1.5529	0	
20200423_221939.354353	3.06161699787e-17	0.0322	0.5	0.4253	1.57079632679	1.553	0	
20200423_221939.362879	3.06161699787e-17	0.0322	0.5	0.4253	1.57079632679	1.5534	0	
20200423_221939.370642	3.06161699787e-17	0.0319	0.5	0.4253	1.57079632679	1.5524	0	
20200423_221939.379285	3.06161699787e-17	0.0322	0.5	0.4254	1.57079632679	1.5562	0	
20200423_221939.387904	3.06161699787e-17	0.0322	0.5	0.4254	1.57079632679	1.5562	0	
20200423_221939.396169	3.06161699787e-17	0.0322	0.5	0.4254	1.57079632679	1.5562	0	
20200423_221939.404247	3.06161699787e-17	0.0322	0.5	0.4254	1.57079632679	1.5566	0	
20200423_221939.413019	3.06161699787e-17	0.0322	0.5	0.4254	1.57079632679	1.5565	0	
20200423_221939.421223	3.06161699787e-17	0.0321	0.5	0.4251	1.57079632679	1.5477	0	
20200423_221939.429294	3.06161699787e-17	0.0322	0.5	0.4253	1.57079632679	1.5534	0	
20200423_221939.437736	3.06161699787e-17	0.0322	0.5	0.4253	1.57079632679	1.5533	0	
20200423_221939.446172	3.06161699787e-17	0.032	0.5	0.4252	1.57079632679	1.5518	0	
20200423_221939.454728	3.06161699787e-17	0.0322	0.5	0.4253	1.57079632679	1.5562	0	
20200423_221939.462431	3.06161699787e-17	0.032	0.5	0.4252	1.57079632679	1.552	0	
20200423_221939.471081	3.06161699787e-17	0.0322	0.5	0.4253	1.57079632679	1.5565	0	
20200423_221939.479659	3.06161699787e-17	0.0322	0.5	0.4254	1.57079632679	1.5564	0	
20200423_221939.488025	3.06161699787e-17	0.0322	0.5	0.4254	1.57079632679	1.5568	0	
20200423_221939.496109	3.06161699787e-17	0.032	0.5	0.4253	1.57079632679	1.5531	0	
20200423_221939.504468	3.06161699787e-17	0.0323	0.5	0.4253	1.57079632679	1.5537	0	
20200423_221939.512759	3.06161699787e-17	0.0323	0.5	0.4253	1.57079632679	1.5534	0	
20200423_221939.521119	3.06161699787e-17	0.0323	0.5	0.4253	1.57079632679	1.5534	0	
20200423_221939.529788	3.06161699787e-17	0.032	0.5	0.4253	1.57079632679	1.5532	0	
20200423_221939.537653	3.06161699787e-17	0.0322	0.5	0.4254	1.57079632679	1.5574	0	
20200423_221939.546000	3.06161699787e-17	0.0322	0.5	0.4254	1.57079632679	1.5568	0	
20200423_221939.554422	3.06161699787e-17	0.0322	0.5	0.4254	1.57079632679	1.5566	0	
20200423_221939.563599	3.06161699787e-17	0.0322	0.5	0.4254	1.57079632679	1.5567	0	
20200423_221939.571104	3.06161699787e-17	0.0322	0.5	0.4254	1.57079632679	1.5568	0	
20200423_221939.579331	3.06161699787e-17	0.032	0.5	0.4253	1.57079632679	1.5532	0	
20200423_221939.587785	3.06161699787e-17	0.0323	0.5	0.4252	1.57079632679	1.553	0	
20200423_221939.596652	3.06161699787e-17	0.0323	0.5	0.4253	1.57079632679	1.553	0	
20200423_221939.603976	3.06161699787e-17	0.0319	0.5	0.4253	1.57079632679	1.5532	0	
20200423_221939.612364	3.06161699787e-17	0.0322	0.5	0.4254	1.57079632679	1.5571	0	
20200423_221939.622072	3.06161699787e-17	0.0322	0.5	0.4254	1.57079632679	1.5568	0	
20200423_221939.628829	3.06161699787e-17	0.0322	0.5	0.4254	1.57079632679	1.5569	0	
20200423_221939.637425	3.06161699787e-17	0.0322	0.5	0.4254	1.57079632679	1.557	0	
20200423_221939.645979	3.06161699787e-17	0.0322	0.5	0.4254	1.57079632679	1.5568	0	
20200423_221939.654855	3.06161699787e-17	0.0321	0.5	0.4254	1.57079632679	1.5568	0	
20200423_221939.663134	3.06161699787e-17	0.0322	0.5	0.4252	1.57079632679	1.5535	0	
20200423_221939.671518	3.06161699787e-17	0.0322	0.5	0.4252	1.57079632679	1.5531	0	
20200423_221939.679813	3.06161699787e-17	0.0322	0.5	0.4252	1.57079632679	1.553	0	
20200423_221939.688186	3.06161699787e-17	0.0321	0.5	0.4254	1.57079632679	1.5573	0	
20200423_221939.696256	3.06161699787e-17	0.0322	0.5	0.4254	1.57079632679	1.5569	0	
20200423_221939.704197	3.06161699787e-17	0.0322	0.5	0.4254	1.57079632679	1.5572	0	
20200423_221939.712755	3.06161699787e-17	0.0321	0.5	0.4254	1.57079632679	1.557	0	
20200423_221939.721123	3.06161699787e-17	0.0321	0.5	0.4254	1.57079632679	1.5573	0	
20200423_221939.729301	3.06161699787e-17	0.0321	0.5	0.4254	1.57079632679	1.5568	0	
20200423_221939.737809	3.06161699787e-17	0.0323	0.5	0.4252	1.57079632679	1.5528	0	
20200423_221939.746109	3.06161699787e-17	0.0322	0.5	0.4252	1.57079632679	1.5531	0	
20200423_221939.754881	3.06161699787e-17	0.0323	0.5	0.4252	1.57079632679	1.5533	0	
20200423_221939.762643	3.06161699787e-17	0.0321	0.5	0.4254	1.57079632679	1.5567	0	
20200423_221939.771490	3.06161699787e-17	0.0321	0.5	0.4254	1.57079632679	1.5569	0	
20200423_221939.779789	3.06161699787e-17	0.0322	0.5	0.4253	1.57079632679	1.557	0	
20200423_221939.787904	3.06161699787e-17	0.0322	0.5	0.4253	1.57079632679	1.5569	0	
20200423_221939.796311	3.06161699787e-17	0.0322	0.5	0.4253	1.57079632679	1.5567	0	
20200423_221939.807665	3.06161699787e-17	0.0321	0.5	0.4253	1.57079632679	1.5565	0	
20200423_221939.813856	3.06161699787e-17	0.0322	0.5	0.4254	1.57079632679	1.5567	0	
20200423_221939.821265	3.06161699787e-17	0.0323	0.5	0.4253	1.57079632679	1.5534	0	
20200423_221939.829373	3.06161699787e-17	0.0323	0.5	0.4253	1.57079632679	1.5541	0	
20200423_221939.837660	3.06161699787e-17	0.0323	0.5	0.4253	1.57079632679	1.5536	0	
20200423_221939.849208	3.06161699787e-17	0.032	0.5	0.4253	1.57079632679	1.5528	0	
20200423_221939.854606	3.06161699787e-17	0.0322	0.5	0.4254	1.57079632679	1.5565	0	
20200423_221939.862498	3.06161699787e-17	0.0322	0.5	0.4254	1.57079632679	1.5564	0	
20200423_221939.871584	3.06161699787e-17	0.0322	0.5	0.4254	1.57079632679	1.5565	0	
20200423_221939.880101	3.06161699787e-17	0.0322	0.5	0.4254	1.57079632679	1.5563	0	
20200423_221939.888291	3.06161699787e-17	0.0322	0.5	0.4254	1.57079632679	1.5565	0	
20200423_221939.895873	3.06161699787e-17	0.0321	0.5	0.425	1.57079632679	1.5479	0	
20200423_221939.904437	3.06161699787e-17	0.0322	0.5	0.4253	1.57079632679	1.5533	0	
20200423_221939.912868	3.06161699787e-17	0.0323	0.5	0.4252	1.57079632679	1.5532	0	
20200423_221939.921237	3.06161699787e-17	0.032	0.5	0.4253	1.57079632679	1.5533	0	
20200423_221939.929488	3.06161699787e-17	0.0322	0.5	0.4254	1.57079632679	1.5564	0	
20200423_221939.938008	3.06161699787e-17	0.032	0.5	0.4253	1.57079632679	1.553	0	
20200423_221939.946351	3.06161699787e-17	0.0322	0.5	0.4254	1.57079632679	1.5565	0	
20200423_221939.954344	3.06161699787e-17	0.0322	0.5	0.4254	1.57079632679	1.5567	0	
20200423_221939.962776	3.06161699787e-17	0.0322	0.5	0.4254	1.57079632679	1.5568	0	
20200423_221939.973466	3.06161699787e-17	0.0322	0.5	0.4254	1.57079632679	1.5566	0	
20200423_221939.980096	3.06161699787e-17	0.032	0.5	0.4253	1.57079632679	1.5529	0	
20200423_221939.988593	3.06161699787e-17	0.0323	0.5	0.4253	1.57079632679	1.5532	0	
20200423_221939.995928	3.06161699787e-17	0.0323	0.5	0.4253	1.57079632679	1.5531	0	
20200423_221940.004254	3.06161699787e-17	0.032	0.5	0.4253	1.57079632679	1.5527	0	
20200423_221940.013151	3.06161699787e-17	0.0322	0.5	0.4254	1.57079632679	1.5569	0	
20200423_221940.021415	3.06161699787e-17	0.032	0.5	0.4252	1.57079632679	1.5529	0	
20200423_221940.030176	3.06161699787e-17	0.0322	0.5	0.4254	1.57079632679	1.5565	0	
20200423_221940.037952	3.06161699787e-17	0.0322	0.5	0.4254	1.57079632679	1.5566	0	
20200423_221940.046015	3.06161699787e-17	0.0322	0.5	0.4254	1.57079632679	1.5566	0	
20200423_221940.055154	3.06161699787e-17	0.032	0.5	0.4253	1.57079632679	1.5526	0	
20200423_221940.062361	3.06161699787e-17	0.0321	0.5	0.4254	1.57079632679	1.5568	0	
20200423_221940.070891	3.06161699787e-17	0.0321	0.5	0.425	1.57079632679	1.5478	0	
20200423_221940.079735	3.06161699787e-17	0.0323	0.5	0.4253	1.57079632679	1.5536	0	
20200423_221940.087978	3.06161699787e-17	0.032	0.5	0.4253	1.57079632679	1.5527	0	
20200423_221940.095950	3.06161699787e-17	0.0322	0.5	0.4254	1.57079632679	1.5567	0	
20200423_221940.104688	3.06161699787e-17	0.0322	0.5	0.4254	1.57079632679	1.5566	0	
20200423_221940.113226	3.06161699787e-17	0.0322	0.5	0.4254	1.57079632679	1.5564	0	
20200423_221940.120849	3.06161699787e-17	0.0322	0.5	0.4254	1.57079632679	1.5565	0	
20200423_221940.129316	3.06161699787e-17	0.0322	0.5	0.4254	1.57079632679	1.5564	0	
20200423_221940.137766	3.06161699787e-17	0.0319	0.5	0.4253	1.57079632679	1.5523	0	
20200423_221940.146220	3.06161699787e-17	0.0322	0.5	0.4252	1.57079632679	1.5532	0	
20200423_221940.154328	3.06161699787e-17	0.0322	0.5	0.4253	1.57079632679	1.5535	0	
20200423_221940.162900	3.06161699787e-17	0.032	0.5	0.4253	1.57079632679	1.5524	0	
20200423_221940.171550	3.06161699787e-17	0.0322	0.5	0.4254	1.57079632679	1.5564	0	
20200423_221940.179393	3.06161699787e-17	0.0322	0.5	0.4253	1.57079632679	1.5564	0	
20200423_221940.187685	3.06161699787e-17	0.0322	0.5	0.4254	1.57079632679	1.5564	0	
20200423_221940.195841	3.06161699787e-17	0.0322	0.5	0.4254	1.57079632679	1.5566	0	
20200423_221940.204318	3.06161699787e-17	0.0322	0.5	0.4254	1.57079632679	1.5566	0	
20200423_221940.212725	3.06161699787e-17	0.032	0.5	0.4253	1.57079632679	1.5525	0	
20200423_221940.221271	3.06161699787e-17	0.0322	0.5	0.4253	1.57079632679	1.5535	0	
20200423_221940.229317	3.06161699787e-17	0.0322	0.5	0.4253	1.57079632679	1.5532	0	
20200423_221940.237749	3.06161699787e-17	0.0322	0.5	0.4253	1.57079632679	1.5535	0	
20200423_221940.246032	3.06161699787e-17	0.032	0.5	0.4252	1.57079632679	1.5526	0	
20200423_221940.254375	3.06161699787e-17	0.0322	0.5	0.4254	1.57079632679	1.5567	0	
20200423_221940.263140	3.06161699787e-17	0.0322	0.5	0.4253	1.57079632679	1.5563	0	
20200423_221940.271018	3.06161699787e-17	0.0322	0.5	0.4253	1.57079632679	1.5564	0	
20200423_221940.279488	3.06161699787e-17	0.0322	0.5	0.4254	1.57079632679	1.5563	0	
20200423_221940.287885	3.06161699787e-17	0.0322	0.5	0.4254	1.57079632679	1.5564	0	
20200423_221940.296118	3.06161699787e-17	0.0321	0.5	0.4251	1.57079632679	1.5481	0	
20200423_221940.304209	3.06161699787e-17	0.0322	0.5	0.4253	1.57079632679	1.5533	0	
20200423_221940.312783	3.06161699787e-17	0.0323	0.5	0.4253	1.57079632679	1.5536	0	
20200423_221940.321557	3.06161699787e-17	0.0322	0.5	0.4251	1.57079632679	1.5519	0	
20200423_221940.329375	3.06161699787e-17	0.032	0.5	0.4252	1.57079632679	1.5526	0	
20200423_221940.337952	3.06161699787e-17	0.0322	0.5	0.4254	1.57079632679	1.5566	0	
20200423_221940.346270	3.06161699787e-17	0.0322	0.5	0.4254	1.57079632679	1.5566	0	
20200423_221940.354568	3.06161699787e-17	0.0323	0.5	0.4254	1.57079632679	1.5566	0	
20200423_221940.362625	3.06161699787e-17	0.0322	0.5	0.4254	1.57079632679	1.5568	0	
20200423_221940.371152	3.06161699787e-17	0.0322	0.5	0.4254	1.57079632679	1.5569	0	
20200423_221940.379861	3.06161699787e-17	0.0321	0.5	0.4251	1.57079632679	1.548	0	
20200423_221940.388130	3.06161699787e-17	0.0323	0.5	0.4253	1.57079632679	1.5535	0	
20200423_221940.395755	3.06161699787e-17	0.0322	0.5	0.4253	1.57079632679	1.5534	0	
20200423_221940.404482	3.06161699787e-17	0.0319	0.5	0.4253	1.57079632679	1.5531	0	
20200423_221940.414120	3.06161699787e-17	0.0321	0.5	0.4254	1.57079632679	1.557	0	
20200423_221940.421474	3.06161699787e-17	0.0322	0.5	0.4253	1.57079632679	1.5569	0	
20200423_221940.430666	3.06161699787e-17	0.0322	0.5	0.4253	1.57079632679	1.5569	0	
20200423_221940.437490	3.06161699787e-17	0.0322	0.5	0.4253	1.57079632679	1.5569	0	
20200423_221940.446658	3.06161699787e-17	0.0322	0.5	0.4254	1.57079632679	1.557	0	
20200423_221940.454754	3.06161699787e-17	0.0321	0.5	0.425	1.57079632679	1.5484	0	
20200423_221940.462997	3.06161699787e-17	0.0323	0.5	0.4252	1.57079632679	1.5533	0	
20200423_221940.471132	3.06161699787e-17	0.0323	0.5	0.4252	1.57079632679	1.5534	0	
20200423_221940.478982	3.06161699787e-17	0.0323	0.5	0.4253	1.57079632679	1.5535	0	
20200423_221940.487619	3.06161699787e-17	0.0324	0.5	0.4251	1.57079632679	1.5516	0	
20200423_221940.495707	3.06161699787e-17	0.0324	0.5	0.425	1.57079632679	1.5514	0	
20200423_221940.504091	3.06161699787e-17	0.0324	0.5	0.425	1.57079632679	1.5515	0	
20200423_221940.513318	3.06161699787e-17	0.0324	0.5	0.425	1.57079632679	1.5514	0	
20200423_221940.521219	3.06161699787e-17	0.0324	0.5	0.4251	1.57079632679	1.5516	0	
20200423_221940.529287	3.06161699787e-17	0.032	0.5	0.4252	1.57079632679	1.5524	0	
20200423_221940.537928	3.06161699787e-17	0.0323	0.5	0.4253	1.57079632679	1.5544	0	
20200423_221940.546482	3.06161699787e-17	0.0323	0.5	0.4253	1.57079632679	1.5539	0	
20200423_221940.554321	3.06161699787e-17	0.0323	0.5	0.4252	1.57079632679	1.5535	0	
20200423_221940.562830	3.06161699787e-17	0.032	0.5	0.4253	1.57079632679	1.5533	0	
20200423_221940.570545	3.06161699787e-17	0.0322	0.5	0.4253	1.57079632679	1.5572	0	
20200423_221940.579107	3.06161699787e-17	0.0322	0.5	0.4253	1.57079632679	1.557	0	
20200423_221940.587522	3.06161699787e-17	0.0322	0.5	0.4253	1.57079632679	1.5573	0	
20200423_221940.595793	3.06161699787e-17	0.0322	0.5	0.4253	1.57079632679	1.5566	0	
20200423_221940.603911	3.06161699787e-17	0.0322	0.5	0.4254	1.57079632679	1.5568	0	
20200423_221940.612536	3.06161699787e-17	0.0321	0.5	0.425	1.57079632679	1.5482	0	
20200423_221940.621152	3.06161699787e-17	0.0322	0.5	0.4252	1.57079632679	1.5536	0	
20200423_221940.629083	3.06161699787e-17	0.0322	0.5	0.4252	1.57079632679	1.5535	0	
20200423_221940.637341	3.06161699787e-17	0.032	0.5	0.4252	1.57079632679	1.5531	0	
20200423_221940.646510	3.06161699787e-17	0.0322	0.5	0.4253	1.57079632679	1.5564	0	
20200423_221940.654392	3.06161699787e-17	0.0322	0.5	0.4253	1.57079632679	1.5568	0	
20200423_221940.662795	3.06161699787e-17	0.0322	0.5	0.4253	1.57079632679	1.5566	0	
20200423_221940.671217	3.06161699787e-17	0.0322	0.5	0.4254	1.57079632679	1.5563	0	
20200423_221940.679772	3.06161699787e-17	0.0322	0.5	0.4254	1.57079632679	1.5563	0	
20200423_221940.688570	3.06161699787e-17	0.0321	0.5	0.4251	1.57079632679	1.5483	0	
20200423_221940.696596	3.06161699787e-17	0.0322	0.5	0.4253	1.57079632679	1.5537	0	
20200423_221940.704346	3.06161699787e-17	0.0322	0.5	0.4253	1.57079632679	1.5534	0	
20200423_221940.712807	3.06161699787e-17	0.032	0.5	0.4253	1.57079632679	1.5524	0	
20200423_221940.721128	3.06161699787e-17	0.0322	0.5	0.4254	1.57079632679	1.5565	0	
20200423_221940.729438	3.06161699787e-17	0.0322	0.5	0.4253	1.57079632679	1.5563	0	
20200423_221940.737867	3.06161699787e-17	0.0322	0.5	0.4253	1.57079632679	1.5562	0	
20200423_221940.746449	3.06161699787e-17	0.0322	0.5	0.4253	1.57079632679	1.5567	0	
20200423_221940.754493	3.06161699787e-17	0.0322	0.5	0.4254	1.57079632679	1.5565	0	
20200423_221940.763113	3.06161699787e-17	0.0321	0.5	0.425	1.57079632679	1.5481	0	
20200423_221940.771477	3.06161699787e-17	0.0322	0.5	0.4252	1.57079632679	1.5533	0	
20200423_221940.781096	3.06161699787e-17	0.0322	0.5	0.4253	1.57079632679	1.5537	0	
20200423_221940.787638	3.06161699787e-17	0.0322	0.5	0.4253	1.57079632679	1.5534	0	
20200423_221940.795978	3.06161699787e-17	0.0323	0.5	0.4251	1.57079632679	1.552	0	
20200423_221940.804672	3.06161699787e-17	0.0324	0.5	0.425	1.57079632679	1.5517	0	
20200423_221940.812881	3.06161699787e-17	0.0324	0.5	0.425	1.57079632679	1.552	0	
20200423_221940.821174	3.06161699787e-17	0.0324	0.5	0.425	1.57079632679	1.5517	0	
20200423_221940.829903	3.06161699787e-17	0.0324	0.5	0.4251	1.57079632679	1.552	0	
20200423_221940.838163	3.06161699787e-17	0.032	0.5	0.4253	1.57079632679	1.5524	0	
20200423_221940.845981	3.06161699787e-17	0.0322	0.5	0.4253	1.57079632679	1.5537	0	
20200423_221940.854235	3.06161699787e-17	0.0322	0.5	0.4253	1.57079632679	1.5535	0	
20200423_221940.862502	3.06161699787e-17	0.0323	0.5	0.4253	1.57079632679	1.5538	0	
20200423_221940.870980	3.06161699787e-17	0.032	0.5	0.4253	1.57079632679	1.5523	0	
20200423_221940.879449	3.06161699787e-17	0.0322	0.5	0.4254	1.57079632679	1.5567	0	
20200423_221940.887885	3.06161699787e-17	0.0322	0.5	0.4253	1.57079632679	1.5564	0	
20200423_221940.896236	3.06161699787e-17	0.0322	0.5	0.4254	1.57079632679	1.5568	0	
20200423_221940.904516	3.06161699787e-17	0.0322	0.5	0.4254	1.57079632679	1.5562	0	
20200423_221940.912929	3.06161699787e-17	0.0322	0.5	0.4254	1.57079632679	1.5567	0	
20200423_221940.921275	3.06161699787e-17	0.0322	0.5	0.4254	1.57079632679	1.5568	0	
20200423_221940.929274	3.06161699787e-17	0.0322	0.5	0.4254	1.57079632679	1.5565	0	
20200423_221940.938232	3.06161699787e-17	0.0322	0.5	0.4254	1.57079632679	1.5564	0	
20200423_221940.946419	3.06161699787e-17	0.0321	0.5	0.4254	1.57079632679	1.5565	0	
20200423_221940.954883	3.06161699787e-17	0.0321	0.5	0.4254	1.57079632679	1.5565	0	
20200423_221940.963263	3.06161699787e-17	0.0322	0.5	0.4253	1.57079632679	1.5563	0	
20200423_221940.971015	3.06161699787e-17	0.0322	0.5	0.4253	1.57079632679	1.5567	0	
20200423_221940.979895	3.06161699787e-17	0.0322	0.5	0.4253	1.57079632679	1.5565	0	
20200423_221940.987756	3.06161699787e-17	0.0322	0.5	0.4254	1.57079632679	1.5566	0	
20200423_221940.996278	3.06161699787e-17	0.0321	0.5	0.4254	1.57079632679	1.5565	0	
20200423_221941.004577	3.06161699787e-17	0.0321	0.5	0.425	1.57079632679	1.5481	0	
20200423_221941.013019	3.06161699787e-17	0.0322	0.5	0.4252	1.57079632679	1.5537	0	
20200423_221941.021012	3.06161699787e-17	0.0319	0.5	0.4253	1.57079632679	1.5528	0	
20200423_221941.029412	3.06161699787e-17	0.0321	0.5	0.4254	1.57079632679	1.5568	0	
20200423_221941.037964	3.06161699787e-17	0.032	0.5	0.4252	1.57079632679	1.5528	0	
20200423_221941.046633	3.06161699787e-17	0.0322	0.5	0.4253	1.57079632679	1.5565	0	
20200423_221941.054500	3.06161699787e-17	0.0322	0.5	0.4253	1.57079632679	1.5564	0	
20200423_221941.063095	3.06161699787e-17	0.0322	0.5	0.4253	1.57079632679	1.5567	0	
20200423_221941.071343	3.06161699787e-17	0.0322	0.5	0.4254	1.57079632679	1.5564	0	
20200423_221941.079350	3.06161699787e-17	0.0321	0.5	0.425	1.57079632679	1.5482	0	
20200423_221941.088111	3.06161699787e-17	0.0323	0.5	0.4253	1.57079632679	1.5547	0	
20200423_221941.096244	3.06161699787e-17	0.0323	0.5	0.4253	1.57079632679	1.5543	0	
20200423_221941.104356	3.06161699787e-17	0.032	0.5	0.4252	1.57079632679	1.5527	0	
20200423_221941.112973	3.06161699787e-17	0.0322	0.5	0.4253	1.57079632679	1.5567	0	
20200423_221941.121119	3.06161699787e-17	0.0322	0.5	0.4253	1.57079632679	1.5566	0	
20200423_221941.131269	3.06161699787e-17	0.0322	0.5	0.4253	1.57079632679	1.5568	0	
20200423_221941.138023	3.06161699787e-17	0.0322	0.5	0.4254	1.57079632679	1.557	0	
20200423_221941.146335	3.06161699787e-17	0.0322	0.5	0.4254	1.57079632679	1.557	0	
20200423_221941.154449	3.06161699787e-17	0.032	0.5	0.4252	1.57079632679	1.5527	0	
20200423_221941.162894	3.06161699787e-17	0.0322	0.5	0.4253	1.57079632679	1.5541	0	
20200423_221941.171213	3.06161699787e-17	0.0319	0.5	0.4253	1.57079632679	1.5531	0	
20200423_221941.180180	3.06161699787e-17	0.0322	0.5	0.4254	1.57079632679	1.5568	0	
20200423_221941.188119	3.06161699787e-17	0.032	0.5	0.4252	1.57079632679	1.5531	0	
20200423_221941.196453	3.06161699787e-17	0.0322	0.5	0.4253	1.57079632679	1.5569	0	
20200423_221941.204422	3.06161699787e-17	0.0322	0.5	0.4253	1.57079632679	1.5567	0	
20200423_221941.213062	3.06161699787e-17	0.0322	0.5	0.4253	1.57079632679	1.5569	0	
20200423_221941.221168	3.06161699787e-17	0.0322	0.5	0.4254	1.57079632679	1.5567	0	
20200423_221941.229622	3.06161699787e-17	0.0319	0.5	0.4253	1.57079632679	1.5533	0	
20200423_221941.237823	3.06161699787e-17	0.0321	0.5	0.4254	1.57079632679	1.5568	0	
20200423_221941.245914	3.06161699787e-17	0.0321	0.5	0.425	1.57079632679	1.5482	0	
20200423_221941.254432	3.06161699787e-17	0.0322	0.5	0.4254	1.57079632679	1.557	0	
20200423_221941.262723	3.06161699787e-17	0.032	0.5	0.4253	1.57079632679	1.5532	0	
20200423_221941.270869	3.06161699787e-17	0.0322	0.5	0.4254	1.57079632679	1.5571	0	
20200423_221941.280189	3.06161699787e-17	0.0322	0.5	0.4254	1.57079632679	1.5569	0	
20200423_221941.287716	3.06161699787e-17	0.0322	0.5	0.4254	1.57079632679	1.5568	0	
20200423_221941.296233	3.06161699787e-17	0.0322	0.5	0.4254	1.57079632679	1.5573	0	
20200423_221941.304477	3.06161699787e-17	0.0322	0.5	0.4253	1.57079632679	1.557	0	
20200423_221941.313075	3.06161699787e-17	0.0322	0.5	0.4254	1.57079632679	1.5573	0	
20200423_221941.321142	3.06161699787e-17	0.032	0.5	0.4253	1.57079632679	1.5535	0	
20200423_221941.329274	3.06161699787e-17	0.0322	0.5	0.4254	1.57079632679	1.5571	0	
20200423_221941.337818	3.06161699787e-17	0.0322	0.5	0.4254	1.57079632679	1.557	0	
20200423_221941.346692	3.06161699787e-17	0.0322	0.5	0.4253	1.57079632679	1.5571	0	
20200423_221941.354551	3.06161699787e-17	0.0319	0.5	0.4252	1.57079632679	1.5538	0	
20200423_221941.362773	3.06161699787e-17	0.0322	0.5	0.4253	1.57079632679	1.5572	0	
20200423_221941.371152	3.06161699787e-17	0.0322	0.5	0.4253	1.57079632679	1.5573	0	
20200423_221941.379442	3.06161699787e-17	0.0322	0.5	0.4253	1.57079632679	1.5573	0	
20200423_221941.387753	3.06161699787e-17	0.0322	0.5	0.4253	1.57079632679	1.5576	0	
20200423_221941.396321	3.06161699787e-17	0.0322	0.5	0.4253	1.57079632679	1.5575	0	
20200423_221941.404814	3.06161699787e-17	0.032	0.5	0.4252	1.57079632679	1.553	0	
20200423_221941.412919	3.06161699787e-17	0.0322	0.5	0.4254	1.57079632679	1.557	0	
20200423_221941.421184	3.06161699787e-17	0.0322	0.5	0.4254	1.57079632679	1.557	0	
20200423_221941.429248	3.06161699787e-17	0.0322	0.5	0.4254	1.57079632679	1.5571	0	
20200423_221941.438012	3.06161699787e-17	0.032	0.5	0.4252	1.57079632679	1.5529	0	
20200423_221941.446688	3.06161699787e-17	0.0322	0.5	0.4254	1.57079632679	1.5571	0	
20200423_221941.455178	3.06161699787e-17	0.0322	0.5	0.4253	1.57079632679	1.5568	0	
20200423_221941.462966	3.06161699787e-17	0.0322	0.5	0.4254	1.57079632679	1.5569	0	
20200423_221941.471015	3.06161699787e-17	0.0322	0.5	0.4253	1.57079632679	1.5567	0	
20200423_221941.479723	3.06161699787e-17	0.0322	0.5	0.4254	1.57079632679	1.5567	0	
20200423_221941.487921	3.06161699787e-17	0.032	0.5	0.4252	1.57079632679	1.5528	0	
20200423_221941.496199	3.06161699787e-17	0.0323	0.5	0.4252	1.57079632679	1.5536	0	
20200423_221941.504550	3.06161699787e-17	0.0323	0.5	0.4252	1.57079632679	1.5535	0	
20200423_221941.512640	3.06161699787e-17	0.032	0.5	0.4252	1.57079632679	1.5528	0	
20200423_221941.521330	3.06161699787e-17	0.0322	0.5	0.4254	1.57079632679	1.557	0	
20200423_221941.529338	3.06161699787e-17	0.032	0.5	0.4252	1.57079632679	1.553	0	
20200423_221941.537744	3.06161699787e-17	0.0322	0.5	0.4253	1.57079632679	1.5569	0	
20200423_221941.546063	3.06161699787e-17	0.0322	0.5	0.4253	1.57079632679	1.5568	0	
20200423_221941.554837	3.06161699787e-17	0.0322	0.5	0.4254	1.57079632679	1.5569	0	
20200423_221941.562832	3.06161699787e-17	0.0322	0.5	0.4254	1.57079632679	1.5569	0	
20200423_221941.570500	3.06161699787e-17	0.0322	0.5	0.4254	1.57079632679	1.5568	0	
20200423_221941.579766	3.06161699787e-17	0.0321	0.5	0.425	1.57079632679	1.548	0	
20200423_221941.587432	3.06161699787e-17	0.0322	0.5	0.4254	1.57079632679	1.5568	0	
20200423_221941.595661	3.06161699787e-17	0.032	0.5	0.4252	1.57079632679	1.5532	0	
20200423_221941.604040	3.06161699787e-17	0.0322	0.5	0.4254	1.57079632679	1.5567	0	
20200423_221941.612485	3.06161699787e-17	0.0322	0.5	0.4253	1.57079632679	1.557	0	
20200423_221941.621113	3.06161699787e-17	0.0322	0.5	0.4253	1.57079632679	1.5568	0	
20200423_221941.629071	3.06161699787e-17	0.0322	0.5	0.4253	1.57079632679	1.5571	0	
20200423_221941.637258	3.06161699787e-17	0.0322	0.5	0.4254	1.57079632679	1.5568	0	
20200423_221941.646140	3.06161699787e-17	0.032	0.5	0.4252	1.57079632679	1.553	0	
20200423_221941.654264	3.06161699787e-17	0.0323	0.5	0.4252	1.57079632679	1.5534	0	
20200423_221941.662609	3.06161699787e-17	0.0323	0.5	0.4252	1.57079632679	1.5535	0	
20200423_221941.670894	3.06161699787e-17	0.032	0.5	0.4252	1.57079632679	1.5529	0	
20200423_221941.680261	3.06161699787e-17	0.0322	0.5	0.4253	1.57079632679	1.557	0	
20200423_221941.688072	3.06161699787e-17	0.0322	0.5	0.4253	1.57079632679	1.5569	0	
20200423_221941.695876	3.06161699787e-17	0.0322	0.5	0.4253	1.57079632679	1.5568	0	
20200423_221941.704616	3.06161699787e-17	0.0322	0.5	0.4253	1.57079632679	1.557	0	
20200423_221941.714095	3.06161699787e-17	0.0322	0.5	0.4254	1.57079632679	1.557	0	
20200423_221941.721114	3.06161699787e-17	0.032	0.5	0.4252	1.57079632679	1.5534	0	
20200423_221941.729275	3.06161699787e-17	0.0323	0.5	0.4252	1.57079632679	1.5535	0	
20200423_221941.738003	3.06161699787e-17	0.0323	0.5	0.4252	1.57079632679	1.5534	0	
20200423_221941.746012	3.06161699787e-17	0.0319	0.5	0.4252	1.57079632679	1.5534	0	
20200423_221941.754974	3.06161699787e-17	0.0322	0.5	0.4253	1.57079632679	1.5569	0	
20200423_221941.762766	3.06161699787e-17	0.0322	0.5	0.4253	1.57079632679	1.5573	0	
20200423_221941.771270	3.06161699787e-17	0.0322	0.5	0.4253	1.57079632679	1.5569	0	
20200423_221941.779609	3.06161699787e-17	0.0322	0.5	0.4253	1.57079632679	1.5572	0	
20200423_221941.788138	3.06161699787e-17	0.0322	0.5	0.4254	1.57079632679	1.5574	0	
20200423_221941.795860	3.06161699787e-17	0.0321	0.5	0.4254	1.57079632679	1.5574	0	
20200423_221941.804638	3.06161699787e-17	0.0321	0.5	0.4251	1.57079632679	1.5485	0	
20200423_221941.812961	3.06161699787e-17	0.0322	0.5	0.4253	1.57079632679	1.5539	0	
20200423_221941.821039	3.06161699787e-17	0.0319	0.5	0.4253	1.57079632679	1.5534	0	
20200423_221941.829308	3.06161699787e-17	0.0322	0.5	0.4254	1.57079632679	1.5568	0	
20200423_221941.838022	3.06161699787e-17	0.0322	0.5	0.4254	1.57079632679	1.5571	0	
20200423_221941.846573	3.06161699787e-17	0.0322	0.5	0.4253	1.57079632679	1.5568	0	
20200423_221941.854907	3.06161699787e-17	0.0322	0.5	0.4253	1.57079632679	1.5568	0	
20200423_221941.862506	3.06161699787e-17	0.0321	0.5	0.4253	1.57079632679	1.5568	0	
20200423_221941.870865	3.06161699787e-17	0.0321	0.5	0.4253	1.57079632679	1.5565	0	
20200423_221941.879248	3.06161699787e-17	0.0321	0.5	0.4254	1.57079632679	1.5566	0	
20200423_221941.887907	3.06161699787e-17	0.0321	0.5	0.4254	1.57079632679	1.5565	0	
20200423_221941.896079	3.06161699787e-17	0.0322	0.5	0.4254	1.57079632679	1.5566	0	
20200423_221941.904452	3.06161699787e-17	0.0322	0.5	0.4254	1.57079632679	1.5571	0	
20200423_221941.914003	3.06161699787e-17	0.0322	0.5	0.4253	1.57079632679	1.5567	0	
20200423_221941.921326	3.06161699787e-17	0.0322	0.5	0.4253	1.57079632679	1.5566	0	
20200423_221941.929385	3.06161699787e-17	0.0322	0.5	0.4253	1.57079632679	1.5569	0	
20200423_221941.937764	3.06161699787e-17	0.0322	0.5	0.4253	1.57079632679	1.5572	0	
20200423_221941.946140	3.06161699787e-17	0.0322	0.5	0.4253	1.57079632679	1.5568	0	
20200423_221941.954566	3.06161699787e-17	0.0321	0.5	0.425	1.57079632679	1.5484	0	
20200423_221941.962996	3.06161699787e-17	0.0322	0.5	0.4252	1.57079632679	1.554	0	
20200423_221941.971281	3.06161699787e-17	0.0322	0.5	0.4253	1.57079632679	1.5541	0	
20200423_221941.979501	3.06161699787e-17	0.032	0.5	0.4252	1.57079632679	1.5533	0	
20200423_221941.987994	3.06161699787e-17	0.0322	0.5	0.4253	1.57079632679	1.5567	0	
20200423_221941.996197	3.06161699787e-17	0.0322	0.5	0.4253	1.57079632679	1.5569	0	
20200423_221942.004309	3.06161699787e-17	0.0322	0.5	0.4253	1.57079632679	1.5565	0	
20200423_221942.013260	3.06161699787e-17	0.0322	0.5	0.4253	1.57079632679	1.5567	0	
20200423_221942.027132	3.06161699787e-17	0.0322	0.5	0.4253	1.57079632679	1.5568	0	
20200423_221942.030558	3.06161699787e-17	0.0322	0.5	0.4254	1.57079632679	1.5568	0	
20200423_221942.037749	3.06161699787e-17	0.0322	0.5	0.4254	1.57079632679	1.5565	0	
20200423_221942.046017	3.06161699787e-17	0.0322	0.5	0.4254	1.57079632679	1.5565	0	
20200423_221942.054707	3.06161699787e-17	0.0322	0.5	0.4254	1.57079632679	1.5568	0	
20200423_221942.062663	3.06161699787e-17	0.0322	0.5	0.4253	1.57079632679	1.5567	0	
20200423_221942.070924	3.06161699787e-17	0.032	0.5	0.4252	1.57079632679	1.553	0	
20200423_221942.079817	3.06161699787e-17	0.0322	0.5	0.4253	1.57079632679	1.5569	0	
20200423_221942.088023	3.06161699787e-17	0.0322	0.5	0.4253	1.57079632679	1.5567	0	
20200423_221942.095869	3.06161699787e-17	0.0321	0.5	0.4253	1.57079632679	1.557	0	
20200423_221942.107461	3.06161699787e-17	0.0321	0.5	0.4253	1.57079632679	1.557	0	
20200423_221942.112820	3.06161699787e-17	0.0321	0.5	0.425	1.57079632679	1.5503	0	
20200423_221942.121074	3.06161699787e-17	0.0321	0.5	0.4253	1.57079632679	1.5566	0	
20200423_221942.129457	3.06161699787e-17	0.0322	0.5	0.4253	1.57079632679	1.5568	0	
20200423_221942.137585	3.06161699787e-17	0.0322	0.5	0.4253	1.57079632679	1.5573	0	
20200423_221942.146147	3.06161699787e-17	0.032	0.5	0.4252	1.57079632679	1.5531	0	
20200423_221942.154437	3.06161699787e-17	0.0322	0.5	0.4253	1.57079632679	1.5569	0	
20200423_221942.162555	3.06161699787e-17	0.0322	0.5	0.4253	1.57079632679	1.5567	0	
20200423_221942.171267	3.06161699787e-17	0.0322	0.5	0.4253	1.57079632679	1.5565	0	
20200423_221942.179867	3.06161699787e-17	0.0322	0.5	0.4253	1.57079632679	1.5566	0	
20200423_221942.188644	3.06161699787e-17	0.0321	0.5	0.425	1.57079632679	1.5481	0	
20200423_221942.195711	3.06161699787e-17	0.0323	0.5	0.4252	1.57079632679	1.5537	0	
20200423_221942.204449	3.06161699787e-17	0.0322	0.5	0.4252	1.57079632679	1.5532	0	
20200423_221942.212607	3.06161699787e-17	0.0319	0.5	0.4252	1.57079632679	1.5536	0	
20200423_221942.221206	3.06161699787e-17	0.0321	0.5	0.4253	1.57079632679	1.5567	0	
20200423_221942.229456	3.06161699787e-17	0.0322	0.5	0.4253	1.57079632679	1.5564	0	
20200423_221942.237675	3.06161699787e-17	0.0322	0.5	0.4253	1.57079632679	1.5569	0	
20200423_221942.246180	3.06161699787e-17	0.0321	0.5	0.4254	1.57079632679	1.5572	0	
20200423_221942.254659	3.06161699787e-17	0.0321	0.5	0.4254	1.57079632679	1.557	0	
20200423_221942.262711	3.06161699787e-17	0.0321	0.5	0.425	1.57079632679	1.5482	0	
20200423_221942.270727	3.06161699787e-17	0.0323	0.5	0.4253	1.57079632679	1.5537	0	
20200423_221942.279268	3.06161699787e-17	0.0323	0.5	0.4252	1.57079632679	1.5539	0	
20200423_221942.287623	3.06161699787e-17	0.032	0.5	0.4252	1.57079632679	1.5528	0	
20200423_221942.295830	3.06161699787e-17	0.0322	0.5	0.4253	1.57079632679	1.5568	0	
20200423_221942.304376	3.06161699787e-17	0.0322	0.5	0.4253	1.57079632679	1.5566	0	
20200423_221942.313352	3.06161699787e-17	0.0322	0.5	0.4253	1.57079632679	1.5567	0	
20200423_221942.321130	3.06161699787e-17	0.0322	0.5	0.4253	1.57079632679	1.5565	0	
20200423_221942.329187	3.06161699787e-17	0.0322	0.5	0.4254	1.57079632679	1.5569	0	
20200423_221942.337974	3.06161699787e-17	0.0321	0.5	0.425	1.57079632679	1.5484	0	
20200423_221942.346355	3.06161699787e-17	0.0322	0.5	0.4252	1.57079632679	1.5539	0	
20200423_221942.354762	3.06161699787e-17	0.0323	0.5	0.4252	1.57079632679	1.5541	0	
20200423_221942.362620	3.06161699787e-17	0.0323	0.5	0.4252	1.57079632679	1.5543	0	
20200423_221942.371064	3.06161699787e-17	0.0324	0.5	0.425	1.57079632679	1.5524	0	
20200423_221942.380362	3.06161699787e-17	0.0324	0.5	0.425	1.57079632679	1.5524	0	
20200423_221942.387878	3.06161699787e-17	0.0324	0.5	0.425	1.57079632679	1.5523	0	
20200423_221942.395951	3.06161699787e-17	0.0324	0.5	0.425	1.57079632679	1.5524	0	
20200423_221942.404579	3.06161699787e-17	0.0324	0.5	0.4251	1.57079632679	1.5527	0	
20200423_221942.412677	3.06161699787e-17	0.032	0.5	0.4252	1.57079632679	1.553	0	
20200423_221942.421512	3.06161699787e-17	0.0323	0.5	0.4252	1.57079632679	1.5536	0	
20200423_221942.430059	3.06161699787e-17	0.0323	0.5	0.4252	1.57079632679	1.554	0	
20200423_221942.437714	3.06161699787e-17	0.0319	0.5	0.4252	1.57079632679	1.5534	0	
20200423_221942.446768	3.06161699787e-17	0.0322	0.5	0.4254	1.57079632679	1.5574	0	
20200423_221942.454615	3.06161699787e-17	0.032	0.5	0.4252	1.57079632679	1.5529	0	
20200423_221942.462553	3.06161699787e-17	0.0322	0.5	0.4253	1.57079632679	1.5571	0	
20200423_221942.471583	3.06161699787e-17	0.0322	0.5	0.4253	1.57079632679	1.5569	0	
20200423_221942.479353	3.06161699787e-17	0.0322	0.5	0.4253	1.57079632679	1.5569	0	
20200423_221942.488194	3.06161699787e-17	0.0322	0.5	0.4254	1.57079632679	1.5569	0	
20200423_221942.496464	3.06161699787e-17	0.0321	0.5	0.425	1.57079632679	1.5483	0	
20200423_221942.504668	3.06161699787e-17	0.0323	0.5	0.4252	1.57079632679	1.5539	0	
20200423_221942.513151	3.06161699787e-17	0.032	0.5	0.4252	1.57079632679	1.5527	0	
20200423_221942.521540	3.06161699787e-17	0.0322	0.5	0.4254	1.57079632679	1.557	0	
20200423_221942.529411	3.06161699787e-17	0.032	0.5	0.4252	1.57079632679	1.5532	0	
20200423_221942.537826	3.06161699787e-17	0.0322	0.5	0.4253	1.57079632679	1.5572	0	
20200423_221942.547353	3.06161699787e-17	0.0322	0.5	0.4253	1.57079632679	1.5572	0	
20200423_221942.557848	3.06161699787e-17	0.0322	0.5	0.4253	1.57079632679	1.5575	0	
20200423_221942.563011	3.06161699787e-17	0.0322	0.5	0.4254	1.57079632679	1.5571	0	
20200423_221942.570795	3.06161699787e-17	0.0319	0.5	0.4253	1.57079632679	1.5534	0	
20200423_221942.579160	3.06161699787e-17	0.0322	0.5	0.4254	1.57079632679	1.5573	0	
20200423_221942.587408	3.06161699787e-17	0.0321	0.5	0.4254	1.57079632679	1.5574	0	
20200423_221942.595513	3.06161699787e-17	0.0322	0.5	0.4254	1.57079632679	1.5574	0	
20200423_221942.603982	3.06161699787e-17	0.032	0.5	0.4252	1.57079632679	1.5538	0	
20200423_221942.613311	3.06161699787e-17	0.0322	0.5	0.4253	1.57079632679	1.5574	0	
20200423_221942.620911	3.06161699787e-17	0.0322	0.5	0.4253	1.57079632679	1.5575	0	
20200423_221942.629305	3.06161699787e-17	0.0322	0.5	0.4253	1.57079632679	1.5575	0	
20200423_221942.637364	3.06161699787e-17	0.0322	0.5	0.4254	1.57079632679	1.5574	0	
20200423_221942.645878	3.06161699787e-17	0.0322	0.5	0.4254	1.57079632679	1.5573	0	
20200423_221942.654309	3.06161699787e-17	0.032	0.5	0.4252	1.57079632679	1.5532	0	
20200423_221942.662673	3.06161699787e-17	0.0322	0.5	0.4254	1.57079632679	1.557	0	
20200423_221942.671831	3.06161699787e-17	0.0322	0.5	0.4254	1.57079632679	1.5573	0	
20200423_221942.679785	3.06161699787e-17	0.0322	0.5	0.4253	1.57079632679	1.5571	0	
20200423_221942.687932	3.06161699787e-17	0.032	0.5	0.4252	1.57079632679	1.5536	0	
20200423_221942.696432	3.06161699787e-17	0.0322	0.5	0.4253	1.57079632679	1.5572	0	
20200423_221942.704710	3.06161699787e-17	0.0322	0.5	0.4253	1.57079632679	1.5572	0	
20200423_221942.713450	3.06161699787e-17	0.0322	0.5	0.4253	1.57079632679	1.5572	0	
20200423_221942.721988	3.06161699787e-17	0.032	0.5	0.4252	1.57079632679	1.5533	0	
20200423_221942.729346	3.06161699787e-17	0.0322	0.5	0.4253	1.57079632679	1.5571	0	
20200423_221942.738012	3.06161699787e-17	0.032	0.5	0.4252	1.57079632679	1.5532	0	
20200423_221942.746825	3.06161699787e-17	0.0322	0.5	0.4253	1.57079632679	1.5569	0	
20200423_221942.754549	3.06161699787e-17	0.0322	0.5	0.4253	1.57079632679	1.5569	0	
20200423_221942.762673	3.06161699787e-17	0.0322	0.5	0.4253	1.57079632679	1.557	0	
20200423_221942.771119	3.06161699787e-17	0.0322	0.5	0.4253	1.57079632679	1.557	0	
20200423_221942.779493	3.06161699787e-17	0.0322	0.5	0.4253	1.57079632679	1.5568	0	
20200423_221942.787710	3.06161699787e-17	0.0322	0.5	0.4253	1.57079632679	1.5571	0	
20200423_221942.796201	3.06161699787e-17	0.0322	0.5	0.4253	1.57079632679	1.5571	0	
20200423_221942.804703	3.06161699787e-17	0.032	0.5	0.4252	1.57079632679	1.5529	0	
20200423_221942.813141	3.06161699787e-17	0.0322	0.5	0.4253	1.57079632679	1.5571	0	
20200423_221942.820910	3.06161699787e-17	0.032	0.5	0.4252	1.57079632679	1.5532	0	
20200423_221942.829955	3.06161699787e-17	0.0322	0.5	0.4253	1.57079632679	1.5572	0	
20200423_221942.837993	3.06161699787e-17	0.0322	0.5	0.4253	1.57079632679	1.557	0	
20200423_221942.846980	3.06161699787e-17	0.0322	0.5	0.4253	1.57079632679	1.5574	0	
20200423_221942.854791	3.06161699787e-17	0.0322	0.5	0.4253	1.57079632679	1.5572	0	
20200423_221942.863095	3.06161699787e-17	0.032	0.5	0.4252	1.57079632679	1.5535	0	
20200423_221942.870953	3.06161699787e-17	0.0322	0.5	0.4253	1.57079632679	1.5572	0	
20200423_221942.879756	3.06161699787e-17	0.0322	0.5	0.4253	1.57079632679	1.5568	0	
20200423_221942.888819	3.06161699787e-17	0.0322	0.5	0.4253	1.57079632679	1.5571	0	
20200423_221942.896540	3.06161699787e-17	0.0322	0.5	0.4253	1.57079632679	1.5571	0	
20200423_221942.904169	3.06161699787e-17	0.032	0.5	0.4252	1.57079632679	1.553	0	
20200423_221942.914379	3.06161699787e-17	0.0322	0.5	0.4253	1.57079632679	1.5573	0	
20200423_221942.921502	3.06161699787e-17	0.032	0.5	0.4252	1.57079632679	1.5535	0	
20200423_221942.929659	3.06161699787e-17	0.0322	0.5	0.4253	1.57079632679	1.5573	0	
20200423_221942.937733	3.06161699787e-17	0.0322	0.5	0.4253	1.57079632679	1.5569	0	
20200423_221942.946293	3.06161699787e-17	0.0322	0.5	0.4253	1.57079632679	1.5568	0	
20200423_221942.954712	3.06161699787e-17	0.0322	0.5	0.4253	1.57079632679	1.5567	0	
20200423_221942.963095	3.06161699787e-17	0.0322	0.5	0.4253	1.57079632679	1.5569	0	
20200423_221942.971148	3.06161699787e-17	0.0322	0.5	0.4253	1.57079632679	1.5568	0	
20200423_221942.979996	3.06161699787e-17	0.0322	0.5	0.4254	1.57079632679	1.5569	0	
20200423_221942.987862	3.06161699787e-17	0.0319	0.5	0.4252	1.57079632679	1.5533	0	
20200423_221942.996475	3.06161699787e-17	0.0322	0.5	0.4253	1.57079632679	1.5567	0	
20200423_221943.004591	3.06161699787e-17	0.0322	0.5	0.4254	1.57079632679	1.5569	0	
20200423_221943.013002	3.06161699787e-17	0.0322	0.5	0.4253	1.57079632679	1.5566	0	
20200423_221943.021174	3.06161699787e-17	0.032	0.5	0.4252	1.57079632679	1.5525	0	
20200423_221943.030387	3.06161699787e-17	0.0322	0.5	0.4253	1.57079632679	1.557	0	
20200423_221943.037897	3.06161699787e-17	0.0322	0.5	0.4253	1.57079632679	1.5569	0	
20200423_221943.046097	3.06161699787e-17	0.0322	0.5	0.4253	1.57079632679	1.557	0	
20200423_221943.055448	3.06161699787e-17	0.0322	0.5	0.4253	1.57079632679	1.5567	0	
20200423_221943.062487	3.06161699787e-17	0.0322	0.5	0.4254	1.57079632679	1.5569	0	
20200423_221943.070766	3.06161699787e-17	0.032	0.5	0.4252	1.57079632679	1.5532	0	
20200423_221943.079647	3.06161699787e-17	0.0322	0.5	0.4254	1.57079632679	1.557	0	
20200423_221943.088013	3.06161699787e-17	0.0322	0.5	0.4254	1.57079632679	1.557	0	
20200423_221943.096582	3.06161699787e-17	0.032	0.5	0.4252	1.57079632679	1.553	0	
20200423_221943.105044	3.06161699787e-17	0.0322	0.5	0.4253	1.57079632679	1.5571	0	
20200423_221943.115490	3.06161699787e-17	0.0322	0.5	0.4253	1.57079632679	1.557	0	
20200423_221943.120972	3.06161699787e-17	0.0322	0.5	0.4253	1.57079632679	1.5569	0	
20200423_221943.129682	3.06161699787e-17	0.0322	0.5	0.4253	1.57079632679	1.5567	0	
20200423_221943.137653	3.06161699787e-17	0.0322	0.5	0.4254	1.57079632679	1.5571	0	
20200423_221943.146210	3.06161699787e-17	0.032	0.5	0.4252	1.57079632679	1.553	0	
20200423_221943.154670	3.06161699787e-17	0.0323	0.5	0.4252	1.57079632679	1.5539	0	
20200423_221943.162661	3.06161699787e-17	0.032	0.5	0.4252	1.57079632679	1.5526	0	
20200423_221943.171390	3.06161699787e-17	0.0322	0.5	0.4254	1.57079632679	1.5569	0	
20200423_221943.179784	3.06161699787e-17	0.032	0.5	0.4252	1.57079632679	1.5532	0	
20200423_221943.187773	3.06161699787e-17	0.0322	0.5	0.4253	1.57079632679	1.5569	0	
20200423_221943.196110	3.06161699787e-17	0.0322	0.5	0.4253	1.57079632679	1.5568	0	
20200423_221943.204882	3.06161699787e-17	0.0322	0.5	0.4253	1.57079632679	1.557	0	
20200423_221943.213718	3.06161699787e-17	0.0322	0.5	0.4253	1.57079632679	1.5568	0	
20200423_221943.221279	3.06161699787e-17	0.0322	0.5	0.4253	1.57079632679	1.5571	0	
20200423_221943.229402	3.06161699787e-17	0.0321	0.5	0.425	1.57079632679	1.5483	0	
20200423_221943.237724	3.06161699787e-17	0.0322	0.5	0.4254	1.57079632679	1.557	0	
20200423_221943.246286	3.06161699787e-17	0.032	0.5	0.4252	1.57079632679	1.5532	0	
20200423_221943.254547	3.06161699787e-17	0.0322	0.5	0.4254	1.57079632679	1.5572	0	
20200423_221943.262708	3.06161699787e-17	0.0322	0.5	0.4253	1.57079632679	1.5572	0	
20200423_221943.271773	3.06161699787e-17	0.0322	0.5	0.4253	1.57079632679	1.5568	0	
20200423_221943.280410	3.06161699787e-17	0.0322	0.5	0.4253	1.57079632679	1.5568	0	
20200423_221943.288835	3.06161699787e-17	0.0322	0.5	0.4254	1.57079632679	1.5572	0	
20200423_221943.296036	3.06161699787e-17	0.032	0.5	0.4252	1.57079632679	1.5527	0	
20200423_221943.304207	3.06161699787e-17	0.0323	0.5	0.4252	1.57079632679	1.5533	0	
20200423_221943.314445	3.06161699787e-17	0.032	0.5	0.4252	1.57079632679	1.553	0	
20200423_221943.322116	3.06161699787e-17	0.0322	0.5	0.4253	1.57079632679	1.5568	0	
20200423_221943.329960	3.06161699787e-17	0.032	0.5	0.4252	1.57079632679	1.5534	0	
20200423_221943.337676	3.06161699787e-17	0.0321	0.5	0.4253	1.57079632679	1.5573	0	
20200423_221943.346258	3.06161699787e-17	0.0322	0.5	0.4253	1.57079632679	1.5573	0	
20200423_221943.354611	3.06161699787e-17	0.0322	0.5	0.4253	1.57079632679	1.5567	0	
20200423_221943.362567	3.06161699787e-17	0.0322	0.5	0.4253	1.57079632679	1.5568	0	
20200423_221943.371526	3.06161699787e-17	0.0322	0.5	0.4253	1.57079632679	1.557	0	
20200423_221943.379636	3.06161699787e-17	0.032	0.5	0.4252	1.57079632679	1.5526	0	
20200423_221943.388119	3.06161699787e-17	0.0322	0.5	0.4254	1.57079632679	1.5574	0	
20200423_221943.396744	3.06161699787e-17	0.0322	0.5	0.4253	1.57079632679	1.557	0	
20200423_221943.404313	3.06161699787e-17	0.032	0.5	0.4252	1.57079632679	1.5532	0	
20200423_221943.412941	3.06161699787e-17	0.0322	0.5	0.4253	1.57079632679	1.5572	0	
20200423_221943.421464	3.06161699787e-17	0.0322	0.5	0.4253	1.57079632679	1.5573	0	
20200423_221943.429800	3.06161699787e-17	0.0322	0.5	0.4253	1.57079632679	1.557	0	
20200423_221943.438157	3.06161699787e-17	0.0322	0.5	0.4253	1.57079632679	1.5571	0	
20200423_221943.446444	3.06161699787e-17	0.0322	0.5	0.4253	1.57079632679	1.5573	0	
20200423_221943.454600	3.06161699787e-17	0.0319	0.5	0.4252	1.57079632679	1.5534	0	
20200423_221943.463112	3.06161699787e-17	0.0322	0.5	0.4252	1.57079632679	1.5536	0	
20200423_221943.470993	3.06161699787e-17	0.032	0.5	0.4252	1.57079632679	1.5532	0	
20200423_221943.479582	3.06161699787e-17	0.0322	0.5	0.4253	1.57079632679	1.557	0	
20200423_221943.493938	3.06161699787e-17	0.032	0.5	0.4251	1.57079632679	1.5534	0	
20200423_221943.496172	3.06161699787e-17	0.0322	0.5	0.4253	1.57079632679	1.5573	0	
20200423_221943.504705	3.06161699787e-17	0.0322	0.5	0.4253	1.57079632679	1.5575	0	
20200423_221943.512654	3.06161699787e-17	0.0322	0.5	0.4253	1.57079632679	1.5572	0	
20200423_221943.521753	3.06161699787e-17	0.0322	0.5	0.4253	1.57079632679	1.5571	0	
20200423_221943.529493	3.06161699787e-17	0.0321	0.5	0.4253	1.57079632679	1.5568	0	
20200423_221943.538284	3.06161699787e-17	0.0321	0.5	0.425	1.57079632679	1.5481	0	
20200423_221943.546863	3.06161699787e-17	0.0323	0.5	0.4252	1.57079632679	1.5539	0	
20200423_221943.554655	3.06161699787e-17	0.032	0.5	0.4252	1.57079632679	1.553	0	
20200423_221943.562570	3.06161699787e-17	0.0322	0.5	0.4254	1.57079632679	1.5572	0	
20200423_221943.570643	3.06161699787e-17	0.0322	0.5	0.4254	1.57079632679	1.5574	0	
20200423_221943.580155	3.06161699787e-17	0.0322	0.5	0.4253	1.57079632679	1.557	0	
20200423_221943.588225	3.06161699787e-17	0.0322	0.5	0.4253	1.57079632679	1.5572	0	
20200423_221943.595781	3.06161699787e-17	0.0322	0.5	0.4253	1.57079632679	1.5572	0	
20200423_221943.604090	3.06161699787e-17	0.0322	0.5	0.4254	1.57079632679	1.5574	0	
20200423_221943.612665	3.06161699787e-17	0.0321	0.5	0.425	1.57079632679	1.5481	0	
20200423_221943.620727	3.06161699787e-17	0.0323	0.5	0.4252	1.57079632679	1.5535	0	
20200423_221943.629002	3.06161699787e-17	0.032	0.5	0.4252	1.57079632679	1.5535	0	
20200423_221943.637443	3.06161699787e-17	0.0322	0.5	0.4253	1.57079632679	1.5569	0	
20200423_221943.645880	3.06161699787e-17	0.032	0.5	0.4252	1.57079632679	1.5534	0	
20200423_221943.654378	3.06161699787e-17	0.0322	0.5	0.4253	1.57079632679	1.5572	0	
20200423_221943.662568	3.06161699787e-17	0.0322	0.5	0.4253	1.57079632679	1.5569	0	
20200423_221943.671566	3.06161699787e-17	0.0322	0.5	0.4253	1.57079632679	1.5571	0	
20200423_221943.679947	3.06161699787e-17	0.0322	0.5	0.4253	1.57079632679	1.557	0	
20200423_221943.688207	3.06161699787e-17	0.0322	0.5	0.4253	1.57079632679	1.5571	0	
20200423_221943.696982	3.06161699787e-17	0.032	0.5	0.4252	1.57079632679	1.5529	0	
20200423_221943.705038	3.06161699787e-17	0.0322	0.5	0.4253	1.57079632679	1.5571	0	
20200423_221943.712877	3.06161699787e-17	0.0322	0.5	0.4253	1.57079632679	1.5572	0	
20200423_221943.721004	3.06161699787e-17	0.032	0.5	0.4252	1.57079632679	1.5533	0	
20200423_221943.729372	3.06161699787e-17	0.0322	0.5	0.4253	1.57079632679	1.5569	0	
20200423_221943.738376	3.06161699787e-17	0.0322	0.5	0.4253	1.57079632679	1.5568	0	
20200423_221943.746198	3.06161699787e-17	0.0322	0.5	0.4253	1.57079632679	1.5567	0	
20200423_221943.754996	3.06161699787e-17	0.0322	0.5	0.4253	1.57079632679	1.557	0	
20200423_221943.763261	3.06161699787e-17	0.0322	0.5	0.4253	1.57079632679	1.5569	0	
20200423_221943.771168	3.06161699787e-17	0.0319	0.5	0.4252	1.57079632679	1.5533	0	
20200423_221943.779725	3.06161699787e-17	0.0321	0.5	0.425	1.57079632679	1.5507	0	
20200423_221943.788032	3.06161699787e-17	0.0321	0.5	0.425	1.57079632679	1.5504	0	
20200423_221943.796436	3.06161699787e-17	0.032	0.5	0.4252	1.57079632679	1.5529	0	
20200423_221943.804239	3.06161699787e-17	0.0322	0.5	0.4253	1.57079632679	1.5565	0	
20200423_221943.813301	3.06161699787e-17	0.0322	0.5	0.4253	1.57079632679	1.5566	0	
20200423_221943.821271	3.06161699787e-17	0.0322	0.5	0.4253	1.57079632679	1.5564	0	
20200423_221943.829432	3.06161699787e-17	0.0322	0.5	0.4253	1.57079632679	1.5564	0	
20200423_221943.837747	3.06161699787e-17	0.0322	0.5	0.4253	1.57079632679	1.5563	0	
20200423_221943.845947	3.06161699787e-17	0.0322	0.5	0.4253	1.57079632679	1.5566	0	
20200423_221943.854600	3.06161699787e-17	0.032	0.5	0.4252	1.57079632679	1.5528	0	
20200423_221943.863196	3.06161699787e-17	0.0322	0.5	0.4253	1.57079632679	1.5565	0	
20200423_221943.871461	3.06161699787e-17	0.032	0.5	0.4252	1.57079632679	1.553	0	
20200423_221943.879478	3.06161699787e-17	0.0322	0.5	0.4253	1.57079632679	1.5565	0	
20200423_221943.888024	3.06161699787e-17	0.0322	0.5	0.4253	1.57079632679	1.5566	0	
20200423_221943.896245	3.06161699787e-17	0.0322	0.5	0.4253	1.57079632679	1.5566	0	
20200423_221943.904422	3.06161699787e-17	0.0322	0.5	0.4253	1.57079632679	1.5566	0	
20200423_221943.912972	3.06161699787e-17	0.0322	0.5	0.4253	1.57079632679	1.5566	0	
20200423_221943.921678	3.06161699787e-17	0.0322	0.5	0.4253	1.57079632679	1.5569	0	
20200423_221943.929645	3.06161699787e-17	0.032	0.5	0.4252	1.57079632679	1.5526	0	
20200423_221943.938032	3.06161699787e-17	0.0322	0.5	0.4253	1.57079632679	1.5568	0	
20200423_221943.947062	3.06161699787e-17	0.0322	0.5	0.4253	1.57079632679	1.5568	0	
20200423_221943.954543	3.06161699787e-17	0.0322	0.5	0.4253	1.57079632679	1.5568	0	
20200423_221943.963130	3.06161699787e-17	0.032	0.5	0.4252	1.57079632679	1.5533	0	
20200423_221943.971691	3.06161699787e-17	0.0322	0.5	0.4253	1.57079632679	1.5568	0	
20200423_221943.981605	3.06161699787e-17	0.0322	0.5	0.4253	1.57079632679	1.5568	0	
20200423_221943.987906	3.06161699787e-17	0.0322	0.5	0.4253	1.57079632679	1.5568	0	
20200423_221943.996323	3.06161699787e-17	0.0322	0.5	0.4253	1.57079632679	1.557	0	
20200423_221944.004530	3.06161699787e-17	0.0322	0.5	0.4253	1.57079632679	1.5568	0	
20200423_221944.013011	3.06161699787e-17	0.032	0.5	0.4252	1.57079632679	1.5524	0	
20200423_221944.023261	3.06161699787e-17	0.0322	0.5	0.4253	1.57079632679	1.557	0	
20200423_221944.029442	3.06161699787e-17	0.0322	0.5	0.4253	1.57079632679	1.5567	0	
20200423_221944.037749	3.06161699787e-17	0.0322	0.5	0.4253	1.57079632679	1.5566	0	
20200423_221944.046752	3.06161699787e-17	0.032	0.5	0.4252	1.57079632679	1.5529	0	
20200423_221944.054909	3.06161699787e-17	0.0322	0.5	0.4253	1.57079632679	1.5567	0	
20200423_221944.062721	3.06161699787e-17	0.0322	0.5	0.4252	1.57079632679	1.5565	0	
20200423_221944.071319	3.06161699787e-17	0.0322	0.5	0.4253	1.57079632679	1.5569	0	
20200423_221944.080041	3.06161699787e-17	0.0322	0.5	0.4253	1.57079632679	1.5569	0	
20200423_221944.087901	3.06161699787e-17	0.0322	0.5	0.4253	1.57079632679	1.5568	0	
20200423_221944.095995	3.06161699787e-17	0.032	0.5	0.4252	1.57079632679	1.5527	0	
20200423_221944.104563	3.06161699787e-17	0.0322	0.5	0.4253	1.57079632679	1.5567	0	
20200423_221944.112718	3.06161699787e-17	0.0322	0.5	0.4253	1.57079632679	1.5568	0	
20200423_221944.121317	3.06161699787e-17	0.032	0.5	0.4252	1.57079632679	1.5528	0	
20200423_221944.129769	3.06161699787e-17	0.0322	0.5	0.4253	1.57079632679	1.5566	0	
20200423_221944.138432	3.06161699787e-17	0.0322	0.5	0.4253	1.57079632679	1.5565	0	
20200423_221944.146093	3.06161699787e-17	0.0322	0.5	0.4253	1.57079632679	1.5568	0	
20200423_221944.160985	3.06161699787e-17	0.0322	0.5	0.4253	1.57079632679	1.5565	0	
20200423_221944.162864	3.06161699787e-17	0.0322	0.5	0.4253	1.57079632679	1.5568	0	
20200423_221944.183250	3.06161699787e-17	0.0319	0.5	0.4252	1.57079632679	1.5533	0	
20200423_221944.183737	3.06161699787e-17	0.0322	0.5	0.4253	1.57079632679	1.5566	0	
20200423_221944.192706	3.06161699787e-17	0.0322	0.5	0.4253	1.57079632679	1.5565	0	
20200423_221944.198519	3.06161699787e-17	0.0322	0.5	0.4253	1.57079632679	1.5567	0	
20200423_221944.204562	3.06161699787e-17	0.032	0.5	0.4252	1.57079632679	1.5531	0	
20200423_221944.213405	3.06161699787e-17	0.0322	0.5	0.4253	1.57079632679	1.557	0	
20200423_221944.220853	3.06161699787e-17	0.0322	0.5	0.4253	1.57079632679	1.5571	0	
20200423_221944.229037	3.06161699787e-17	0.0322	0.5	0.4253	1.57079632679	1.557	0	
20200423_221944.237724	3.06161699787e-17	0.0322	0.5	0.4253	1.57079632679	1.5568	0	
20200423_221944.246204	3.06161699787e-17	0.0322	0.5	0.4253	1.57079632679	1.5571	0	
20200423_221944.254885	3.06161699787e-17	0.032	0.5	0.4252	1.57079632679	1.5532	0	
20200423_221944.263432	3.06161699787e-17	0.0322	0.5	0.4253	1.57079632679	1.5571	0	
20200423_221944.271211	3.06161699787e-17	0.0322	0.5	0.4253	1.57079632679	1.5571	0	
20200423_221944.279581	3.06161699787e-17	0.032	0.5	0.4252	1.57079632679	1.553	0	
20200423_221944.290075	3.06161699787e-17	0.0322	0.5	0.4253	1.57079632679	1.5571	0	
20200423_221944.296087	3.06161699787e-17	0.0322	0.5	0.4253	1.57079632679	1.5569	0	
20200423_221944.304790	3.06161699787e-17	0.0322	0.5	0.4253	1.57079632679	1.5571	0	
20200423_221944.313129	3.06161699787e-17	0.0322	0.5	0.4253	1.57079632679	1.5573	0	
20200423_221944.321612	3.06161699787e-17	0.0322	0.5	0.4253	1.57079632679	1.5571	0	
20200423_221944.329437	3.06161699787e-17	0.0322	0.5	0.4253	1.57079632679	1.5573	0	
20200423_221944.337515	3.06161699787e-17	0.032	0.5	0.4251	1.57079632679	1.553	0	
20200423_221944.345811	3.06161699787e-17	0.0322	0.5	0.4253	1.57079632679	1.5571	0	
20200423_221944.354402	3.06161699787e-17	0.0322	0.5	0.4253	1.57079632679	1.5573	0	
20200423_221944.363220	3.06161699787e-17	0.032	0.5	0.4251	1.57079632679	1.553	0	
20200423_221944.371134	3.06161699787e-17	0.0322	0.5	0.4253	1.57079632679	1.5574	0	
20200423_221944.380476	3.06161699787e-17	0.0322	0.5	0.4253	1.57079632679	1.5573	0	
20200423_221944.387781	3.06161699787e-17	0.0322	0.5	0.4253	1.57079632679	1.5569	0	
20200423_221944.396237	3.06161699787e-17	0.0322	0.5	0.4253	1.57079632679	1.5568	0	
20200423_221944.404802	3.06161699787e-17	0.0322	0.5	0.4253	1.57079632679	1.5563	0	
20200423_221944.413519	3.06161699787e-17	0.032	0.5	0.4252	1.57079632679	1.5526	0	
20200423_221944.421236	3.06161699787e-17	0.0321	0.5	0.4253	1.57079632679	1.5571	0	
20200423_221944.429414	3.06161699787e-17	0.0322	0.5	0.4253	1.57079632679	1.5567	0	
20200423_221944.438475	3.06161699787e-17	0.0319	0.5	0.4252	1.57079632679	1.5531	0	
20200423_221944.448033	3.06161699787e-17	0.0322	0.5	0.4253	1.57079632679	1.5566	0	
20200423_221944.454234	3.06161699787e-17	0.0322	0.5	0.4253	1.57079632679	1.5568	0	
20200423_221944.463959	3.06161699787e-17	0.0322	0.5	0.4253	1.57079632679	1.5567	0	
20200423_221944.471555	3.06161699787e-17	0.0322	0.5	0.4253	1.57079632679	1.5568	0	
20200423_221944.479312	3.06161699787e-17	0.0322	0.5	0.4253	1.57079632679	1.5569	0	
20200423_221944.488377	3.06161699787e-17	0.0322	0.5	0.4253	1.57079632679	1.5567	0	
20200423_221944.496545	3.06161699787e-17	0.032	0.5	0.4252	1.57079632679	1.5526	0	
20200423_221944.504434	3.06161699787e-17	0.0322	0.5	0.4253	1.57079632679	1.5569	0	
20200423_221944.512831	3.06161699787e-17	0.0322	0.5	0.4253	1.57079632679	1.557	0	
20200423_221944.521330	3.06161699787e-17	0.032	0.5	0.4252	1.57079632679	1.5528	0	
20200423_221944.529634	3.06161699787e-17	0.0322	0.5	0.4253	1.57079632679	1.5567	0	
20200423_221944.537898	3.06161699787e-17	0.0322	0.5	0.4253	1.57079632679	1.5569	0	
20200423_221944.546407	3.06161699787e-17	0.0322	0.5	0.4253	1.57079632679	1.557	0	
20200423_221944.554453	3.06161699787e-17	0.0322	0.5	0.4253	1.57079632679	1.5571	0	
20200423_221944.562654	3.06161699787e-17	0.0322	0.5	0.4253	1.57079632679	1.557	0	
20200423_221944.570896	3.06161699787e-17	0.032	0.5	0.4252	1.57079632679	1.5529	0	
20200423_221944.579296	3.06161699787e-17	0.0322	0.5	0.4253	1.57079632679	1.5569	0	
20200423_221944.588138	3.06161699787e-17	0.0322	0.5	0.4253	1.57079632679	1.5569	0	
20200423_221944.595694	3.06161699787e-17	0.0322	0.5	0.4253	1.57079632679	1.5569	0	
20200423_221944.604126	3.06161699787e-17	0.032	0.5	0.4252	1.57079632679	1.5534	0	
20200423_221944.612748	3.06161699787e-17	0.0322	0.5	0.4253	1.57079632679	1.5572	0	
20200423_221944.621232	3.06161699787e-17	0.0322	0.5	0.4253	1.57079632679	1.557	0	
20200423_221944.628949	3.06161699787e-17	0.0322	0.5	0.4253	1.57079632679	1.5568	0	
20200423_221944.637723	3.06161699787e-17	0.0322	0.5	0.4253	1.57079632679	1.557	0	
20200423_221944.645864	3.06161699787e-17	0.0322	0.5	0.4253	1.57079632679	1.5569	0	
20200423_221944.654507	3.06161699787e-17	0.032	0.5	0.4252	1.57079632679	1.553	0	
20200423_221944.663045	3.06161699787e-17	0.0322	0.5	0.4253	1.57079632679	1.5569	0	
20200423_221944.671569	3.06161699787e-17	0.0322	0.5	0.4253	1.57079632679	1.5567	0	
20200423_221944.679763	3.06161699787e-17	0.032	0.5	0.4252	1.57079632679	1.553	0	
20200423_221944.693862	3.06161699787e-17	0.0322	0.5	0.4253	1.57079632679	1.5572	0	
20200423_221944.695894	3.06161699787e-17	0.0322	0.5	0.4253	1.57079632679	1.557	0	
20200423_221944.704269	3.06161699787e-17	0.0322	0.5	0.4253	1.57079632679	1.5569	0	
20200423_221944.713132	3.06161699787e-17	0.0322	0.5	0.4253	1.57079632679	1.557	0	
20200423_221944.721138	3.06161699787e-17	0.0321	0.5	0.4253	1.57079632679	1.5573	0	
20200423_221944.729641	3.06161699787e-17	0.0319	0.5	0.4252	1.57079632679	1.5538	0	
20200423_221944.737972	3.06161699787e-17	0.0322	0.5	0.4252	1.57079632679	1.5539	0	
20200423_221944.747322	3.06161699787e-17	0.032	0.5	0.4252	1.57079632679	1.5532	0	
20200423_221944.755451	3.06161699787e-17	0.0322	0.5	0.4253	1.57079632679	1.5567	0	
20200423_221944.763899	3.06161699787e-17	0.032	0.5	0.4252	1.57079632679	1.5534	0	
20200423_221944.772154	3.06161699787e-17	0.0322	0.5	0.4253	1.57079632679	1.5572	0	
20200423_221944.779507	3.06161699787e-17	0.0322	0.5	0.4252	1.57079632679	1.557	0	
20200423_221944.788548	3.06161699787e-17	0.0322	0.5	0.4252	1.57079632679	1.5572	0	
20200423_221944.797388	3.06161699787e-17	0.0322	0.5	0.4253	1.57079632679	1.557	0	
20200423_221944.805516	3.06161699787e-17	0.0322	0.5	0.4253	1.57079632679	1.5575	0	
20200423_221944.813829	3.06161699787e-17	0.032	0.5	0.4252	1.57079632679	1.5529	0	
20200423_221944.821973	3.06161699787e-17	0.0322	0.5	0.4253	1.57079632679	1.5569	0	
20200423_221944.831365	3.06161699787e-17	0.0322	0.5	0.4253	1.57079632679	1.5569	0	
20200423_221944.837810	3.06161699787e-17	0.032	0.5	0.4252	1.57079632679	1.5535	0	
20200423_221944.846139	3.06161699787e-17	0.0322	0.5	0.4253	1.57079632679	1.5574	0	
20200423_221944.854692	3.06161699787e-17	0.0322	0.5	0.4253	1.57079632679	1.5573	0	
20200423_221944.864174	3.06161699787e-17	0.0322	0.5	0.4253	1.57079632679	1.5574	0	
20200423_221944.871241	3.06161699787e-17	0.0322	0.5	0.4253	1.57079632679	1.5577	0	
