Time	X_Setpt	X_FB	Y_Setpt	Y_FB	Theta_Setpt	Theta_FB	Motion Status	
20200424_210631.456042	-9.18485099361e-17	-0.8007	-0.5	-1.0621	-1.57079632679	-2.2192	1	
20200424_210631.548684	-9.18485099361e-17	-0.8008	-0.5	-1.0622	-1.57079632679	-2.2162	1	
20200424_210631.647915	-9.18485099361e-17	-0.8051	-0.5	-1.0662	-1.57079632679	-2.1573	1	
20200424_210631.748932	-9.18485099361e-17	-0.8125	-0.5	-1.0731	-1.57079632679	-2.0542	1	
20200424_210631.848014	-9.18485099361e-17	-0.8208	-0.5	-1.0819	-1.57079632679	-1.9315	1	
20200424_210631.948301	-9.18485099361e-17	-0.8271	-0.5	-1.0902	-1.57079632679	-1.7916	1	
20200424_210632.047879	-9.18485099361e-17	-0.8323	-0.5	-1.1006	-1.57079632679	-1.6608	1	
20200424_210632.148766	-9.18485099361e-17	-0.8361	-0.5	-1.1107	-1.57079632679	-1.5362	1	
20200424_210632.248437	-9.18485099361e-17	-0.8395	-0.5	-1.1221	-1.57079632679	-1.3976	1	
20200424_210632.347855	-9.18485099361e-17	-0.8406	-0.5	-1.1323	-1.57079632679	-1.2761	1	
20200424_210632.447900	-9.18485099361e-17	-0.8408	-0.5	-1.1443	-1.57079632679	-1.167	1	
20200424_210632.652436	-9.18485099361e-17	-0.8368	-0.5	-1.166	-1.57079632679	-0.9166	1	
20200424_210632.654417	-9.18485099361e-17	-0.8364	-0.5	-1.1678	-1.57079632679	-0.8933	1	
20200424_210632.748941	-9.18485099361e-17	-0.8314	-0.5	-1.1778	-1.57079632679	-0.785	1	
20200424_210632.848726	-9.18485099361e-17	-0.8279	-0.5	-1.1845	-1.57079632679	-0.6674	1	
20200424_210632.950349	-9.18485099361e-17	-0.8228	-0.5	-1.1931	-1.57079632679	-0.5527	1	
20200424_210633.048227	-9.18485099361e-17	-0.8145	-0.5	-1.2023	-1.57079632679	-0.4312	1	
20200424_210633.147956	-9.18485099361e-17	-0.8064	-0.5	-1.2101	-1.57079632679	-0.3066	1	
20200424_210633.247780	-9.18485099361e-17	-0.7959	-0.5	-1.2164	-1.57079632679	-0.1801	1	
20200424_210633.349344	-9.18485099361e-17	-0.7857	-0.5	-1.2221	-1.57079632679	-0.0523	1	
20200424_210633.449532	-9.18485099361e-17	-0.7742	-0.5	-1.226	-1.57079632679	0.0732	1	
20200424_210633.548441	-9.18485099361e-17	-0.7624	-0.5	-1.2274	-1.57079632679	0.1956	1	
20200424_210633.647864	-9.18485099361e-17	-0.7506	-0.5	-1.2289	-1.57079632679	0.3242	1	
20200424_210633.748673	-9.18485099361e-17	-0.738	-0.5	-1.2286	-1.57079632679	0.4562	1	
20200424_210633.847812	-9.18485099361e-17	-0.7262	-0.5	-1.2257	-1.57079632679	0.5741	1	
20200424_210633.949086	-9.18485099361e-17	-0.7145	-0.5	-1.2205	-1.57079632679	0.6649	1	
20200424_210634.049252	-9.18485099361e-17	-0.7006	-0.5	-1.2127	-1.57079632679	0.7254	1	
20200424_210634.149015	-9.18485099361e-17	-0.6861	-0.5	-1.2009	-1.57079632679	0.7633	1	
20200424_210634.248153	-9.18485099361e-17	-0.6716	-0.5	-1.1883	-1.57079632679	0.7924	1	
20200424_210634.348811	-9.18485099361e-17	-0.6575	-0.5	-1.1737	-1.57079632679	0.7973	1	
20200424_210634.448038	-9.18485099361e-17	-0.6427	-0.5	-1.1599	-1.57079632679	0.802	1	
20200424_210634.548375	0.352671151375	-0.6284	-0.485410196625	-1.1453	-0.942477796077	0.8099	1	
20200424_210634.647838	0.352671151375	-0.6167	-0.485410196625	-1.1327	-0.942477796077	0.7819	1	
20200424_210634.748118	0.352671151375	-0.6056	-0.485410196625	-1.1195	-0.942477796077	0.7669	1	
20200424_210634.849658	0.352671151375	-0.5952	-0.485410196625	-1.1075	-0.942477796077	0.7229	1	
20200424_210634.949887	0.352671151375	-0.5839	-0.485410196625	-1.0963	-0.942477796077	0.6894	1	
20200424_210635.048824	0.352671151375	-0.5713	-0.485410196625	-1.0837	-0.942477796077	0.664	1	
20200424_210635.147747	0.352671151375	-0.5572	-0.485410196625	-1.0723	-0.942477796077	0.6399	1	
20200424_210635.247941	0.352671151375	-0.5447	-0.485410196625	-1.0614	-0.942477796077	0.6189	1	
20200424_210635.348453	0.352671151375	-0.5293	-0.485410196625	-1.0497	-0.942477796077	0.6214	1	
20200424_210635.448951	0.352671151375	-0.5128	-0.485410196625	-1.0375	-0.942477796077	0.6359	1	
20200424_210635.548171	0.352671151375	-0.4968	-0.485410196625	-1.0265	-0.942477796077	0.6506	1	
20200424_210635.648702	0.352671151375	-0.481	-0.485410196625	-1.0149	-0.942477796077	0.6498	1	
20200424_210635.747919	0.352671151375	-0.4641	-0.485410196625	-1.0019	-0.942477796077	0.6589	1	
20200424_210635.847977	0.352671151375	-0.448	-0.485410196625	-0.9895	-0.942477796077	0.6558	1	
20200424_210635.949354	0.352671151375	-0.4324	-0.485410196625	-0.9776	-0.942477796077	0.6293	1	
20200424_210636.048671	0.352671151375	-0.4178	-0.485410196625	-0.9659	-0.942477796077	0.6189	1	
20200424_210636.149192	0.352671151375	-0.4012	-0.485410196625	-0.9535	-0.942477796077	0.6159	1	
20200424_210636.248895	0.352671151375	-0.3847	-0.485410196625	-0.94	-0.942477796077	0.6156	1	
20200424_210636.348026	0.352671151375	-0.3687	-0.485410196625	-0.9289	-0.942477796077	0.6191	1	
20200424_210636.448498	0.352671151375	-0.3509	-0.485410196625	-0.9177	-0.942477796077	0.6289	1	
20200424_210636.549672	0.352671151375	-0.3363	-0.485410196625	-0.9053	-0.942477796077	0.6257	1	
20200424_210636.647890	0.352671151375	-0.3185	-0.485410196625	-0.8932	-0.942477796077	0.626	1	
20200424_210636.748557	0.352671151375	-0.3011	-0.485410196625	-0.8802	-0.942477796077	0.6242	1	
20200424_210636.849199	0.352671151375	-0.2857	-0.485410196625	-0.868	-0.942477796077	0.6267	1	
20200424_210636.948285	0.352671151375	-0.2689	-0.485410196625	-0.8556	-0.942477796077	0.6303	1	
20200424_210637.047956	0.352671151375	-0.2539	-0.485410196625	-0.8431	-0.942477796077	0.6281	1	
20200424_210637.148038	0.352671151375	-0.239	-0.485410196625	-0.8314	-0.942477796077	0.622	1	
20200424_210637.248977	0.352671151375	-0.2239	-0.485410196625	-0.8201	-0.942477796077	0.6009	1	
20200424_210637.350134	0.352671151375	-0.2098	-0.485410196625	-0.8097	-0.942477796077	0.5896	1	
20200424_210637.447919	0.352671151375	-0.1948	-0.485410196625	-0.7985	-0.942477796077	0.6072	1	
20200424_210637.548812	0.665739561407	-0.178	-0.216311896062	-0.787	-0.314159265359	0.6063	1	
20200424_210637.647870	0.665739561407	-0.1617	-0.216311896062	-0.7755	-0.314159265359	0.6179	1	
20200424_210637.748553	0.665739561407	-0.1439	-0.216311896062	-0.7625	-0.314159265359	0.6185	1	
20200424_210637.848309	0.665739561407	-0.1284	-0.216311896062	-0.7509	-0.314159265359	0.6144	1	
20200424_210637.947890	0.665739561407	-0.1118	-0.216311896062	-0.7383	-0.314159265359	0.6157	1	
20200424_210638.049475	0.665739561407	-0.0949	-0.216311896062	-0.7269	-0.314159265359	0.6233	1	
20200424_210638.149352	0.665739561407	-0.0785	-0.216311896062	-0.7151	-0.314159265359	0.624	1	
20200424_210638.247985	0.665739561407	-0.0645	-0.216311896062	-0.7042	-0.314159265359	0.6303	1	
20200424_210638.349649	0.665739561407	-0.0477	-0.216311896062	-0.6922	-0.314159265359	0.6427	1	
20200424_210638.449111	0.665739561407	-0.0313	-0.216311896062	-0.68	-0.314159265359	0.6488	1	
20200424_210638.549511	0.665739561407	-0.015	-0.216311896062	-0.6669	-0.314159265359	0.6484	1	
20200424_210638.647861	0.665739561407	0.001	-0.216311896062	-0.6541	-0.314159265359	0.6478	1	
20200424_210638.750644	0.665739561407	0.0159	-0.216311896062	-0.6424	-0.314159265359	0.6485	1	
20200424_210638.849217	0.665739561407	0.0321	-0.216311896062	-0.6285	-0.314159265359	0.6465	1	
20200424_210638.948059	0.665739561407	0.0494	-0.216311896062	-0.6152	-0.314159265359	0.6504	1	
20200424_210639.049612	0.665739561407	0.0641	-0.216311896062	-0.604	-0.314159265359	0.6661	1	
20200424_210639.148264	0.665739561407	0.0799	-0.216311896062	-0.5908	-0.314159265359	0.6629	1	
20200424_210639.250257	0.665739561407	0.0946	-0.216311896062	-0.5792	-0.314159265359	0.6601	1	
20200424_210639.349023	0.665739561407	0.1103	-0.216311896062	-0.5664	-0.314159265359	0.6438	1	
20200424_210639.449305	0.665739561407	0.1238	-0.216311896062	-0.5551	-0.314159265359	0.6281	1	
20200424_210639.548343	0.665739561407	0.1396	-0.216311896062	-0.5427	-0.314159265359	0.6197	1	
20200424_210639.648781	0.665739561407	0.1542	-0.216311896062	-0.5312	-0.314159265359	0.6281	1	
20200424_210639.747863	0.665739561407	0.1699	-0.216311896062	-0.5193	-0.314159265359	0.6432	1	
20200424_210639.848481	0.665739561407	0.1862	-0.216311896062	-0.5071	-0.314159265359	0.6498	1	
20200424_210639.948291	0.665739561407	0.2016	-0.216311896062	-0.4961	-0.314159265359	0.65	1	
20200424_210640.048658	0.665739561407	0.216	-0.216311896062	-0.4841	-0.314159265359	0.6462	1	
20200424_210640.148636	0.665739561407	0.2294	-0.216311896062	-0.4729	-0.314159265359	0.6266	1	
20200424_210640.248175	0.665739561407	0.2443	-0.216311896062	-0.4603	-0.314159265359	0.6118	1	
20200424_210640.349187	0.665739561407	0.2595	-0.216311896062	-0.4495	-0.314159265359	0.6039	1	
20200424_210640.447942	0.665739561407	0.2759	-0.216311896062	-0.4377	-0.314159265359	0.6075	1	
20200424_210640.549045	0.760845213036	0.2931	0.2472135955	-0.4263	0.314159265359	0.6124	1	
20200424_210640.648217	0.760845213036	0.3071	0.2472135955	-0.4182	0.314159265359	0.6694	1	
20200424_210640.748361	0.760845213036	0.3196	0.2472135955	-0.4107	0.314159265359	0.7326	1	
20200424_210640.848125	0.760845213036	0.3325	0.2472135955	-0.4005	0.314159265359	0.8071	1	
20200424_210640.949237	0.760845213036	0.344	0.2472135955	-0.3916	0.314159265359	0.8671	1	
20200424_210641.049165	0.760845213036	0.356	0.2472135955	-0.3779	0.314159265359	0.9238	1	
20200424_210641.148224	0.760845213036	0.3673	0.2472135955	-0.3646	0.314159265359	0.949	1	
20200424_210641.247952	0.760845213036	0.3791	0.2472135955	-0.3484	0.314159265359	0.9596	1	
20200424_210641.348191	0.760845213036	0.3909	0.2472135955	-0.3311	0.314159265359	0.9593	1	
20200424_210641.448854	0.760845213036	0.402	0.2472135955	-0.3146	0.314159265359	0.9663	1	
20200424_210641.548209	0.760845213036	0.413	0.2472135955	-0.2967	0.314159265359	0.9787	1	
20200424_210641.647808	0.760845213036	0.4246	0.2472135955	-0.2804	0.314159265359	0.9865	1	
20200424_210641.748759	0.760845213036	0.4354	0.2472135955	-0.2637	0.314159265359	0.9973	1	
20200424_210641.849252	0.760845213036	0.4453	0.2472135955	-0.2481	0.314159265359	1.0064	1	
20200424_210641.947914	0.760845213036	0.4558	0.2472135955	-0.2308	0.314159265359	1.0064	1	
20200424_210642.049248	0.760845213036	0.4657	0.2472135955	-0.2137	0.314159265359	1.0096	1	
20200424_210642.149709	0.760845213036	0.4757	0.2472135955	-0.1982	0.314159265359	1.0218	1	
20200424_210642.248627	0.760845213036	0.4853	0.2472135955	-0.1823	0.314159265359	1.0261	1	
20200424_210642.348347	0.760845213036	0.4959	0.2472135955	-0.1653	0.314159265359	1.0461	1	
20200424_210642.448421	0.760845213036	0.5057	0.2472135955	-0.1467	0.314159265359	1.0586	1	
20200424_210642.548130	0.760845213036	0.5152	0.2472135955	-0.1289	0.314159265359	1.049	1	
20200424_210642.648374	0.760845213036	0.5252	0.2472135955	-0.1111	0.314159265359	1.0576	1	
20200424_210642.749313	0.760845213036	0.5356	0.2472135955	-0.0933	0.314159265359	1.0619	1	
20200424_210642.849273	0.760845213036	0.545	0.2472135955	-0.0765	0.314159265359	1.072	1	
20200424_210642.948536	0.760845213036	0.5542	0.2472135955	-0.0603	0.314159265359	1.1033	1	
20200424_210643.049186	0.760845213036	0.5626	0.2472135955	-0.0417	0.314159265359	1.1034	1	
20200424_210643.149328	0.760845213036	0.5711	0.2472135955	-0.0236	0.314159265359	1.0873	1	
20200424_210643.248457	0.760845213036	0.578	0.2472135955	-0.0084	0.314159265359	1.054	1	
20200424_210643.348210	0.760845213036	0.5858	0.2472135955	0.0073	0.314159265359	1.0351	1	
20200424_210643.448554	0.760845213036	0.5948	0.2472135955	0.0229	0.314159265359	1.0261	1	
20200424_210643.548056	0.529006727063	0.6028	0.728115294937	0.0363	0.942477796077	1.0287	1	
20200424_210643.647806	0.529006727063	0.6112	0.728115294937	0.0472	0.942477796077	1.1061	1	
20200424_210643.750378	0.529006727063	0.6183	0.728115294937	0.0564	0.942477796077	1.2217	1	
20200424_210643.848350	0.529006727063	0.6257	0.728115294937	0.0665	0.942477796077	1.3305	1	
20200424_210643.949017	0.529006727063	0.6323	0.728115294937	0.0772	0.942477796077	1.4641	1	
20200424_210644.048498	0.529006727063	0.6341	0.728115294937	0.0877	0.942477796077	1.5639	1	
20200424_210644.148301	0.529006727063	0.6367	0.728115294937	0.1002	0.942477796077	1.6567	1	
20200424_210644.249009	0.529006727063	0.6377	0.728115294937	0.1158	0.942477796077	1.7346	1	
20200424_210644.349007	0.529006727063	0.6379	0.728115294937	0.1292	0.942477796077	1.8216	1	
20200424_210644.449375	0.529006727063	0.6355	0.728115294937	0.1453	0.942477796077	1.8794	1	
20200424_210644.549376	0.529006727063	0.6302	0.728115294937	0.1639	0.942477796077	1.8751	1	
20200424_210644.647955	0.529006727063	0.6238	0.728115294937	0.1825	0.942477796077	1.8981	1	
20200424_210644.749508	0.529006727063	0.6173	0.728115294937	0.2023	0.942477796077	1.8953	1	
20200424_210644.847990	0.529006727063	0.6111	0.728115294937	0.2208	0.942477796077	1.8874	1	
20200424_210644.948696	0.529006727063	0.6045	0.728115294937	0.238	0.942477796077	1.8717	1	
20200424_210645.048926	0.529006727063	0.5986	0.728115294937	0.2542	0.942477796077	1.8341	1	
20200424_210645.147906	0.529006727063	0.5941	0.728115294937	0.2704	0.942477796077	1.8228	1	
20200424_210645.248460	0.529006727063	0.589	0.728115294937	0.2866	0.942477796077	1.7945	1	
20200424_210645.348571	0.529006727063	0.5834	0.728115294937	0.3051	0.942477796077	1.7774	1	
20200424_210645.448146	0.529006727063	0.5796	0.728115294937	0.3242	0.942477796077	1.7725	1	
20200424_210645.548960	0.529006727063	0.5756	0.728115294937	0.3412	0.942477796077	1.7862	1	
20200424_210645.647896	0.529006727063	0.5714	0.728115294937	0.3614	0.942477796077	1.7618	1	
20200424_210645.748094	0.529006727063	0.5676	0.728115294937	0.3807	0.942477796077	1.7645	1	
20200424_210645.847785	0.529006727063	0.5644	0.728115294937	0.398	0.942477796077	1.765	1	
20200424_210645.947735	0.529006727063	0.5602	0.728115294937	0.4164	0.942477796077	1.7614	1	
20200424_210646.049819	0.529006727063	0.5571	0.728115294937	0.4353	0.942477796077	1.8013	1	
20200424_210646.149521	0.529006727063	0.5524	0.728115294937	0.4546	0.942477796077	1.7989	1	
20200424_210646.247997	0.529006727063	0.549	0.728115294937	0.4716	0.942477796077	1.8128	1	
20200424_210646.349830	0.529006727063	0.5446	0.728115294937	0.4885	0.942477796077	1.7921	1	
20200424_210646.449851	0.529006727063	0.5401	0.728115294937	0.506	0.942477796077	1.7476	1	
20200424_210646.548002	3.06161699787e-16	0.5357	1.0	0.5234	1.57079632679	1.7256	1	
20200424_210646.647939	3.06161699787e-16	0.5379	1.0	0.5373	1.57079632679	1.7943	1	
20200424_210646.749078	3.06161699787e-16	0.5372	1.0	0.548	1.57079632679	1.9425	1	
20200424_210646.848819	3.06161699787e-16	0.5363	1.0	0.5595	1.57079632679	2.0616	1	
20200424_210646.950499	3.06161699787e-16	0.5339	1.0	0.5709	1.57079632679	2.1712	1	
20200424_210647.049621	3.06161699787e-16	0.529	1.0	0.5829	1.57079632679	2.2665	1	
20200424_210647.148459	3.06161699787e-16	0.5206	1.0	0.5962	1.57079632679	2.3374	1	
20200424_210647.248825	3.06161699787e-16	0.5103	1.0	0.6082	1.57079632679	2.3788	1	
20200424_210647.348096	3.06161699787e-16	0.4985	1.0	0.6205	1.57079632679	2.4274	1	
20200424_210647.448057	3.06161699787e-16	0.4862	1.0	0.6329	1.57079632679	2.4724	1	
20200424_210647.548919	3.06161699787e-16	0.4702	1.0	0.6459	1.57079632679	2.4782	1	
20200424_210647.648009	3.06161699787e-16	0.455	1.0	0.6581	1.57079632679	2.483	1	
20200424_210647.748691	3.06161699787e-16	0.4399	1.0	0.6686	1.57079632679	2.498	1	
20200424_210647.849607	3.06161699787e-16	0.4224	1.0	0.683	1.57079632679	2.4987	1	
20200424_210647.948496	3.06161699787e-16	0.4062	1.0	0.6961	1.57079632679	2.5049	1	
20200424_210648.049552	3.06161699787e-16	0.3904	1.0	0.7087	1.57079632679	2.492	1	
20200424_210648.147954	3.06161699787e-16	0.3761	1.0	0.7194	1.57079632679	2.5043	1	
20200424_210648.248130	3.06161699787e-16	0.3589	1.0	0.7343	1.57079632679	2.4988	1	
20200424_210648.350974	3.06161699787e-16	0.3426	1.0	0.7471	1.57079632679	2.5003	1	
20200424_210648.448965	3.06161699787e-16	0.3264	1.0	0.7589	1.57079632679	2.4999	1	
20200424_210648.547954	3.06161699787e-16	0.3196	1.0	0.7637	1.57079632679	2.5153	1	
20200424_210648.647914	3.06161699787e-16	0.3196	1.0	0.7637	1.57079632679	2.5153	1	
20200424_210648.748315	3.06161699787e-16	0.3196	1.0	0.7637	1.57079632679	2.5153	1	
20200424_210648.849498	3.06161699787e-16	0.2734	1.0	0.7997	1.57079632679	2.5162	1	
20200424_210648.948302	3.06161699787e-16	0.2466	1.0	0.8204	1.57079632679	2.5117	1	
20200424_210649.049099	3.06161699787e-16	0.2306	1.0	0.8317	1.57079632679	2.5282	1	
20200424_210649.148033	3.06161699787e-16	0.2142	1.0	0.8439	1.57079632679	2.5331	1	
20200424_210649.248178	3.06161699787e-16	0.1981	1.0	0.8563	1.57079632679	2.542	1	
20200424_210649.349544	3.06161699787e-16	0.1806	1.0	0.8694	1.57079632679	2.5427	1	
20200424_210649.448726	3.06161699787e-16	0.1635	1.0	0.8813	1.57079632679	2.5471	1	
20200424_210649.547955	-0.646563777522	0.1461	0.889918693812	0.8938	2.19911485751	2.5621	1	
20200424_210649.647876	-0.646563777522	0.1351	0.889918693812	0.9041	2.19911485751	2.6206	1	
20200424_210649.749160	-0.646563777522	0.1261	0.889918693812	0.9132	2.19911485751	2.7327	1	
20200424_210649.848463	-0.646563777522	0.1175	0.889918693812	0.9198	2.19911485751	2.848	1	
20200424_210649.949023	-0.646563777522	0.1057	0.889918693812	0.9256	2.19911485751	2.9456	1	
20200424_210650.048851	-0.646563777522	0.0927	0.889918693812	0.9304	2.19911485751	3.0141	1	
20200424_210650.147960	-0.646563777522	0.0767	0.889918693812	0.9349	2.19911485751	3.083	1	
20200424_210650.249607	-0.646563777522	0.0593	0.889918693812	0.9374	2.19911485751	3.1379	1	
20200424_210650.349206	-0.646563777522	0.0422	0.889918693812	0.9386	2.19911485751	-3.1149	1	
20200424_210650.448306	-0.646563777522	0.0213	0.889918693812	0.9389	2.19911485751	-3.0936	1	
20200424_210650.549405	-0.646563777522	0.0025	0.889918693812	0.9385	2.19911485751	-3.0855	1	
20200424_210650.647971	-0.646563777522	-0.0162	0.889918693812	0.9393	2.19911485751	-3.0782	1	
20200424_210650.749180	-0.646563777522	-0.0382	0.889918693812	0.9389	2.19911485751	-3.0666	1	
20200424_210650.848403	-0.646563777522	-0.057	0.889918693812	0.9369	2.19911485751	-3.0632	1	
20200424_210650.949317	-0.646563777522	-0.0787	0.889918693812	0.9385	2.19911485751	-3.0466	1	
20200424_210651.048948	-0.646563777522	-0.0981	0.889918693812	0.9371	2.19911485751	-3.0439	1	
20200424_210651.149083	-0.646563777522	-0.1173	0.889918693812	0.9352	2.19911485751	-3.0443	1	
20200424_210651.248051	-0.646563777522	-0.139	0.889918693812	0.933	2.19911485751	-3.0561	1	
20200424_210651.348416	-0.646563777522	-0.1582	0.889918693812	0.9324	2.19911485751	-3.0321	1	
20200424_210651.449023	-0.646563777522	-0.1771	0.889918693812	0.9307	2.19911485751	-3.0314	1	
20200424_210651.550985	-0.646563777522	-0.1985	0.889918693812	0.9288	2.19911485751	-3.0223	1	
20200424_210651.647895	-0.646563777522	-0.2186	0.889918693812	0.9283	2.19911485751	-3.0262	1	
20200424_210651.748572	-0.646563777522	-0.2384	0.889918693812	0.9263	2.19911485751	-3.015	1	
20200424_210651.848976	-0.646563777522	-0.258	0.889918693812	0.9241	2.19911485751	-3.0113	1	
20200424_210651.948933	-0.646563777522	-0.2802	0.889918693812	0.9225	2.19911485751	-3.0018	1	
20200424_210652.048403	-0.646563777522	-0.2988	0.889918693812	0.9202	2.19911485751	-2.9919	1	
20200424_210652.148126	-0.646563777522	-0.3182	0.889918693812	0.9177	2.19911485751	-2.9949	1	
20200424_210652.247958	-0.646563777522	-0.3393	0.889918693812	0.915	2.19911485751	-2.992	1	
20200424_210652.349869	-0.646563777522	-0.3599	0.889918693812	0.9125	2.19911485751	-2.9984	1	
20200424_210652.447868	-0.646563777522	-0.3803	0.889918693812	0.9095	2.19911485751	-3.0061	1	
20200424_210652.549137	-1.14126781955	-0.3999	0.37082039325	0.9074	2.82743338823	-2.9895	1	
20200424_210652.647808	-1.14126781955	-0.4141	0.37082039325	0.9072	2.82743338823	-2.9264	1	
20200424_210652.749262	-1.14126781955	-0.4269	0.37082039325	0.9076	2.82743338823	-2.8395	1	
20200424_210652.849821	-1.14126781955	-0.439	0.37082039325	0.9071	2.82743338823	-2.7431	1	
20200424_210652.948416	-1.14126781955	-0.4552	0.37082039325	0.9018	2.82743338823	-2.6496	1	
20200424_210653.047959	-1.14126781955	-0.4684	0.37082039325	0.8961	2.82743338823	-2.5905	1	
20200424_210653.151117	-1.14126781955	-0.484	0.37082039325	0.8881	2.82743338823	-2.5594	1	
20200424_210653.247843	-1.14126781955	-0.5005	0.37082039325	0.8775	2.82743338823	-2.528	1	
20200424_210653.349440	-1.14126781955	-0.516	0.37082039325	0.8667	2.82743338823	-2.5173	1	
20200424_210653.449952	-1.14126781955	-0.5333	0.37082039325	0.8538	2.82743338823	-2.5158	1	
20200424_210653.548218	-1.14126781955	-0.5508	0.37082039325	0.842	2.82743338823	-2.5157	1	
20200424_210653.647856	-1.14126781955	-0.5672	0.37082039325	0.83	2.82743338823	-2.5052	1	
20200424_210653.751695	-1.14126781955	-0.5839	0.37082039325	0.8176	2.82743338823	-2.5066	1	
20200424_210653.849967	-1.14126781955	-0.599	0.37082039325	0.8056	2.82743338823	-2.5007	1	
20200424_210653.947959	-1.14126781955	-0.6152	0.37082039325	0.7937	2.82743338823	-2.5	1	
20200424_210654.048088	-1.14126781955	-0.6311	0.37082039325	0.7804	2.82743338823	-2.498	1	
20200424_210654.149498	-1.14126781955	-0.6459	0.37082039325	0.7692	2.82743338823	-2.4993	1	
20200424_210654.248838	-1.14126781955	-0.6608	0.37082039325	0.7581	2.82743338823	-2.4814	1	
20200424_210654.349307	-1.14126781955	-0.6763	0.37082039325	0.7459	2.82743338823	-2.4652	1	
20200424_210654.449078	-1.14126781955	-0.6921	0.37082039325	0.733	2.82743338823	-2.462	1	
20200424_210654.549264	-1.14126781955	-0.7084	0.37082039325	0.7195	2.82743338823	-2.4638	1	
20200424_210654.647974	-1.14126781955	-0.7246	0.37082039325	0.7066	2.82743338823	-2.4638	1	
20200424_210654.749138	-1.14126781955	-0.7412	0.37082039325	0.6928	2.82743338823	-2.457	1	
20200424_210654.848164	-1.14126781955	-0.7566	0.37082039325	0.6804	2.82743338823	-2.4541	1	
20200424_210654.948500	-1.14126781955	-0.7726	0.37082039325	0.6673	2.82743338823	-2.4559	1	
20200424_210655.049583	-1.14126781955	-0.7877	0.37082039325	0.6554	2.82743338823	-2.451	1	
20200424_210655.149217	-1.14126781955	-0.8038	0.37082039325	0.6421	2.82743338823	-2.4461	1	
20200424_210655.250763	-1.14126781955	-0.8198	0.37082039325	0.6295	2.82743338823	-2.4441	1	
20200424_210655.349339	-1.14126781955	-0.8356	0.37082039325	0.6154	2.82743338823	-2.4369	1	
20200424_210655.448513	-1.14126781955	-0.8494	0.37082039325	0.6025	2.82743338823	-2.4411	1	
20200424_210655.548424	-1.23637347118	-0.8651	-0.401722092687	0.5897	-2.82743338823	-2.4206	1	
20200424_210655.648012	-1.23637347118	-0.8765	-0.401722092687	0.5833	-2.82743338823	-2.334	1	
20200424_210655.749196	-1.23637347118	-0.8884	-0.401722092687	0.5753	-2.82743338823	-2.213	1	
20200424_210655.851212	-1.23637347118	-0.8983	-0.401722092687	0.5672	-2.82743338823	-2.1366	1	
20200424_210655.949165	-1.23637347118	-0.9086	-0.401722092687	0.5529	-2.82743338823	-2.0532	1	
20200424_210656.048116	-1.23637347118	-0.9161	-0.401722092687	0.5416	-2.82743338823	-2.0003	1	
20200424_210656.148838	-1.23637347118	-0.9242	-0.401722092687	0.5265	-2.82743338823	-1.951	1	
20200424_210656.249508	-1.23637347118	-0.9316	-0.401722092687	0.5097	-2.82743338823	-1.9237	1	
20200424_210656.348970	-1.23637347118	-0.938	-0.401722092687	0.4907	-2.82743338823	-1.9173	1	
20200424_210656.448227	-1.23637347118	-0.9453	-0.401722092687	0.4713	-2.82743338823	-1.9159	1	
20200424_210656.548001	-1.23637347118	-0.9513	-0.401722092687	0.4521	-2.82743338823	-1.9139	1	
20200424_210656.648060	-1.23637347118	-0.9591	-0.401722092687	0.433	-2.82743338823	-1.9048	1	
20200424_210656.748784	-1.23637347118	-0.9649	-0.401722092687	0.4147	-2.82743338823	-1.9028	1	
20200424_210656.849927	-1.23637347118	-0.9719	-0.401722092687	0.3942	-2.82743338823	-1.8974	1	
20200424_210656.948906	-1.23637347118	-0.978	-0.401722092687	0.376	-2.82743338823	-1.8976	1	
20200424_210657.049249	-1.23637347118	-0.9845	-0.401722092687	0.3568	-2.82743338823	-1.8934	1	
20200424_210657.149130	-1.23637347118	-0.9908	-0.401722092687	0.3374	-2.82743338823	-1.8883	1	
20200424_210657.249847	-1.23637347118	-0.9973	-0.401722092687	0.3175	-2.82743338823	-1.889	1	
20200424_210657.349281	-1.23637347118	-1.0039	-0.401722092687	0.2972	-2.82743338823	-1.8891	1	
20200424_210657.447723	-1.23637347118	-1.0096	-0.401722092687	0.2784	-2.82743338823	-1.8886	1	
20200424_210657.549395	-1.23637347118	-1.0165	-0.401722092687	0.2589	-2.82743338823	-1.8842	1	
20200424_210657.647870	-1.23637347118	-1.0219	-0.401722092687	0.2402	-2.82743338823	-1.8854	1	
20200424_210657.748320	-1.23637347118	-1.0291	-0.401722092687	0.22	-2.82743338823	-1.881	1	
20200424_210657.848479	-1.23637347118	-1.0348	-0.401722092687	0.2001	-2.82743338823	-1.8556	1	
20200424_210657.948041	-1.23637347118	-1.0409	-0.401722092687	0.1806	-2.82743338823	-1.8831	1	
20200424_210658.048557	-1.23637347118	-1.0469	-0.401722092687	0.1622	-2.82743338823	-1.8767	1	
20200424_210658.148472	-1.23637347118	-1.0532	-0.401722092687	0.1426	-2.82743338823	-1.8736	1	
20200424_210658.249932	-1.23637347118	-1.0594	-0.401722092687	0.1232	-2.82743338823	-1.8692	1	
20200424_210658.349381	-1.23637347118	-1.0656	-0.401722092687	0.104	-2.82743338823	-1.8675	1	
20200424_210658.448783	-1.23637347118	-1.0711	-0.401722092687	0.0838	-2.82743338823	-1.8627	1	
20200424_210658.547875	-0.822899353209	-1.0771	-1.13262379212	0.0655	-2.19911485751	-1.8494	1	
20200424_210658.647930	-0.822899353209	-1.0834	-1.13262379212	0.052	-2.19911485751	-1.7339	1	
20200424_210658.747802	-0.822899353209	-1.0882	-1.13262379212	0.0409	-2.19911485751	-1.6308	1	
20200424_210658.848035	-0.822899353209	-1.0919	-1.13262379212	0.0261	-2.19911485751	-1.5399	1	
20200424_210658.948325	-0.822899353209	-1.0937	-1.13262379212	0.0113	-2.19911485751	-1.4766	1	
20200424_210659.050472	-0.822899353209	-1.0937	-1.13262379212	-0.0048	-2.19911485751	-1.4294	1	
20200424_210659.149390	-0.822899353209	-1.0918	-1.13262379212	-0.0237	-2.19911485751	-1.397	1	
20200424_210659.248360	-0.822899353209	-1.0889	-1.13262379212	-0.0414	-2.19911485751	-1.3802	1	
20200424_210659.349047	-0.822899353209	-1.085	-1.13262379212	-0.0616	-2.19911485751	-1.3672	1	
20200424_210659.447978	-0.822899353209	-1.0813	-1.13262379212	-0.0817	-2.19911485751	-1.3671	1	
20200424_210659.549396	-0.822899353209	-1.0776	-1.13262379212	-0.1013	-2.19911485751	-1.3519	1	
20200424_210659.647809	-0.822899353209	-1.0737	-1.13262379212	-0.1217	-2.19911485751	-1.3496	1	
20200424_210659.748347	-0.822899353209	-1.0692	-1.13262379212	-0.142	-2.19911485751	-1.355	1	
20200424_210659.848658	-0.822899353209	-1.0645	-1.13262379212	-0.1619	-2.19911485751	-1.3534	1	
20200424_210659.949586	-0.822899353209	-1.0599	-1.13262379212	-0.1811	-2.19911485751	-1.3491	1	
20200424_210700.049208	-0.822899353209	-1.0558	-1.13262379212	-0.2016	-2.19911485751	-1.344	1	
20200424_210700.149519	-0.822899353209	-1.0515	-1.13262379212	-0.2217	-2.19911485751	-1.3405	1	
20200424_210700.248231	-0.822899353209	-1.0473	-1.13262379212	-0.241	-2.19911485751	-1.3409	1	
20200424_210700.348104	-0.822899353209	-1.0419	-1.13262379212	-0.2609	-2.19911485751	-1.3425	1	
20200424_210700.448198	-0.822899353209	-1.0384	-1.13262379212	-0.2794	-2.19911485751	-1.3351	1	
20200424_210700.548041	-0.822899353209	-1.0339	-1.13262379212	-0.2999	-2.19911485751	-1.3269	1	
20200424_210700.647821	-0.822899353209	-1.0287	-1.13262379212	-0.3189	-2.19911485751	-1.321	1	
20200424_210700.748807	-0.822899353209	-1.0238	-1.13262379212	-0.338	-2.19911485751	-1.3273	1	
20200424_210700.847925	-0.822899353209	-1.0183	-1.13262379212	-0.3582	-2.19911485751	-1.3271	1	
20200424_210700.949734	-0.822899353209	-1.014	-1.13262379212	-0.378	-2.19911485751	-1.3158	1	
20200424_210701.047957	-0.822899353209	-1.0089	-1.13262379212	-0.3978	-2.19911485751	-1.3182	1	
20200424_210701.149681	-0.822899353209	-1.0035	-1.13262379212	-0.4176	-2.19911485751	-1.3088	1	
20200424_210701.248401	-0.822899353209	-0.9985	-1.13262379212	-0.4368	-2.19911485751	-1.3059	1	
20200424_210701.348201	-0.822899353209	-0.9938	-1.13262379212	-0.457	-2.19911485751	-1.297	1	
20200424_210701.450769	-0.822899353209	-0.9893	-1.13262379212	-0.4765	-2.19911485751	-1.2803	1	
20200424_210701.549260	-0.822899353209	-0.9845	-1.13262379212	-0.4941	-2.19911485751	-1.2749	1	
20200424_210701.648531	-0.822899353209	-0.9783	-1.13262379212	-0.5134	-2.19911485751	-1.2674	1	
20200424_210701.748887	-0.822899353209	-0.9727	-1.13262379212	-0.5311	-2.19911485751	-1.2636	1	
20200424_210701.848375	-0.822899353209	-0.9668	-1.13262379212	-0.5502	-2.19911485751	-1.2684	1	
20200424_210701.948346	-0.822899353209	-0.961	-1.13262379212	-0.5692	-2.19911485751	-1.2536	1	
20200424_210702.048164	-0.822899353209	-0.9567	-1.13262379212	-0.587	-2.19911485751	-1.2478	1	
20200424_210702.147934	-0.822899353209	-0.9506	-1.13262379212	-0.6053	-2.19911485751	-1.2293	1	
20200424_210702.248540	-0.822899353209	-0.9441	-1.13262379212	-0.6239	-2.19911485751	-1.2233	1	
20200424_210702.348433	-0.822899353209	-0.9381	-1.13262379212	-0.6424	-2.19911485751	-1.2272	1	
20200424_210702.448278	-0.822899353209	-0.9316	-1.13262379212	-0.6588	-2.19911485751	-1.2395	1	
20200424_210702.549168	-0.822899353209	-0.9256	-1.13262379212	-0.6756	-2.19911485751	-1.2519	1	
20200424_210702.648241	-0.822899353209	-0.9199	-1.13262379212	-0.6932	-2.19911485751	-1.2723	1	
20200424_210702.749645	-0.822899353209	-0.9144	-1.13262379212	-0.7099	-2.19911485751	-1.2856	1	
20200424_210702.848596	-0.822899353209	-0.909	-1.13262379212	-0.727	-2.19911485751	-1.2838	1	
20200424_210702.949600	-0.822899353209	-0.9031	-1.13262379212	-0.7468	-2.19911485751	-1.2768	1	
20200424_210703.047781	-0.822899353209	-0.8984	-1.13262379212	-0.7649	-2.19911485751	-1.2724	1	
20200424_210703.147764	-0.822899353209	-0.8917	-1.13262379212	-0.784	-2.19911485751	-1.2788	1	
20200424_210703.247928	-0.822899353209	-0.8859	-1.13262379212	-0.8022	-2.19911485751	-1.2939	1	
20200424_210703.348184	-0.822899353209	-0.8798	-1.13262379212	-0.8199	-2.19911485751	-1.3052	1	
20200424_210703.449798	-0.822899353209	-0.8752	-1.13262379212	-0.8382	-2.19911485751	-1.3109	1	
20200424_210703.549619	-0.822899353209	-0.8708	-1.13262379212	-0.8567	-2.19911485751	-1.3047	1	
20200424_210703.647800	-0.822899353209	-0.8661	-1.13262379212	-0.8762	-2.19911485751	-1.3092	1	
20200424_210703.749774	-0.822899353209	-0.8603	-1.13262379212	-0.8952	-2.19911485751	-1.314	1	
20200424_210703.848750	-0.822899353209	-0.8559	-1.13262379212	-0.9137	-2.19911485751	-1.3307	1	
20200424_210703.949292	-0.822899353209	-0.8515	-1.13262379212	-0.932	-2.19911485751	-1.3355	1	
20200424_210704.049144	-0.822899353209	-0.8464	-1.13262379212	-0.9493	-2.19911485751	-1.3492	1	
20200424_210704.149037	-0.822899353209	-0.8422	-1.13262379212	-0.9671	-2.19911485751	-1.3713	1	
20200424_210704.248281	-0.822899353209	-0.838	-1.13262379212	-0.9848	-2.19911485751	-1.4005	1	
20200424_210704.348461	-0.822899353209	-0.8352	-1.13262379212	-1.0008	-2.19911485751	-1.4101	1	
20200424_210704.448743	-0.822899353209	-0.8334	-1.13262379212	-1.0158	-2.19911485751	-1.403	1	
20200424_210704.548682	-0.822899353209	-0.8306	-1.13262379212	-1.0286	-2.19911485751	-1.4062	1	
20200424_210704.648063	-0.822899353209	-0.8287	-1.13262379212	-1.0414	-2.19911485751	-1.4107	1	
20200424_210704.747994	-0.822899353209	-0.8268	-1.13262379212	-1.05	-2.19911485751	-1.4294	1	
20200424_210704.848381	-0.822899353209	-0.8243	-1.13262379212	-1.0583	-2.19911485751	-1.4737	1	
20200424_210704.950493	-0.822899353209	-0.8219	-1.13262379212	-1.0661	-2.19911485751	-1.522	1	
20200424_210705.047799	-0.822899353209	-0.8204	-1.13262379212	-1.0703	-2.19911485751	-1.5928	1	
20200424_210705.149593	-0.822899353209	-0.818	-1.13262379212	-1.0709	-2.19911485751	-1.6396	1	
20200424_210705.248815	-0.822899353209	-0.8163	-1.13262379212	-1.0707	-2.19911485751	-1.7011	1	
20200424_210705.347789	-0.822899353209	-0.8143	-1.13262379212	-1.0705	-2.19911485751	-1.7667	1	
20200424_210705.448964	-0.822899353209	-0.8122	-1.13262379212	-1.0697	-2.19911485751	-1.8308	1	
20200424_210705.548443	-0.822899353209	-0.8113	-1.13262379212	-1.0692	-2.19911485751	-1.8872	1	
20200424_210705.648356	-0.822899353209	-0.8094	-1.13262379212	-1.0702	-2.19911485751	-1.9585	1	
20200424_210705.749310	-0.822899353209	-0.8066	-1.13262379212	-1.0701	-2.19911485751	-2.0092	1	
20200424_210705.848033	-0.822899353209	-0.805	-1.13262379212	-1.0701	-2.19911485751	-2.0736	1	
20200424_210705.950353	-0.822899353209	-0.8035	-1.13262379212	-1.07	-2.19911485751	-2.1198	1	
20200424_210706.048037	-0.822899353209	-0.802	-1.13262379212	-1.07	-2.19911485751	-2.1656	0	
20200424_210706.050157	-0.822899353209	-0.802	-1.13262379212	-1.07	-2.19911485751	-2.1686	0	
20200424_210706.051480	-0.822899353209	-0.8019	-1.13262379212	-1.0699	-2.19911485751	-2.1712	0	
20200424_210706.056409	-0.822899353209	-0.8018	-1.13262379212	-1.0699	-2.19911485751	-2.1735	0	
20200424_210706.064789	-0.822899353209	-0.8018	-1.13262379212	-1.0699	-2.19911485751	-2.1753	0	
20200424_210706.073366	-0.822899353209	-0.8017	-1.13262379212	-1.0699	-2.19911485751	-2.1769	0	
20200424_210706.081854	-0.822899353209	-0.8016	-1.13262379212	-1.0699	-2.19911485751	-2.1786	0	
20200424_210706.090255	-0.822899353209	-0.8016	-1.13262379212	-1.0699	-2.19911485751	-2.18	0	
20200424_210706.098420	-0.822899353209	-0.8015	-1.13262379212	-1.07	-2.19911485751	-2.1814	0	
20200424_210706.106407	-0.822899353209	-0.8015	-1.13262379212	-1.07	-2.19911485751	-2.1821	0	
20200424_210706.114936	-0.822899353209	-0.8015	-1.13262379212	-1.07	-2.19911485751	-2.1828	0	
20200424_210706.123386	-0.822899353209	-0.8015	-1.13262379212	-1.07	-2.19911485751	-2.1835	0	
20200424_210706.131720	-0.822899353209	-0.8015	-1.13262379212	-1.0699	-2.19911485751	-2.1842	0	
20200424_210706.140011	-0.822899353209	-0.8015	-1.13262379212	-1.0699	-2.19911485751	-2.1846	0	
20200424_210706.148855	-0.822899353209	-0.8014	-1.13262379212	-1.0699	-2.19911485751	-2.1847	0	
20200424_210706.156383	-0.822899353209	-0.8014	-1.13262379212	-1.0699	-2.19911485751	-2.185	0	
20200424_210706.164936	-0.822899353209	-0.8014	-1.13262379212	-1.0699	-2.19911485751	-2.1853	0	
20200424_210706.173413	-0.822899353209	-0.8015	-1.13262379212	-1.0698	-2.19911485751	-2.1698	0	
20200424_210706.181567	-0.822899353209	-0.8015	-1.13262379212	-1.0698	-2.19911485751	-2.1697	0	
20200424_210706.189967	-0.822899353209	-0.8015	-1.13262379212	-1.0698	-2.19911485751	-2.17	0	
20200424_210706.198373	-0.822899353209	-0.8015	-1.13262379212	-1.0698	-2.19911485751	-2.17	0	
20200424_210706.206729	-0.822899353209	-0.8015	-1.13262379212	-1.0698	-2.19911485751	-2.1701	0	
20200424_210706.215339	-0.822899353209	-0.8015	-1.13262379212	-1.0698	-2.19911485751	-2.1702	0	
20200424_210706.223666	-0.822899353209	-0.8015	-1.13262379212	-1.0699	-2.19911485751	-2.1703	0	
20200424_210706.231761	-0.822899353209	-0.8015	-1.13262379212	-1.0698	-2.19911485751	-2.1703	0	
20200424_210706.240399	-0.822899353209	-0.8015	-1.13262379212	-1.0698	-2.19911485751	-2.1701	0	
20200424_210706.248952	-0.822899353209	-0.8015	-1.13262379212	-1.0698	-2.19911485751	-2.1702	0	
20200424_210706.256350	-0.822899353209	-0.8015	-1.13262379212	-1.0698	-2.19911485751	-2.1702	0	
20200424_210706.264717	-0.822899353209	-0.8014	-1.13262379212	-1.0698	-2.19911485751	-2.1703	0	
20200424_210706.273222	-0.822899353209	-0.8014	-1.13262379212	-1.0698	-2.19911485751	-2.1702	0	
20200424_210706.281721	-0.822899353209	-0.8014	-1.13262379212	-1.0698	-2.19911485751	-2.1704	0	
20200424_210706.290223	-0.822899353209	-0.8015	-1.13262379212	-1.0698	-2.19911485751	-2.1704	0	
20200424_210706.298597	-0.822899353209	-0.8015	-1.13262379212	-1.0698	-2.19911485751	-2.1704	0	
20200424_210706.306709	-0.822899353209	-0.8015	-1.13262379212	-1.0698	-2.19911485751	-2.1704	0	
20200424_210706.315039	-0.822899353209	-0.8015	-1.13262379212	-1.0698	-2.19911485751	-2.1704	0	
20200424_210706.323407	-0.822899353209	-0.8014	-1.13262379212	-1.0698	-2.19911485751	-2.1704	0	
20200424_210706.331798	-0.822899353209	-0.8014	-1.13262379212	-1.0698	-2.19911485751	-2.1704	0	
20200424_210706.340003	-0.822899353209	-0.8014	-1.13262379212	-1.0698	-2.19911485751	-2.1702	0	
20200424_210706.349094	-0.822899353209	-0.8014	-1.13262379212	-1.0698	-2.19911485751	-2.1703	0	
20200424_210706.356465	-0.822899353209	-0.8014	-1.13262379212	-1.0698	-2.19911485751	-2.1701	0	
20200424_210706.364923	-0.822899353209	-0.8014	-1.13262379212	-1.0698	-2.19911485751	-2.1704	0	
20200424_210706.373521	-0.822899353209	-0.8014	-1.13262379212	-1.0698	-2.19911485751	-2.1704	0	
20200424_210706.381744	-0.822899353209	-0.8014	-1.13262379212	-1.0698	-2.19911485751	-2.1705	0	
20200424_210706.389953	-0.822899353209	-0.8014	-1.13262379212	-1.0698	-2.19911485751	-2.1705	0	
20200424_210706.398364	-0.822899353209	-0.8014	-1.13262379212	-1.0698	-2.19911485751	-2.1705	0	
20200424_210706.406743	-0.822899353209	-0.8014	-1.13262379212	-1.0698	-2.19911485751	-2.1704	0	
20200424_210706.415070	-0.822899353209	-0.8014	-1.13262379212	-1.0698	-2.19911485751	-2.1703	0	
20200424_210706.423398	-0.822899353209	-0.8014	-1.13262379212	-1.0698	-2.19911485751	-2.1704	0	
20200424_210706.431645	-0.822899353209	-0.8014	-1.13262379212	-1.0698	-2.19911485751	-2.1705	0	
20200424_210706.439933	-0.822899353209	-0.8014	-1.13262379212	-1.0698	-2.19911485751	-2.1705	0	
20200424_210706.448874	-0.822899353209	-0.8014	-1.13262379212	-1.0698	-2.19911485751	-2.1704	0	
20200424_210706.456529	-0.822899353209	-0.8014	-1.13262379212	-1.0698	-2.19911485751	-2.1706	0	
20200424_210706.464713	-0.822899353209	-0.8014	-1.13262379212	-1.0698	-2.19911485751	-2.1705	0	
20200424_210706.473164	-0.822899353209	-0.8014	-1.13262379212	-1.0698	-2.19911485751	-2.1707	0	
20200424_210706.481614	-0.822899353209	-0.8014	-1.13262379212	-1.0698	-2.19911485751	-2.1705	0	
20200424_210706.489825	-0.822899353209	-0.8014	-1.13262379212	-1.0698	-2.19911485751	-2.1704	0	
20200424_210706.498692	-0.822899353209	-0.8014	-1.13262379212	-1.0698	-2.19911485751	-2.1705	0	
20200424_210706.506559	-0.822899353209	-0.8014	-1.13262379212	-1.0698	-2.19911485751	-2.1705	0	
20200424_210706.515428	-0.822899353209	-0.8014	-1.13262379212	-1.0698	-2.19911485751	-2.1704	0	
20200424_210706.523486	-0.822899353209	-0.8014	-1.13262379212	-1.0698	-2.19911485751	-2.1705	0	
20200424_210706.531784	-0.822899353209	-0.8014	-1.13262379212	-1.0698	-2.19911485751	-2.1705	0	
20200424_210706.539956	-0.822899353209	-0.8014	-1.13262379212	-1.0698	-2.19911485751	-2.1706	0	
20200424_210706.548992	-0.822899353209	-0.8014	-1.13262379212	-1.0698	-2.19911485751	-2.1705	0	
20200424_210706.556884	-0.822899353209	-0.8014	-1.13262379212	-1.0698	-2.19911485751	-2.1706	0	
20200424_210706.566052	-0.822899353209	-0.8014	-1.13262379212	-1.0698	-2.19911485751	-2.1705	0	
20200424_210706.572937	-0.822899353209	-0.8014	-1.13262379212	-1.0698	-2.19911485751	-2.1705	0	
20200424_210706.581342	-0.822899353209	-0.8014	-1.13262379212	-1.0698	-2.19911485751	-2.1705	0	
20200424_210706.589708	-0.822899353209	-0.8014	-1.13262379212	-1.0698	-2.19911485751	-2.1706	0	
20200424_210706.597916	-0.822899353209	-0.8014	-1.13262379212	-1.0698	-2.19911485751	-2.1707	0	
20200424_210706.606250	-0.822899353209	-0.8014	-1.13262379212	-1.0698	-2.19911485751	-2.1706	0	
20200424_210706.614649	-0.822899353209	-0.8014	-1.13262379212	-1.0698	-2.19911485751	-2.1706	0	
20200424_210706.623309	-0.822899353209	-0.8014	-1.13262379212	-1.0698	-2.19911485751	-2.1706	0	
20200424_210706.631438	-0.822899353209	-0.8014	-1.13262379212	-1.0698	-2.19911485751	-2.1704	0	
20200424_210706.639740	-0.822899353209	-0.8014	-1.13262379212	-1.0698	-2.19911485751	-2.1705	0	
20200424_210706.648065	-0.822899353209	-0.8014	-1.13262379212	-1.0698	-2.19911485751	-2.1706	0	
20200424_210706.656390	-0.822899353209	-0.8014	-1.13262379212	-1.0698	-2.19911485751	-2.1704	0	
20200424_210706.664980	-0.822899353209	-0.8014	-1.13262379212	-1.0698	-2.19911485751	-2.1706	0	
20200424_210706.673521	-0.822899353209	-0.8014	-1.13262379212	-1.0698	-2.19911485751	-2.1707	0	
20200424_210706.681634	-0.822899353209	-0.8014	-1.13262379212	-1.0698	-2.19911485751	-2.1705	0	
20200424_210706.689962	-0.822899353209	-0.8014	-1.13262379212	-1.0698	-2.19911485751	-2.1707	0	
20200424_210706.698429	-0.822899353209	-0.8014	-1.13262379212	-1.0698	-2.19911485751	-2.1706	0	
20200424_210706.706691	-0.822899353209	-0.8014	-1.13262379212	-1.0698	-2.19911485751	-2.1705	0	
20200424_210706.715407	-0.822899353209	-0.8014	-1.13262379212	-1.0698	-2.19911485751	-2.1707	0	
20200424_210706.723568	-0.822899353209	-0.8014	-1.13262379212	-1.0698	-2.19911485751	-2.1706	0	
20200424_210706.731940	-0.822899353209	-0.8014	-1.13262379212	-1.0698	-2.19911485751	-2.1706	0	
20200424_210706.740026	-0.822899353209	-0.8014	-1.13262379212	-1.0698	-2.19911485751	-2.1705	0	
20200424_210706.749153	-0.822899353209	-0.8014	-1.13262379212	-1.0698	-2.19911485751	-2.1706	0	
20200424_210706.756527	-0.822899353209	-0.8014	-1.13262379212	-1.0698	-2.19911485751	-2.1707	0	
20200424_210706.764894	-0.822899353209	-0.8014	-1.13262379212	-1.0698	-2.19911485751	-2.1707	0	
20200424_210706.773278	-0.822899353209	-0.8014	-1.13262379212	-1.0698	-2.19911485751	-2.1706	0	
20200424_210706.781782	-0.822899353209	-0.8014	-1.13262379212	-1.0697	-2.19911485751	-2.1707	0	
20200424_210706.790227	-0.822899353209	-0.8014	-1.13262379212	-1.0697	-2.19911485751	-2.1705	0	
20200424_210706.798345	-0.822899353209	-0.8014	-1.13262379212	-1.0698	-2.19911485751	-2.1706	0	
20200424_210706.807218	-0.822899353209	-0.8014	-1.13262379212	-1.0698	-2.19911485751	-2.1705	0	
20200424_210706.815094	-0.822899353209	-0.8014	-1.13262379212	-1.0698	-2.19911485751	-2.1705	0	
20200424_210706.823469	-0.822899353209	-0.8014	-1.13262379212	-1.0698	-2.19911485751	-2.1706	0	
20200424_210706.831754	-0.822899353209	-0.8014	-1.13262379212	-1.0697	-2.19911485751	-2.1706	0	
20200424_210706.840335	-0.822899353209	-0.8014	-1.13262379212	-1.0697	-2.19911485751	-2.1707	0	
20200424_210706.848574	-0.822899353209	-0.8014	-1.13262379212	-1.0697	-2.19911485751	-2.1706	0	
20200424_210706.856703	-0.822899353209	-0.8014	-1.13262379212	-1.0697	-2.19911485751	-2.1706	0	
20200424_210706.864765	-0.822899353209	-0.8014	-1.13262379212	-1.0697	-2.19911485751	-2.1706	0	
20200424_210706.873370	-0.822899353209	-0.8014	-1.13262379212	-1.0698	-2.19911485751	-2.1706	0	
20200424_210706.881621	-0.822899353209	-0.8014	-1.13262379212	-1.0698	-2.19911485751	-2.1707	0	
20200424_210706.890246	-0.822899353209	-0.8014	-1.13262379212	-1.0698	-2.19911485751	-2.1707	0	
20200424_210706.898338	-0.822899353209	-0.8014	-1.13262379212	-1.0698	-2.19911485751	-2.1706	0	
20200424_210706.906511	-0.822899353209	-0.8014	-1.13262379212	-1.0698	-2.19911485751	-2.1705	0	
20200424_210706.914780	-0.822899353209	-0.8014	-1.13262379212	-1.0698	-2.19911485751	-2.1707	0	
20200424_210706.923488	-0.822899353209	-0.8014	-1.13262379212	-1.0698	-2.19911485751	-2.1707	0	
20200424_210706.931630	-0.822899353209	-0.8014	-1.13262379212	-1.0698	-2.19911485751	-2.1707	0	
20200424_210706.939949	-0.822899353209	-0.8014	-1.13262379212	-1.0698	-2.19911485751	-2.1708	0	
20200424_210706.948503	-0.822899353209	-0.8014	-1.13262379212	-1.0698	-2.19911485751	-2.1707	0	
20200424_210706.957077	-0.822899353209	-0.8014	-1.13262379212	-1.0698	-2.19911485751	-2.1707	0	
20200424_210706.965562	-0.822899353209	-0.8014	-1.13262379212	-1.0698	-2.19911485751	-2.1706	0	
20200424_210706.973208	-0.822899353209	-0.8014	-1.13262379212	-1.0698	-2.19911485751	-2.1705	0	
20200424_210706.981641	-0.822899353209	-0.8014	-1.13262379212	-1.0698	-2.19911485751	-2.1705	0	
20200424_210706.990028	-0.822899353209	-0.8014	-1.13262379212	-1.0698	-2.19911485751	-2.1705	0	
20200424_210706.998206	-0.822899353209	-0.8014	-1.13262379212	-1.0698	-2.19911485751	-2.1707	0	
20200424_210707.007219	-0.822899353209	-0.8014	-1.13262379212	-1.0697	-2.19911485751	-2.1708	0	
20200424_210707.015196	-0.822899353209	-0.8014	-1.13262379212	-1.0698	-2.19911485751	-2.1706	0	
20200424_210707.023347	-0.822899353209	-0.8014	-1.13262379212	-1.0698	-2.19911485751	-2.1708	0	
20200424_210707.031928	-0.822899353209	-0.8013	-1.13262379212	-1.0698	-2.19911485751	-2.1705	0	
20200424_210707.040176	-0.822899353209	-0.8013	-1.13262379212	-1.0697	-2.19911485751	-2.1705	0	
20200424_210707.048431	-0.822899353209	-0.8013	-1.13262379212	-1.0697	-2.19911485751	-2.1705	0	
20200424_210707.056415	-0.822899353209	-0.8013	-1.13262379212	-1.0698	-2.19911485751	-2.1706	0	
20200424_210707.064846	-0.822899353209	-0.8014	-1.13262379212	-1.0698	-2.19911485751	-2.1706	0	
20200424_210707.073347	-0.822899353209	-0.8014	-1.13262379212	-1.0698	-2.19911485751	-2.1707	0	
20200424_210707.081603	-0.822899353209	-0.8014	-1.13262379212	-1.0697	-2.19911485751	-2.1707	0	
20200424_210707.090025	-0.822899353209	-0.8014	-1.13262379212	-1.0697	-2.19911485751	-2.1708	0	
20200424_210707.098343	-0.822899353209	-0.8014	-1.13262379212	-1.0697	-2.19911485751	-2.1707	0	
20200424_210707.106521	-0.822899353209	-0.8014	-1.13262379212	-1.0698	-2.19911485751	-2.1707	0	
20200424_210707.115334	-0.822899353209	-0.8014	-1.13262379212	-1.0697	-2.19911485751	-2.1706	0	
20200424_210707.123560	-0.822899353209	-0.8014	-1.13262379212	-1.0698	-2.19911485751	-2.1706	0	
20200424_210707.132137	-0.822899353209	-0.8014	-1.13262379212	-1.0698	-2.19911485751	-2.1706	0	
20200424_210707.140204	-0.822899353209	-0.8014	-1.13262379212	-1.0697	-2.19911485751	-2.1706	0	
20200424_210707.148418	-0.822899353209	-0.8014	-1.13262379212	-1.0697	-2.19911485751	-2.1705	0	
20200424_210707.156758	-0.822899353209	-0.8014	-1.13262379212	-1.0697	-2.19911485751	-2.1707	0	
20200424_210707.165129	-0.822899353209	-0.8014	-1.13262379212	-1.0697	-2.19911485751	-2.1707	0	
20200424_210707.173301	-0.822899353209	-0.8014	-1.13262379212	-1.0697	-2.19911485751	-2.1707	0	
20200424_210707.181814	-0.822899353209	-0.8014	-1.13262379212	-1.0697	-2.19911485751	-2.1707	0	
20200424_210707.189828	-0.822899353209	-0.8014	-1.13262379212	-1.0697	-2.19911485751	-2.1706	0	
20200424_210707.198257	-0.822899353209	-0.8014	-1.13262379212	-1.0697	-2.19911485751	-2.1706	0	
20200424_210707.206706	-0.822899353209	-0.8014	-1.13262379212	-1.0697	-2.19911485751	-2.1704	0	
20200424_210707.215014	-0.822899353209	-0.8014	-1.13262379212	-1.0698	-2.19911485751	-2.1705	0	
20200424_210707.223482	-0.822899353209	-0.8014	-1.13262379212	-1.0697	-2.19911485751	-2.1707	0	
20200424_210707.231841	-0.822899353209	-0.8014	-1.13262379212	-1.0697	-2.19911485751	-2.1707	0	
20200424_210707.240214	-0.822899353209	-0.8014	-1.13262379212	-1.0697	-2.19911485751	-2.1708	0	
20200424_210707.248873	-0.822899353209	-0.8014	-1.13262379212	-1.0697	-2.19911485751	-2.1709	0	
20200424_210707.257103	-0.822899353209	-0.8014	-1.13262379212	-1.0697	-2.19911485751	-2.1707	0	
20200424_210707.265102	-0.822899353209	-0.8014	-1.13262379212	-1.0697	-2.19911485751	-2.1706	0	
20200424_210707.273369	-0.822899353209	-0.8014	-1.13262379212	-1.0697	-2.19911485751	-2.1706	0	
20200424_210707.282152	-0.822899353209	-0.8014	-1.13262379212	-1.0697	-2.19911485751	-2.1706	0	
20200424_210707.290345	-0.822899353209	-0.8014	-1.13262379212	-1.0697	-2.19911485751	-2.1705	0	
20200424_210707.298435	-0.822899353209	-0.8014	-1.13262379212	-1.0697	-2.19911485751	-2.1706	0	
20200424_210707.306752	-0.822899353209	-0.8014	-1.13262379212	-1.0697	-2.19911485751	-2.1707	0	
20200424_210707.315177	-0.822899353209	-0.8014	-1.13262379212	-1.0697	-2.19911485751	-2.1708	0	
20200424_210707.323235	-0.822899353209	-0.8014	-1.13262379212	-1.0697	-2.19911485751	-2.1708	0	
20200424_210707.332030	-0.822899353209	-0.8014	-1.13262379212	-1.0697	-2.19911485751	-2.1707	0	
20200424_210707.339962	-0.822899353209	-0.8014	-1.13262379212	-1.0697	-2.19911485751	-2.1708	0	
20200424_210707.348034	-0.822899353209	-0.8014	-1.13262379212	-1.0697	-2.19911485751	-2.1708	0	
20200424_210707.356183	-0.822899353209	-0.8014	-1.13262379212	-1.0697	-2.19911485751	-2.1706	0	
20200424_210707.364820	-0.822899353209	-0.8014	-1.13262379212	-1.0697	-2.19911485751	-2.1707	0	
20200424_210707.373092	-0.822899353209	-0.8014	-1.13262379212	-1.0697	-2.19911485751	-2.1706	0	
20200424_210707.381922	-0.822899353209	-0.8014	-1.13262379212	-1.0697	-2.19911485751	-2.1708	0	
20200424_210707.389807	-0.822899353209	-0.8014	-1.13262379212	-1.0697	-2.19911485751	-2.1708	0	
20200424_210707.398369	-0.822899353209	-0.8014	-1.13262379212	-1.0697	-2.19911485751	-2.1707	0	
20200424_210707.406552	-0.822899353209	-0.8014	-1.13262379212	-1.0697	-2.19911485751	-2.1708	0	
20200424_210707.415141	-0.822899353209	-0.8014	-1.13262379212	-1.0697	-2.19911485751	-2.1708	0	
20200424_210707.423498	-0.822899353209	-0.8014	-1.13262379212	-1.0697	-2.19911485751	-2.1707	0	
20200424_210707.431563	-0.822899353209	-0.8014	-1.13262379212	-1.0697	-2.19911485751	-2.1706	0	
20200424_210707.439929	-0.822899353209	-0.8014	-1.13262379212	-1.0697	-2.19911485751	-2.1706	0	
20200424_210707.447871	-0.822899353209	-0.8014	-1.13262379212	-1.0697	-2.19911485751	-2.1706	0	
20200424_210707.456279	-0.822899353209	-0.8014	-1.13262379212	-1.0698	-2.19911485751	-2.1705	0	
20200424_210707.464912	-0.822899353209	-0.8014	-1.13262379212	-1.0697	-2.19911485751	-2.1707	0	
20200424_210707.472943	-0.822899353209	-0.8014	-1.13262379212	-1.0697	-2.19911485751	-2.1708	0	
20200424_210707.481370	-0.822899353209	-0.8014	-1.13262379212	-1.0697	-2.19911485751	-2.171	0	
20200424_210707.489830	-0.822899353209	-0.8014	-1.13262379212	-1.0697	-2.19911485751	-2.1707	0	
20200424_210707.498260	-0.822899353209	-0.8014	-1.13262379212	-1.0697	-2.19911485751	-2.1707	0	
20200424_210707.506564	-0.822899353209	-0.8013	-1.13262379212	-1.0697	-2.19911485751	-2.1706	0	
20200424_210707.514860	-0.822899353209	-0.8014	-1.13262379212	-1.0698	-2.19911485751	-2.1707	0	
20200424_210707.531974	-0.822899353209	-0.8013	-1.13262379212	-1.0697	-2.19911485751	-2.1707	0	
20200424_210707.532247	-0.822899353209	-0.8013	-1.13262379212	-1.0697	-2.19911485751	-2.1707	0	
20200424_210707.540039	-0.822899353209	-0.8014	-1.13262379212	-1.0697	-2.19911485751	-2.1706	0	
20200424_210707.548202	-0.822899353209	-0.8014	-1.13262379212	-1.0697	-2.19911485751	-2.1706	0	
20200424_210707.556601	-0.822899353209	-0.8014	-1.13262379212	-1.0697	-2.19911485751	-2.1707	0	
20200424_210707.564965	-0.822899353209	-0.8013	-1.13262379212	-1.0697	-2.19911485751	-2.1708	0	
20200424_210707.573773	-0.822899353209	-0.8013	-1.13262379212	-1.0697	-2.19911485751	-2.1707	0	
20200424_210707.581744	-0.822899353209	-0.8013	-1.13262379212	-1.0697	-2.19911485751	-2.1707	0	
20200424_210707.589926	-0.822899353209	-0.8013	-1.13262379212	-1.0697	-2.19911485751	-2.1707	0	
20200424_210707.598279	-0.822899353209	-0.8013	-1.13262379212	-1.0697	-2.19911485751	-2.1706	0	
20200424_210707.606741	-0.822899353209	-0.8013	-1.13262379212	-1.0697	-2.19911485751	-2.1707	0	
20200424_210707.614976	-0.822899353209	-0.8014	-1.13262379212	-1.0697	-2.19911485751	-2.1707	0	
20200424_210707.622978	-0.822899353209	-0.8014	-1.13262379212	-1.0697	-2.19911485751	-2.1706	0	
20200424_210707.631635	-0.822899353209	-0.8014	-1.13262379212	-1.0697	-2.19911485751	-2.1709	0	
20200424_210707.640085	-0.822899353209	-0.8014	-1.13262379212	-1.0697	-2.19911485751	-2.1707	0	
20200424_210707.648523	-0.822899353209	-0.8013	-1.13262379212	-1.0697	-2.19911485751	-2.1707	0	
20200424_210707.656389	-0.822899353209	-0.8013	-1.13262379212	-1.0697	-2.19911485751	-2.1706	0	
20200424_210707.664876	-0.822899353209	-0.8013	-1.13262379212	-1.0697	-2.19911485751	-2.1706	0	
20200424_210707.673112	-0.822899353209	-0.8013	-1.13262379212	-1.0697	-2.19911485751	-2.1706	0	
20200424_210707.681726	-0.822899353209	-0.8013	-1.13262379212	-1.0697	-2.19911485751	-2.1706	0	
20200424_210707.689938	-0.822899353209	-0.8013	-1.13262379212	-1.0697	-2.19911485751	-2.1706	0	
20200424_210707.698187	-0.822899353209	-0.8013	-1.13262379212	-1.0697	-2.19911485751	-2.1706	0	
20200424_210707.706754	-0.822899353209	-0.8014	-1.13262379212	-1.0697	-2.19911485751	-2.1707	0	
20200424_210707.715111	-0.822899353209	-0.8014	-1.13262379212	-1.0697	-2.19911485751	-2.1706	0	
20200424_210707.723653	-0.822899353209	-0.8014	-1.13262379212	-1.0697	-2.19911485751	-2.1706	0	
20200424_210707.731652	-0.822899353209	-0.8014	-1.13262379212	-1.0697	-2.19911485751	-2.1706	0	
20200424_210707.740622	-0.822899353209	-0.8013	-1.13262379212	-1.0697	-2.19911485751	-2.1706	0	
20200424_210707.748634	-0.822899353209	-0.8013	-1.13262379212	-1.0697	-2.19911485751	-2.1706	0	
20200424_210707.756687	-0.822899353209	-0.8013	-1.13262379212	-1.0697	-2.19911485751	-2.1706	0	
20200424_210707.765462	-0.822899353209	-0.8013	-1.13262379212	-1.0697	-2.19911485751	-2.1705	0	
20200424_210707.773491	-0.822899353209	-0.8013	-1.13262379212	-1.0697	-2.19911485751	-2.1706	0	
20200424_210707.781385	-0.822899353209	-0.8014	-1.13262379212	-1.0697	-2.19911485751	-2.1707	0	
20200424_210707.789699	-0.822899353209	-0.8014	-1.13262379212	-1.0697	-2.19911485751	-2.1708	0	
20200424_210707.798186	-0.822899353209	-0.8014	-1.13262379212	-1.0697	-2.19911485751	-2.1707	0	
20200424_210707.806385	-0.822899353209	-0.8014	-1.13262379212	-1.0697	-2.19911485751	-2.1709	0	
20200424_210707.815259	-0.822899353209	-0.8013	-1.13262379212	-1.0697	-2.19911485751	-2.1708	0	
20200424_210707.823859	-0.822899353209	-0.8013	-1.13262379212	-1.0697	-2.19911485751	-2.1707	0	
20200424_210707.831706	-0.822899353209	-0.8014	-1.13262379212	-1.0697	-2.19911485751	-2.1706	0	
20200424_210707.840244	-0.822899353209	-0.8014	-1.13262379212	-1.0697	-2.19911485751	-2.1706	0	
20200424_210707.848433	-0.822899353209	-0.8013	-1.13262379212	-1.0697	-2.19911485751	-2.1708	0	
20200424_210707.856661	-0.822899353209	-0.8014	-1.13262379212	-1.0697	-2.19911485751	-2.1706	0	
20200424_210707.865707	-0.822899353209	-0.8014	-1.13262379212	-1.0697	-2.19911485751	-2.1708	0	
20200424_210707.873381	-0.822899353209	-0.8014	-1.13262379212	-1.0697	-2.19911485751	-2.1708	0	
20200424_210707.882203	-0.822899353209	-0.8014	-1.13262379212	-1.0697	-2.19911485751	-2.1707	0	
20200424_210707.890573	-0.822899353209	-0.8014	-1.13262379212	-1.0697	-2.19911485751	-2.1708	0	
20200424_210707.898492	-0.822899353209	-0.8014	-1.13262379212	-1.0697	-2.19911485751	-2.1707	0	
20200424_210707.906779	-0.822899353209	-0.8013	-1.13262379212	-1.0697	-2.19911485751	-2.1707	0	
20200424_210707.915174	-0.822899353209	-0.8014	-1.13262379212	-1.0697	-2.19911485751	-2.1706	0	
20200424_210707.923767	-0.822899353209	-0.8013	-1.13262379212	-1.0697	-2.19911485751	-2.1706	0	
20200424_210707.931673	-0.822899353209	-0.8013	-1.13262379212	-1.0697	-2.19911485751	-2.1707	0	
20200424_210707.940668	-0.822899353209	-0.8013	-1.13262379212	-1.0697	-2.19911485751	-2.1706	0	
20200424_210707.948259	-0.822899353209	-0.8013	-1.13262379212	-1.0697	-2.19911485751	-2.1707	0	
20200424_210707.957230	-0.822899353209	-0.8014	-1.13262379212	-1.0697	-2.19911485751	-2.1708	0	
20200424_210707.965201	-0.822899353209	-0.8014	-1.13262379212	-1.0697	-2.19911485751	-2.1707	0	
20200424_210707.973125	-0.822899353209	-0.8014	-1.13262379212	-1.0697	-2.19911485751	-2.1707	0	
20200424_210707.982155	-0.822899353209	-0.8013	-1.13262379212	-1.0697	-2.19911485751	-2.1706	0	
20200424_210707.990043	-0.822899353209	-0.8013	-1.13262379212	-1.0697	-2.19911485751	-2.1708	0	
20200424_210707.998503	-0.822899353209	-0.8013	-1.13262379212	-1.0697	-2.19911485751	-2.1707	0	
20200424_210708.006498	-0.822899353209	-0.8013	-1.13262379212	-1.0697	-2.19911485751	-2.1706	0	
20200424_210708.014902	-0.822899353209	-0.8013	-1.13262379212	-1.0697	-2.19911485751	-2.1708	0	
20200424_210708.023371	-0.822899353209	-0.8013	-1.13262379212	-1.0697	-2.19911485751	-2.1709	0	
20200424_210708.031978	-0.822899353209	-0.8013	-1.13262379212	-1.0697	-2.19911485751	-2.1709	0	
20200424_210708.040222	-0.822899353209	-0.8014	-1.13262379212	-1.0697	-2.19911485751	-2.1707	0	
20200424_210708.049102	-0.822899353209	-0.8013	-1.13262379212	-1.0697	-2.19911485751	-2.1709	0	
20200424_210708.057113	-0.822899353209	-0.8013	-1.13262379212	-1.0697	-2.19911485751	-2.1707	0	
20200424_210708.065346	-0.822899353209	-0.8013	-1.13262379212	-1.0697	-2.19911485751	-2.1708	0	
20200424_210708.073775	-0.822899353209	-0.8013	-1.13262379212	-1.0697	-2.19911485751	-2.1707	0	
20200424_210708.081572	-0.822899353209	-0.8013	-1.13262379212	-1.0697	-2.19911485751	-2.1706	0	
20200424_210708.090074	-0.822899353209	-0.8013	-1.13262379212	-1.0697	-2.19911485751	-2.1707	0	
20200424_210708.098554	-0.822899353209	-0.8013	-1.13262379212	-1.0697	-2.19911485751	-2.1706	0	
20200424_210708.106867	-0.822899353209	-0.8013	-1.13262379212	-1.0697	-2.19911485751	-2.1707	0	
20200424_210708.115677	-0.822899353209	-0.8013	-1.13262379212	-1.0697	-2.19911485751	-2.1707	0	
20200424_210708.123631	-0.822899353209	-0.8013	-1.13262379212	-1.0697	-2.19911485751	-2.1706	0	
20200424_210708.132748	-0.822899353209	-0.8013	-1.13262379212	-1.0697	-2.19911485751	-2.1708	0	
20200424_210708.140721	-0.822899353209	-0.8013	-1.13262379212	-1.0697	-2.19911485751	-2.1706	0	
20200424_210708.148171	-0.822899353209	-0.8013	-1.13262379212	-1.0697	-2.19911485751	-2.1707	0	
20200424_210708.156637	-0.822899353209	-0.8014	-1.13262379212	-1.0697	-2.19911485751	-2.1708	0	
20200424_210708.165276	-0.822899353209	-0.8013	-1.13262379212	-1.0697	-2.19911485751	-2.1707	0	
20200424_210708.173740	-0.822899353209	-0.8013	-1.13262379212	-1.0697	-2.19911485751	-2.1709	0	
20200424_210708.182021	-0.822899353209	-0.8013	-1.13262379212	-1.0697	-2.19911485751	-2.1708	0	
20200424_210708.189938	-0.822899353209	-0.8013	-1.13262379212	-1.0697	-2.19911485751	-2.1708	0	
20200424_210708.198073	-0.822899353209	-0.8013	-1.13262379212	-1.0697	-2.19911485751	-2.1709	0	
20200424_210708.207015	-0.822899353209	-0.8013	-1.13262379212	-1.0697	-2.19911485751	-2.1709	0	
20200424_210708.214949	-0.822899353209	-0.8013	-1.13262379212	-1.0697	-2.19911485751	-2.1707	0	
20200424_210708.223192	-0.822899353209	-0.8013	-1.13262379212	-1.0697	-2.19911485751	-2.1707	0	
20200424_210708.231835	-0.822899353209	-0.8013	-1.13262379212	-1.0697	-2.19911485751	-2.1708	0	
20200424_210708.240665	-0.822899353209	-0.8013	-1.13262379212	-1.0697	-2.19911485751	-2.1706	0	
20200424_210708.248587	-0.822899353209	-0.8013	-1.13262379212	-1.0697	-2.19911485751	-2.1707	0	
20200424_210708.256359	-0.822899353209	-0.8013	-1.13262379212	-1.0697	-2.19911485751	-2.1706	0	
20200424_210708.264840	-0.822899353209	-0.8013	-1.13262379212	-1.0697	-2.19911485751	-2.1709	0	
20200424_210708.274111	-0.822899353209	-0.8014	-1.13262379212	-1.0697	-2.19911485751	-2.1709	0	
20200424_210708.282097	-0.822899353209	-0.8013	-1.13262379212	-1.0697	-2.19911485751	-2.1709	0	
20200424_210708.289885	-0.822899353209	-0.8013	-1.13262379212	-1.0697	-2.19911485751	-2.1709	0	
20200424_210708.298749	-0.822899353209	-0.8013	-1.13262379212	-1.0697	-2.19911485751	-2.1707	0	
20200424_210708.307367	-0.822899353209	-0.8013	-1.13262379212	-1.0697	-2.19911485751	-2.1708	0	
20200424_210708.314868	-0.822899353209	-0.8013	-1.13262379212	-1.0697	-2.19911485751	-2.1709	0	
20200424_210708.323262	-0.822899353209	-0.8014	-1.13262379212	-1.0697	-2.19911485751	-2.1707	0	
20200424_210708.331574	-0.822899353209	-0.8014	-1.13262379212	-1.0697	-2.19911485751	-2.1709	0	
20200424_210708.340413	-0.822899353209	-0.8014	-1.13262379212	-1.0697	-2.19911485751	-2.1708	0	
20200424_210708.349164	-0.822899353209	-0.8014	-1.13262379212	-1.0697	-2.19911485751	-2.171	0	
20200424_210708.357106	-0.822899353209	-0.8014	-1.13262379212	-1.0697	-2.19911485751	-2.1709	0	
20200424_210708.365337	-0.822899353209	-0.8014	-1.13262379212	-1.0697	-2.19911485751	-2.171	0	
20200424_210708.373110	-0.822899353209	-0.8014	-1.13262379212	-1.0697	-2.19911485751	-2.1709	0	
20200424_210708.381510	-0.822899353209	-0.8013	-1.13262379212	-1.0697	-2.19911485751	-2.1707	0	
20200424_210708.390132	-0.822899353209	-0.8013	-1.13262379212	-1.0697	-2.19911485751	-2.1707	0	
20200424_210708.398396	-0.822899353209	-0.8013	-1.13262379212	-1.0697	-2.19911485751	-2.1706	0	
20200424_210708.406572	-0.822899353209	-0.8013	-1.13262379212	-1.0697	-2.19911485751	-2.1708	0	
20200424_210708.415128	-0.822899353209	-0.8013	-1.13262379212	-1.0697	-2.19911485751	-2.1707	0	
20200424_210708.423324	-0.822899353209	-0.8013	-1.13262379212	-1.0697	-2.19911485751	-2.1708	0	
20200424_210708.431721	-0.822899353209	-0.8013	-1.13262379212	-1.0697	-2.19911485751	-2.1708	0	
20200424_210708.440460	-0.822899353209	-0.8013	-1.13262379212	-1.0697	-2.19911485751	-2.1709	0	
20200424_210708.448439	-0.822899353209	-0.8013	-1.13262379212	-1.0697	-2.19911485751	-2.1707	0	
20200424_210708.456538	-0.822899353209	-0.8013	-1.13262379212	-1.0697	-2.19911485751	-2.1707	0	
20200424_210708.465329	-0.822899353209	-0.8013	-1.13262379212	-1.0697	-2.19911485751	-2.1706	0	
20200424_210708.473943	-0.822899353209	-0.8013	-1.13262379212	-1.0697	-2.19911485751	-2.1707	0	
20200424_210708.482495	-0.822899353209	-0.8013	-1.13262379212	-1.0697	-2.19911485751	-2.1707	0	
20200424_210708.489934	-0.822899353209	-0.8013	-1.13262379212	-1.0697	-2.19911485751	-2.1707	0	
20200424_210708.498127	-0.822899353209	-0.8013	-1.13262379212	-1.0697	-2.19911485751	-2.1708	0	
20200424_210708.507085	-0.822899353209	-0.8013	-1.13262379212	-1.0697	-2.19911485751	-2.1708	0	
20200424_210708.515282	-0.822899353209	-0.8013	-1.13262379212	-1.0697	-2.19911485751	-2.1708	0	
20200424_210708.523264	-0.822899353209	-0.8013	-1.13262379212	-1.0697	-2.19911485751	-2.1708	0	
20200424_210708.531489	-0.822899353209	-0.8013	-1.13262379212	-1.0697	-2.19911485751	-2.1708	0	
20200424_210708.540526	-0.822899353209	-0.8013	-1.13262379212	-1.0697	-2.19911485751	-2.1706	0	
20200424_210708.548812	-0.822899353209	-0.8013	-1.13262379212	-1.0697	-2.19911485751	-2.1707	0	
20200424_210708.556652	-0.822899353209	-0.8013	-1.13262379212	-1.0697	-2.19911485751	-2.1705	0	
20200424_210708.564648	-0.822899353209	-0.8013	-1.13262379212	-1.0697	-2.19911485751	-2.1706	0	
20200424_210708.572974	-0.822899353209	-0.8013	-1.13262379212	-1.0697	-2.19911485751	-2.1708	0	
20200424_210708.581726	-0.822899353209	-0.8013	-1.13262379212	-1.0697	-2.19911485751	-2.1708	0	
20200424_210708.589652	-0.822899353209	-0.8013	-1.13262379212	-1.0697	-2.19911485751	-2.1709	0	
20200424_210708.597806	-0.822899353209	-0.8013	-1.13262379212	-1.0697	-2.19911485751	-2.1708	0	
20200424_210708.606386	-0.822899353209	-0.8013	-1.13262379212	-1.0697	-2.19911485751	-2.1708	0	
20200424_210708.614514	-0.822899353209	-0.8013	-1.13262379212	-1.0697	-2.19911485751	-2.1706	0	
20200424_210708.623084	-0.822899353209	-0.8013	-1.13262379212	-1.0697	-2.19911485751	-2.1706	0	
20200424_210708.631569	-0.822899353209	-0.8013	-1.13262379212	-1.0697	-2.19911485751	-2.1706	0	
20200424_210708.639645	-0.822899353209	-0.8013	-1.13262379212	-1.0697	-2.19911485751	-2.1707	0	
20200424_210708.648796	-0.822899353209	-0.8013	-1.13262379212	-1.0697	-2.19911485751	-2.1708	0	
20200424_210708.658026	-0.822899353209	-0.8013	-1.13262379212	-1.0697	-2.19911485751	-2.1709	0	
20200424_210708.665206	-0.822899353209	-0.8014	-1.13262379212	-1.0697	-2.19911485751	-2.1709	0	
20200424_210708.673091	-0.822899353209	-0.8014	-1.13262379212	-1.0697	-2.19911485751	-2.1708	0	
20200424_210708.683856	-0.822899353209	-0.8013	-1.13262379212	-1.0697	-2.19911485751	-2.1709	0	
