Time	X_Setpt	X_FB	Y_Setpt	Y_FB	Theta_Setpt	Theta_FB	Motion Status	
20200424_210631.456116	0.5	1.0727	-1.22464679915e-16	-0.8212	0.0	-0.6929	1	
20200424_210631.550672	0.5	1.0726	-1.22464679915e-16	-0.8212	0.0	-0.6922	1	
20200424_210631.648980	0.5	1.0747	-1.22464679915e-16	-0.8234	0.0	-0.6691	1	
20200424_210631.749702	0.5	1.0754	-1.22464679915e-16	-0.8241	0.0	-0.6584	1	
20200424_210631.849011	0.5	1.077	-1.22464679915e-16	-0.8261	0.0	-0.6266	1	
20200424_210631.949834	0.5	1.0781	-1.22464679915e-16	-0.827	0.0	-0.6044	1	
20200424_210632.049022	0.5	1.0791	-1.22464679915e-16	-0.8285	0.0	-0.5911	1	
20200424_210632.149035	0.5	1.0803	-1.22464679915e-16	-0.83	0.0	-0.5519	1	
20200424_210632.248804	0.5	1.0844	-1.22464679915e-16	-0.835	0.0	-0.475	1	
20200424_210632.348876	0.5	1.0879	-1.22464679915e-16	-0.8372	0.0	-0.3428	1	
20200424_210632.448715	0.5	1.0942	-1.22464679915e-16	-0.8425	0.0	-0.2407	1	
20200424_210632.651915	0.5	1.1163	-1.22464679915e-16	-0.8576	0.0	-0.0295	1	
20200424_210632.653951	0.5	1.12	-1.22464679915e-16	-0.8589	0.0	-0.014	1	
20200424_210632.749238	0.5	1.129	-1.22464679915e-16	-0.862	0.0	0.1055	1	
20200424_210632.848901	0.5	1.1381	-1.22464679915e-16	-0.8638	0.0	0.1956	1	
20200424_210632.948874	0.5	1.1494	-1.22464679915e-16	-0.8644	0.0	0.3143	1	
20200424_210633.049437	0.5	1.1594	-1.22464679915e-16	-0.8644	0.0	0.447	1	
20200424_210633.148988	0.5	1.1694	-1.22464679915e-16	-0.8627	0.0	0.5703	1	
20200424_210633.248598	0.5	1.1802	-1.22464679915e-16	-0.8595	0.0	0.6766	1	
20200424_210633.349195	0.5	1.1891	-1.22464679915e-16	-0.8552	0.0	0.7924	1	
20200424_210633.449778	0.5	1.199	-1.22464679915e-16	-0.8496	0.0	0.9122	1	
20200424_210633.548710	0.5	1.2075	-1.22464679915e-16	-0.8439	0.0	1.0394	1	
20200424_210633.648787	0.5	1.2145	-1.22464679915e-16	-0.8378	0.0	1.1417	1	
20200424_210633.749935	0.5	1.2175	-1.22464679915e-16	-0.8289	0.0	1.2324	1	
20200424_210633.848608	0.5	1.2303	-1.22464679915e-16	-0.8166	0.0	1.4108	1	
20200424_210633.948960	0.5	1.2338	-1.22464679915e-16	-0.8071	0.0	1.5257	1	
20200424_210634.050457	0.5	1.2379	-1.22464679915e-16	-0.7966	0.0	1.6425	1	
20200424_210634.149256	0.5	1.2386	-1.22464679915e-16	-0.7856	0.0	1.7798	1	
20200424_210634.249174	0.5	1.2408	-1.22464679915e-16	-0.7771	0.0	1.9031	1	
20200424_210634.349180	0.5	1.239	-1.22464679915e-16	-0.7646	0.0	2.0216	1	
20200424_210634.449311	0.5	1.2386	-1.22464679915e-16	-0.7541	0.0	2.1231	1	
20200424_210634.550464	0.485410196625	1.2325	0.352671151375	-0.7407	0.628318530718	2.1673	1	
20200424_210634.648714	0.485410196625	1.2233	0.352671151375	-0.7251	0.628318530718	2.1882	1	
20200424_210634.749899	0.485410196625	1.2124	0.352671151375	-0.7102	0.628318530718	2.1923	1	
20200424_210634.849395	0.485410196625	1.2017	0.352671151375	-0.6946	0.628318530718	2.2121	1	
20200424_210634.948742	0.485410196625	1.1899	0.352671151375	-0.6787	0.628318530718	2.2179	1	
20200424_210635.049017	0.485410196625	1.1785	0.352671151375	-0.6621	0.628318530718	2.2081	1	
20200424_210635.148560	0.485410196625	1.1663	0.352671151375	-0.6468	0.628318530718	2.2248	1	
20200424_210635.249850	0.485410196625	1.1542	0.352671151375	-0.6305	0.628318530718	2.2165	1	
20200424_210635.348773	0.485410196625	1.1421	0.352671151375	-0.6138	0.628318530718	2.2245	1	
20200424_210635.449229	0.485410196625	1.1312	0.352671151375	-0.6001	0.628318530718	2.2277	1	
20200424_210635.551320	0.485410196625	1.1198	0.352671151375	-0.5842	0.628318530718	2.2428	1	
20200424_210635.648980	0.485410196625	1.1071	0.352671151375	-0.567	0.628318530718	2.2284	1	
20200424_210635.749226	0.485410196625	1.0943	0.352671151375	-0.5511	0.628318530718	2.2273	1	
20200424_210635.849250	0.485410196625	1.0819	0.352671151375	-0.5354	0.628318530718	2.2471	1	
20200424_210635.949680	0.485410196625	1.0701	0.352671151375	-0.5196	0.628318530718	2.2386	1	
20200424_210636.050124	0.485410196625	1.0587	0.352671151375	-0.505	0.628318530718	2.2442	1	
20200424_210636.149666	0.485410196625	1.0452	0.352671151375	-0.4895	0.628318530718	2.237	1	
20200424_210636.249064	0.485410196625	1.0324	0.352671151375	-0.4737	0.628318530718	2.2608	1	
20200424_210636.349456	0.485410196625	1.0189	0.352671151375	-0.4573	0.628318530718	2.2451	1	
20200424_210636.450800	0.485410196625	1.007	0.352671151375	-0.4435	0.628318530718	2.2352	1	
20200424_210636.549269	0.485410196625	0.9959	0.352671151375	-0.4284	0.628318530718	2.2292	1	
20200424_210636.648792	0.485410196625	0.9834	0.352671151375	-0.4133	0.628318530718	2.2212	1	
20200424_210636.749815	0.485410196625	0.9715	0.352671151375	-0.3975	0.628318530718	2.2117	1	
20200424_210636.850338	0.485410196625	0.9598	0.352671151375	-0.3817	0.628318530718	2.2313	1	
20200424_210636.950834	0.485410196625	0.947	0.352671151375	-0.3663	0.628318530718	2.2136	1	
20200424_210637.049736	0.485410196625	0.9349	0.352671151375	-0.3508	0.628318530718	2.2083	1	
20200424_210637.148749	0.485410196625	0.9227	0.352671151375	-0.3343	0.628318530718	2.2109	1	
20200424_210637.249501	0.485410196625	0.9103	0.352671151375	-0.3178	0.628318530718	2.2276	1	
20200424_210637.350409	0.485410196625	0.8988	0.352671151375	-0.3026	0.628318530718	2.2324	1	
20200424_210637.448699	0.485410196625	0.8863	0.352671151375	-0.2878	0.628318530718	2.1986	1	
20200424_210637.549205	0.216311896062	0.8757	0.665739561407	-0.2739	1.25663706144	2.1974	1	
20200424_210637.648970	0.216311896062	0.8634	0.665739561407	-0.2582	1.25663706144	2.1681	1	
20200424_210637.749835	0.216311896062	0.8523	0.665739561407	-0.2432	1.25663706144	2.1837	1	
20200424_210637.849819	0.216311896062	0.8423	0.665739561407	-0.2268	1.25663706144	2.185	1	
20200424_210637.950581	0.216311896062	0.8309	0.665739561407	-0.2101	1.25663706144	2.2015	1	
20200424_210638.049220	0.216311896062	0.82	0.665739561407	-0.194	1.25663706144	2.2024	1	
20200424_210638.148975	0.216311896062	0.8078	0.665739561407	-0.1775	1.25663706144	2.2063	1	
20200424_210638.250002	0.216311896062	0.7955	0.665739561407	-0.1609	1.25663706144	2.2119	1	
20200424_210638.349341	0.216311896062	0.7831	0.665739561407	-0.1447	1.25663706144	2.2146	1	
20200424_210638.448812	0.216311896062	0.7705	0.665739561407	-0.128	1.25663706144	2.2117	1	
20200424_210638.548937	0.216311896062	0.7593	0.665739561407	-0.1124	1.25663706144	2.1845	1	
20200424_210638.648918	0.216311896062	0.7488	0.665739561407	-0.0973	1.25663706144	2.2056	1	
20200424_210638.748762	0.216311896062	0.7369	0.665739561407	-0.0815	1.25663706144	2.2137	1	
20200424_210638.849489	0.216311896062	0.7272	0.665739561407	-0.0655	1.25663706144	2.2083	1	
20200424_210638.950038	0.216311896062	0.7145	0.665739561407	-0.0496	1.25663706144	2.205	1	
20200424_210639.049404	0.216311896062	0.7024	0.665739561407	-0.0332	1.25663706144	2.2099	1	
20200424_210639.149294	0.216311896062	0.691	0.665739561407	-0.0175	1.25663706144	2.2153	1	
20200424_210639.248713	0.216311896062	0.6793	0.665739561407	-0.0022	1.25663706144	2.2147	1	
20200424_210639.350322	0.216311896062	0.6672	0.665739561407	0.015	1.25663706144	2.2085	1	
20200424_210639.449510	0.216311896062	0.6546	0.665739561407	0.0303	1.25663706144	2.2004	1	
20200424_210639.551224	0.216311896062	0.6435	0.665739561407	0.0461	1.25663706144	2.192	1	
20200424_210639.648987	0.216311896062	0.6324	0.665739561407	0.0615	1.25663706144	2.1851	1	
20200424_210639.748885	0.216311896062	0.6211	0.665739561407	0.0786	1.25663706144	2.1897	1	
20200424_210639.850367	0.216311896062	0.6102	0.665739561407	0.0931	1.25663706144	2.1774	1	
20200424_210639.950482	0.216311896062	0.5987	0.665739561407	0.11	1.25663706144	2.1792	1	
20200424_210640.050567	0.216311896062	0.587	0.665739561407	0.1254	1.25663706144	2.1757	1	
20200424_210640.149277	0.216311896062	0.5769	0.665739561407	0.1403	1.25663706144	2.1797	1	
20200424_210640.248771	0.216311896062	0.5652	0.665739561407	0.1569	1.25663706144	2.1938	1	
20200424_210640.349531	0.216311896062	0.5554	0.665739561407	0.1727	1.25663706144	2.1857	1	
20200424_210640.450812	0.216311896062	0.5442	0.665739561407	0.1885	1.25663706144	2.1692	1	
20200424_210640.549311	-0.2472135955	0.5338	0.760845213036	0.2037	1.88495559215	2.1621	1	
20200424_210640.649400	-0.2472135955	0.5251	0.760845213036	0.2192	1.88495559215	2.2127	1	
20200424_210640.748889	-0.2472135955	0.5187	0.760845213036	0.2325	1.88495559215	2.2871	1	
20200424_210640.849438	-0.2472135955	0.5097	0.760845213036	0.2451	1.88495559215	2.3541	1	
20200424_210640.950456	-0.2472135955	0.5012	0.760845213036	0.2566	1.88495559215	2.4123	1	
20200424_210641.049666	-0.2472135955	0.4891	0.760845213036	0.2682	1.88495559215	2.4399	1	
20200424_210641.149571	-0.2472135955	0.4758	0.760845213036	0.2812	1.88495559215	2.4885	1	
20200424_210641.248970	-0.2472135955	0.4614	0.760845213036	0.2926	1.88495559215	2.4916	1	
20200424_210641.349585	-0.2472135955	0.4455	0.760845213036	0.3044	1.88495559215	2.5161	1	
20200424_210641.450422	-0.2472135955	0.4294	0.760845213036	0.3166	1.88495559215	2.516	1	
20200424_210641.549430	-0.2472135955	0.4135	0.760845213036	0.3289	1.88495559215	2.5238	1	
20200424_210641.648652	-0.2472135955	0.3968	0.760845213036	0.3413	1.88495559215	2.5191	1	
20200424_210641.748951	-0.2472135955	0.3824	0.760845213036	0.3528	1.88495559215	2.5215	1	
20200424_210641.848988	-0.2472135955	0.3663	0.760845213036	0.3643	1.88495559215	2.5085	1	
20200424_210641.949007	-0.2472135955	0.3516	0.760845213036	0.3738	1.88495559215	2.5133	1	
20200424_210642.049593	-0.2472135955	0.3366	0.760845213036	0.3845	1.88495559215	2.4913	1	
20200424_210642.149330	-0.2472135955	0.3206	0.760845213036	0.3973	1.88495559215	2.4793	1	
20200424_210642.248968	-0.2472135955	0.3058	0.760845213036	0.4098	1.88495559215	2.497	1	
20200424_210642.349657	-0.2472135955	0.2889	0.760845213036	0.4216	1.88495559215	2.4988	1	
20200424_210642.450301	-0.2472135955	0.2737	0.760845213036	0.4335	1.88495559215	2.504	1	
20200424_210642.550425	-0.2472135955	0.2568	0.760845213036	0.446	1.88495559215	2.5242	1	
20200424_210642.649774	-0.2472135955	0.2404	0.760845213036	0.4573	1.88495559215	2.5185	1	
20200424_210642.749536	-0.2472135955	0.2256	0.760845213036	0.4688	1.88495559215	2.4887	1	
20200424_210642.849574	-0.2472135955	0.21	0.760845213036	0.4807	1.88495559215	2.4966	1	
20200424_210642.950383	-0.2472135955	0.1943	0.760845213036	0.4926	1.88495559215	2.518	1	
20200424_210643.049590	-0.2472135955	0.1797	0.760845213036	0.504	1.88495559215	2.5168	1	
20200424_210643.149793	-0.2472135955	0.164	0.760845213036	0.5156	1.88495559215	2.5505	1	
20200424_210643.248818	-0.2472135955	0.1489	0.760845213036	0.5257	1.88495559215	2.5278	1	
20200424_210643.350127	-0.2472135955	0.1337	0.760845213036	0.5377	1.88495559215	2.535	1	
20200424_210643.450056	-0.2472135955	0.1169	0.760845213036	0.5486	1.88495559215	2.5331	1	
20200424_210643.549330	-0.728115294937	0.1017	0.529006727063	0.5599	2.51327412287	2.5434	1	
20200424_210643.648732	-0.728115294937	0.0917	0.529006727063	0.5694	2.51327412287	2.619	1	
20200424_210643.749023	-0.728115294937	0.0845	0.529006727063	0.5772	2.51327412287	2.7434	1	
20200424_210643.849768	-0.728115294937	0.0766	0.529006727063	0.5835	2.51327412287	2.8271	1	
20200424_210643.949374	-0.728115294937	0.0659	0.529006727063	0.5885	2.51327412287	2.9327	1	
20200424_210644.048898	-0.728115294937	0.0523	0.529006727063	0.5937	2.51327412287	3.0112	1	
20200424_210644.149665	-0.728115294937	0.0382	0.529006727063	0.5973	2.51327412287	3.0797	1	
20200424_210644.248831	-0.728115294937	0.0242	0.529006727063	0.5993	2.51327412287	3.1299	1	
20200424_210644.350311	-0.728115294937	0.0078	0.529006727063	0.5993	2.51327412287	3.1367	1	
20200424_210644.449130	-0.728115294937	-0.0068	0.529006727063	0.6003	2.51327412287	-3.1172	1	
20200424_210644.550740	-0.728115294937	-0.0227	0.529006727063	0.6008	2.51327412287	-3.1025	1	
20200424_210644.648933	-0.728115294937	-0.0426	0.529006727063	0.5997	2.51327412287	-3.0968	1	
20200424_210644.749200	-0.728115294937	-0.0637	0.529006727063	0.5989	2.51327412287	-3.0941	1	
20200424_210644.850991	-0.728115294937	-0.0792	0.529006727063	0.5982	2.51327412287	-3.0912	1	
20200424_210644.950043	-0.728115294937	-0.0986	0.529006727063	0.5965	2.51327412287	-3.0945	1	
20200424_210645.048708	-0.728115294937	-0.1182	0.529006727063	0.5953	2.51327412287	-3.103	1	
20200424_210645.149054	-0.728115294937	-0.1407	0.529006727063	0.5945	2.51327412287	-3.1081	1	
20200424_210645.248882	-0.728115294937	-0.1593	0.529006727063	0.5937	2.51327412287	-3.0987	1	
20200424_210645.349802	-0.728115294937	-0.1795	0.529006727063	0.5924	2.51327412287	-3.1008	1	
20200424_210645.449732	-0.728115294937	-0.2005	0.529006727063	0.591	2.51327412287	-3.1058	1	
20200424_210645.548706	-0.728115294937	-0.2211	0.529006727063	0.5903	2.51327412287	-3.0964	1	
20200424_210645.648688	-0.728115294937	-0.2397	0.529006727063	0.5895	2.51327412287	-3.1044	1	
20200424_210645.749405	-0.728115294937	-0.2601	0.529006727063	0.588	2.51327412287	-3.1082	1	
20200424_210645.848772	-0.728115294937	-0.2801	0.529006727063	0.5874	2.51327412287	-3.1127	1	
20200424_210645.948570	-0.728115294937	-0.2992	0.529006727063	0.5866	2.51327412287	-3.1089	1	
20200424_210646.050031	-0.728115294937	-0.3187	0.529006727063	0.5864	2.51327412287	-3.0888	1	
20200424_210646.149350	-0.728115294937	-0.337	0.529006727063	0.5865	2.51327412287	-3.0603	1	
20200424_210646.250411	-0.728115294937	-0.357	0.529006727063	0.5839	2.51327412287	-3.0581	1	
20200424_210646.349481	-0.728115294937	-0.3764	0.529006727063	0.5831	2.51327412287	-3.0494	1	
20200424_210646.449641	-0.728115294937	-0.3974	0.529006727063	0.582	2.51327412287	-3.048	1	
20200424_210646.549314	-1.0	-0.4164	3.67394039744e-16	0.58	3.14159265359	-3.0354	1	
20200424_210646.649283	-1.0	-0.4313	3.67394039744e-16	0.5806	3.14159265359	-2.9595	1	
20200424_210646.749335	-1.0	-0.4422	3.67394039744e-16	0.5804	3.14159265359	-2.8701	1	
20200424_210646.849003	-1.0	-0.4525	3.67394039744e-16	0.5804	3.14159265359	-2.7597	1	
20200424_210646.948957	-1.0	-0.4638	3.67394039744e-16	0.5798	3.14159265359	-2.6259	1	
20200424_210647.049188	-1.0	-0.4748	3.67394039744e-16	0.5764	3.14159265359	-2.5346	1	
20200424_210647.148822	-1.0	-0.4869	3.67394039744e-16	0.5707	3.14159265359	-2.4751	1	
20200424_210647.249354	-1.0	-0.5014	3.67394039744e-16	0.5622	3.14159265359	-2.4189	1	
20200424_210647.349359	-1.0	-0.5131	3.67394039744e-16	0.5544	3.14159265359	-2.3724	1	
20200424_210647.449995	-1.0	-0.5266	3.67394039744e-16	0.5418	3.14159265359	-2.3446	1	
20200424_210647.549142	-1.0	-0.5401	3.67394039744e-16	0.5275	3.14159265359	-2.3424	1	
20200424_210647.649257	-1.0	-0.5536	3.67394039744e-16	0.5143	3.14159265359	-2.3392	1	
20200424_210647.748925	-1.0	-0.5662	3.67394039744e-16	0.4999	3.14159265359	-2.353	1	
20200424_210647.849867	-1.0	-0.5807	3.67394039744e-16	0.4849	3.14159265359	-2.3528	1	
20200424_210647.948866	-1.0	-0.5947	3.67394039744e-16	0.4712	3.14159265359	-2.3536	1	
20200424_210648.049264	-1.0	-0.6104	3.67394039744e-16	0.4563	3.14159265359	-2.3525	1	
20200424_210648.150504	-1.0	-0.6243	3.67394039744e-16	0.4421	3.14159265359	-2.3519	1	
20200424_210648.249222	-1.0	-0.6394	3.67394039744e-16	0.4283	3.14159265359	-2.3483	1	
20200424_210648.348767	-1.0	-0.6539	3.67394039744e-16	0.4141	3.14159265359	-2.3445	1	
20200424_210648.449170	-1.0	-0.6684	3.67394039744e-16	0.3993	3.14159265359	-2.3392	1	
20200424_210648.550297	-1.0	-0.6816	3.67394039744e-16	0.3852	3.14159265359	-2.3438	1	
20200424_210648.649009	-1.0	-0.6963	3.67394039744e-16	0.3707	3.14159265359	-2.339	1	
20200424_210648.749752	-1.0	-0.7102	3.67394039744e-16	0.3562	3.14159265359	-2.3412	1	
20200424_210648.849162	-1.0	-0.7253	3.67394039744e-16	0.3425	3.14159265359	-2.3281	1	
20200424_210648.951727	-1.0	-0.7391	3.67394039744e-16	0.3291	3.14159265359	-2.3258	1	
20200424_210649.049538	-1.0	-0.7526	3.67394039744e-16	0.3155	3.14159265359	-2.3263	1	
20200424_210649.149231	-1.0	-0.7663	3.67394039744e-16	0.3009	3.14159265359	-2.3307	1	
20200424_210649.250174	-1.0	-0.7789	3.67394039744e-16	0.2883	3.14159265359	-2.3223	1	
20200424_210649.349306	-1.0	-0.7925	3.67394039744e-16	0.2744	3.14159265359	-2.3054	1	
20200424_210649.450021	-1.0	-0.8046	3.67394039744e-16	0.2624	3.14159265359	-2.292	1	
20200424_210649.551128	-0.889918693812	-0.817	-0.646563777522	0.2483	-2.51327412287	-2.2936	1	
20200424_210649.648681	-0.889918693812	-0.8286	-0.646563777522	0.2384	-2.51327412287	-2.229	1	
20200424_210649.749028	-0.889918693812	-0.8378	-0.646563777522	0.2318	-2.51327412287	-2.1091	1	
20200424_210649.849188	-0.889918693812	-0.8458	-0.646563777522	0.2241	-2.51327412287	-1.9924	1	
20200424_210649.949437	-0.889918693812	-0.8529	-0.646563777522	0.2151	-2.51327412287	-1.8763	1	
20200424_210650.050477	-0.889918693812	-0.859	-0.646563777522	0.2037	-2.51327412287	-1.7889	1	
20200424_210650.148765	-0.889918693812	-0.8646	-0.646563777522	0.1891	-2.51327412287	-1.7191	1	
20200424_210650.249836	-0.889918693812	-0.8688	-0.646563777522	0.1738	-2.51327412287	-1.6682	1	
20200424_210650.348989	-0.889918693812	-0.8705	-0.646563777522	0.1556	-2.51327412287	-1.6498	1	
20200424_210650.448921	-0.889918693812	-0.873	-0.646563777522	0.1366	-2.51327412287	-1.635	1	
20200424_210650.549272	-0.889918693812	-0.8745	-0.646563777522	0.117	-2.51327412287	-1.635	1	
20200424_210650.649080	-0.889918693812	-0.8759	-0.646563777522	0.0971	-2.51327412287	-1.64	1	
20200424_210650.749418	-0.889918693812	-0.8776	-0.646563777522	0.0779	-2.51327412287	-1.6345	1	
20200424_210650.849913	-0.889918693812	-0.8792	-0.646563777522	0.058	-2.51327412287	-1.6344	1	
20200424_210650.949187	-0.889918693812	-0.8808	-0.646563777522	0.0364	-2.51327412287	-1.6324	1	
20200424_210651.049415	-0.889918693812	-0.8816	-0.646563777522	0.0173	-2.51327412287	-1.6283	1	
20200424_210651.149275	-0.889918693812	-0.8847	-0.646563777522	-0.0023	-2.51327412287	-1.6251	1	
20200424_210651.249292	-0.889918693812	-0.8858	-0.646563777522	-0.0205	-2.51327412287	-1.6238	1	
20200424_210651.349345	-0.889918693812	-0.8867	-0.646563777522	-0.0393	-2.51327412287	-1.6086	1	
20200424_210651.448728	-0.889918693812	-0.8884	-0.646563777522	-0.0591	-2.51327412287	-1.6136	1	
20200424_210651.548916	-0.889918693812	-0.8895	-0.646563777522	-0.0792	-2.51327412287	-1.605	1	
20200424_210651.649141	-0.889918693812	-0.8902	-0.646563777522	-0.0988	-2.51327412287	-1.6055	1	
20200424_210651.748879	-0.889918693812	-0.8909	-0.646563777522	-0.1192	-2.51327412287	-1.6069	1	
20200424_210651.849175	-0.889918693812	-0.8926	-0.646563777522	-0.1386	-2.51327412287	-1.596	1	
20200424_210651.949117	-0.889918693812	-0.8929	-0.646563777522	-0.1579	-2.51327412287	-1.6013	1	
20200424_210652.048742	-0.889918693812	-0.8939	-0.646563777522	-0.1763	-2.51327412287	-1.5911	1	
20200424_210652.150608	-0.889918693812	-0.8946	-0.646563777522	-0.1965	-2.51327412287	-1.595	1	
20200424_210652.249327	-0.889918693812	-0.8945	-0.646563777522	-0.2162	-2.51327412287	-1.6025	1	
20200424_210652.349630	-0.889918693812	-0.8958	-0.646563777522	-0.2353	-2.51327412287	-1.5989	1	
20200424_210652.448564	-0.889918693812	-0.8968	-0.646563777522	-0.2556	-2.51327412287	-1.609	1	
20200424_210652.549775	-0.37082039325	-0.8969	-1.14126781955	-0.2752	-1.88495559215	-1.6079	1	
20200424_210652.648993	-0.37082039325	-0.9004	-1.14126781955	-0.2881	-1.88495559215	-1.5235	1	
20200424_210652.748767	-0.37082039325	-0.903	-1.14126781955	-0.2991	-1.88495559215	-1.4268	1	
20200424_210652.848755	-0.37082039325	-0.9041	-1.14126781955	-0.3108	-1.88495559215	-1.3081	1	
20200424_210652.949200	-0.37082039325	-0.9032	-1.14126781955	-0.3241	-1.88495559215	-1.2164	1	
20200424_210653.049765	-0.37082039325	-0.9005	-1.14126781955	-0.3382	-1.88495559215	-1.1497	1	
20200424_210653.149092	-0.37082039325	-0.8949	-1.14126781955	-0.3528	-1.88495559215	-1.0942	1	
20200424_210653.248665	-0.37082039325	-0.8883	-1.14126781955	-0.3682	-1.88495559215	-1.0577	1	
20200424_210653.349239	-0.37082039325	-0.8787	-1.14126781955	-0.3851	-1.88495559215	-1.035	1	
20200424_210653.448798	-0.37082039325	-0.8707	-1.14126781955	-0.4006	-1.88495559215	-1.0131	1	
20200424_210653.549791	-0.37082039325	-0.86	-1.14126781955	-0.4176	-1.88495559215	-1.0067	1	
20200424_210653.648873	-0.37082039325	-0.8493	-1.14126781955	-0.4352	-1.88495559215	-1.0045	1	
20200424_210653.749813	-0.37082039325	-0.8385	-1.14126781955	-0.4521	-1.88495559215	-1.0002	1	
20200424_210653.850291	-0.37082039325	-0.8274	-1.14126781955	-0.4689	-1.88495559215	-0.9935	1	
20200424_210653.950373	-0.37082039325	-0.8172	-1.14126781955	-0.4856	-1.88495559215	-0.9916	1	
20200424_210654.050161	-0.37082039325	-0.8051	-1.14126781955	-0.5018	-1.88495559215	-0.9966	1	
20200424_210654.149131	-0.37082039325	-0.7926	-1.14126781955	-0.52	-1.88495559215	-0.9974	1	
20200424_210654.250538	-0.37082039325	-0.7839	-1.14126781955	-0.5329	-1.88495559215	-1.0061	1	
20200424_210654.349506	-0.37082039325	-0.7739	-1.14126781955	-0.5486	-1.88495559215	-1.0068	1	
20200424_210654.449272	-0.37082039325	-0.7633	-1.14126781955	-0.5648	-1.88495559215	-1.0061	1	
20200424_210654.548938	-0.37082039325	-0.7521	-1.14126781955	-0.5806	-1.88495559215	-1.0125	1	
20200424_210654.649250	-0.37082039325	-0.7418	-1.14126781955	-0.5963	-1.88495559215	-1.0128	1	
20200424_210654.749295	-0.37082039325	-0.7336	-1.14126781955	-0.6124	-1.88495559215	-0.9851	1	
20200424_210654.850061	-0.37082039325	-0.7231	-1.14126781955	-0.6282	-1.88495559215	-0.9773	1	
20200424_210654.948962	-0.37082039325	-0.7123	-1.14126781955	-0.6446	-1.88495559215	-0.9685	1	
20200424_210655.049786	-0.37082039325	-0.7004	-1.14126781955	-0.6615	-1.88495559215	-0.964	1	
20200424_210655.148865	-0.37082039325	-0.6897	-1.14126781955	-0.6775	-1.88495559215	-0.9683	1	
20200424_210655.249138	-0.37082039325	-0.677	-1.14126781955	-0.6943	-1.88495559215	-0.9697	1	
20200424_210655.349462	-0.37082039325	-0.6659	-1.14126781955	-0.7108	-1.88495559215	-0.9742	1	
20200424_210655.448993	-0.37082039325	-0.6548	-1.14126781955	-0.7266	-1.88495559215	-0.9747	1	
20200424_210655.548739	0.401722092687	-0.643	-1.23637347118	-0.743	-1.25663706144	-0.9615	1	
20200424_210655.649549	0.401722092687	-0.6359	-1.23637347118	-0.7572	-1.25663706144	-0.8826	1	
20200424_210655.749364	0.401722092687	-0.631	-1.23637347118	-0.7683	-1.25663706144	-0.771	1	
20200424_210655.849308	0.401722092687	-0.6246	-1.23637347118	-0.7783	-1.25663706144	-0.6611	1	
20200424_210655.948964	0.401722092687	-0.6141	-1.23637347118	-0.7885	-1.25663706144	-0.5919	1	
20200424_210656.051066	0.401722092687	-0.6035	-1.23637347118	-0.7968	-1.25663706144	-0.5486	1	
20200424_210656.148661	0.401722092687	-0.589	-1.23637347118	-0.8063	-1.25663706144	-0.5161	1	
20200424_210656.249340	0.401722092687	-0.5742	-1.23637347118	-0.8154	-1.25663706144	-0.4852	1	
20200424_210656.349267	0.401722092687	-0.5591	-1.23637347118	-0.823	-1.25663706144	-0.4699	1	
20200424_210656.449631	0.401722092687	-0.5407	-1.23637347118	-0.8329	-1.25663706144	-0.4617	1	
20200424_210656.549697	0.401722092687	-0.5215	-1.23637347118	-0.8423	-1.25663706144	-0.4567	1	
20200424_210656.649330	0.401722092687	-0.5051	-1.23637347118	-0.8508	-1.25663706144	-0.4611	1	
20200424_210656.749308	0.401722092687	-0.4862	-1.23637347118	-0.8598	-1.25663706144	-0.462	1	
20200424_210656.848811	0.401722092687	-0.4671	-1.23637347118	-0.8685	-1.25663706144	-0.4584	1	
20200424_210656.949133	0.401722092687	-0.4488	-1.23637347118	-0.8769	-1.25663706144	-0.4527	1	
20200424_210657.049075	0.401722092687	-0.4304	-1.23637347118	-0.885	-1.25663706144	-0.4603	1	
20200424_210657.149352	0.401722092687	-0.4122	-1.23637347118	-0.894	-1.25663706144	-0.4378	1	
20200424_210657.249556	0.401722092687	-0.3937	-1.23637347118	-0.9034	-1.25663706144	-0.4601	1	
20200424_210657.348980	0.401722092687	-0.376	-1.23637347118	-0.9109	-1.25663706144	-0.4693	1	
20200424_210657.448559	0.401722092687	-0.3574	-1.23637347118	-0.9202	-1.25663706144	-0.4717	1	
20200424_210657.549698	0.401722092687	-0.339	-1.23637347118	-0.9292	-1.25663706144	-0.4777	1	
20200424_210657.648831	0.401722092687	-0.3204	-1.23637347118	-0.9383	-1.25663706144	-0.4809	1	
20200424_210657.749513	0.401722092687	-0.3035	-1.23637347118	-0.9474	-1.25663706144	-0.4886	1	
20200424_210657.848914	0.401722092687	-0.2858	-1.23637347118	-0.957	-1.25663706144	-0.4821	1	
20200424_210657.949696	0.401722092687	-0.2693	-1.23637347118	-0.9657	-1.25663706144	-0.4691	1	
20200424_210658.049782	0.401722092687	-0.2522	-1.23637347118	-0.974	-1.25663706144	-0.4459	1	
20200424_210658.149943	0.401722092687	-0.2349	-1.23637347118	-0.9819	-1.25663706144	-0.415	1	
20200424_210658.250152	0.401722092687	-0.218	-1.23637347118	-0.9905	-1.25663706144	-0.4284	1	
20200424_210658.349658	0.401722092687	-0.2004	-1.23637347118	-0.9991	-1.25663706144	-0.4238	1	
20200424_210658.449190	0.401722092687	-0.1819	-1.23637347118	-1.0073	-1.25663706144	-0.4236	1	
20200424_210658.549238	1.13262379212	-0.1637	-0.822899353209	-1.0147	-0.628318530718	-0.4195	1	
20200424_210658.649039	1.13262379212	-0.1509	-0.822899353209	-1.0221	-0.628318530718	-0.3485	1	
20200424_210658.748682	1.13262379212	-0.1421	-0.822899353209	-1.0283	-0.628318530718	-0.2201	1	
20200424_210658.851142	1.13262379212	-0.1325	-0.822899353209	-1.0338	-0.628318530718	-0.13	1	
20200424_210658.950377	1.13262379212	-0.1201	-0.822899353209	-1.0376	-0.628318530718	-0.0507	1	
20200424_210659.048882	1.13262379212	-0.1076	-0.822899353209	-1.0396	-0.628318530718	0.0085	1	
20200424_210659.149637	1.13262379212	-0.0916	-0.822899353209	-1.0405	-0.628318530718	0.06	1	
20200424_210659.249876	1.13262379212	-0.0737	-0.822899353209	-1.0413	-0.628318530718	0.0988	1	
20200424_210659.349268	1.13262379212	-0.0562	-0.822899353209	-1.0389	-0.628318530718	0.1197	1	
20200424_210659.449055	1.13262379212	-0.0362	-0.822899353209	-1.0369	-0.628318530718	0.1413	1	
20200424_210659.549703	1.13262379212	-0.0169	-0.822899353209	-1.034	-0.628318530718	0.1208	1	
20200424_210659.648714	1.13262379212	0.0034	-0.822899353209	-1.0315	-0.628318530718	0.1225	1	
20200424_210659.749633	1.13262379212	0.023	-0.822899353209	-1.0291	-0.628318530718	0.1263	1	
20200424_210659.850068	1.13262379212	0.041	-0.822899353209	-1.0267	-0.628318530718	0.1154	1	
20200424_210659.949284	1.13262379212	0.0614	-0.822899353209	-1.0236	-0.628318530718	0.1314	1	
20200424_210700.049417	1.13262379212	0.0813	-0.822899353209	-1.0213	-0.628318530718	0.1116	1	
20200424_210700.149128	1.13262379212	0.1018	-0.822899353209	-1.0185	-0.628318530718	0.1033	1	
20200424_210700.249645	1.13262379212	0.1216	-0.822899353209	-1.0167	-0.628318530718	0.1081	1	
20200424_210700.348800	1.13262379212	0.1434	-0.822899353209	-1.0135	-0.628318530718	0.0993	1	
20200424_210700.449851	1.13262379212	0.161	-0.822899353209	-1.0119	-0.628318530718	0.0977	1	
20200424_210700.551117	1.13262379212	0.1805	-0.822899353209	-1.0105	-0.628318530718	0.1039	1	
20200424_210700.648689	1.13262379212	0.1996	-0.822899353209	-1.0076	-0.628318530718	0.1158	1	
20200424_210700.750194	1.13262379212	0.2179	-0.822899353209	-1.0066	-0.628318530718	0.1485	1	
20200424_210700.849921	1.13262379212	0.2374	-0.822899353209	-1.003	-0.628318530718	0.15	1	
20200424_210700.949469	1.13262379212	0.2569	-0.822899353209	-1.0005	-0.628318530718	0.1518	1	
20200424_210701.049721	1.13262379212	0.2779	-0.822899353209	-0.9972	-0.628318530718	0.1688	1	
20200424_210701.149208	1.13262379212	0.2974	-0.822899353209	-0.9941	-0.628318530718	0.1489	1	
20200424_210701.249737	1.13262379212	0.3172	-0.822899353209	-0.9907	-0.628318530718	0.1478	1	
20200424_210701.349512	1.13262379212	0.3378	-0.822899353209	-0.987	-0.628318530718	0.1479	1	
20200424_210701.448803	1.13262379212	0.3568	-0.822899353209	-0.9845	-0.628318530718	0.149	1	
20200424_210701.548806	1.13262379212	0.3775	-0.822899353209	-0.9803	-0.628318530718	0.1449	1	
20200424_210701.649668	1.13262379212	0.3965	-0.822899353209	-0.9782	-0.628318530718	0.1464	1	
20200424_210701.749313	1.13262379212	0.4168	-0.822899353209	-0.9739	-0.628318530718	0.1352	1	
20200424_210701.848743	1.13262379212	0.4363	-0.822899353209	-0.972	-0.628318530718	0.1415	1	
20200424_210701.948791	1.13262379212	0.4564	-0.822899353209	-0.9691	-0.628318530718	0.1412	1	
20200424_210702.049862	1.13262379212	0.4781	-0.822899353209	-0.966	-0.628318530718	0.1469	1	
20200424_210702.149687	1.13262379212	0.4985	-0.822899353209	-0.9641	-0.628318530718	0.1516	1	
20200424_210702.249009	1.13262379212	0.519	-0.822899353209	-0.9605	-0.628318530718	0.1694	1	
20200424_210702.348868	1.13262379212	0.5395	-0.822899353209	-0.958	-0.628318530718	0.1514	1	
20200424_210702.449243	1.13262379212	0.5589	-0.822899353209	-0.9551	-0.628318530718	0.1702	1	
20200424_210702.548706	1.13262379212	0.5793	-0.822899353209	-0.9515	-0.628318530718	0.16	1	
20200424_210702.649625	1.13262379212	0.5997	-0.822899353209	-0.9476	-0.628318530718	0.1631	1	
20200424_210702.749226	1.13262379212	0.6188	-0.822899353209	-0.9454	-0.628318530718	0.1618	1	
20200424_210702.849954	1.13262379212	0.6366	-0.822899353209	-0.9419	-0.628318530718	0.1437	1	
20200424_210702.949852	1.13262379212	0.6559	-0.822899353209	-0.9405	-0.628318530718	0.1687	1	
20200424_210703.048623	1.13262379212	0.676	-0.822899353209	-0.9369	-0.628318530718	0.152	1	
20200424_210703.148554	1.13262379212	0.6954	-0.822899353209	-0.9341	-0.628318530718	0.1822	1	
20200424_210703.249320	1.13262379212	0.7149	-0.822899353209	-0.9311	-0.628318530718	0.1803	1	
20200424_210703.349490	1.13262379212	0.7347	-0.822899353209	-0.9279	-0.628318530718	0.1997	1	
20200424_210703.449971	1.13262379212	0.7533	-0.822899353209	-0.9241	-0.628318530718	0.1808	1	
20200424_210703.550945	1.13262379212	0.773	-0.822899353209	-0.9204	-0.628318530718	0.2017	1	
20200424_210703.648919	1.13262379212	0.7932	-0.822899353209	-0.917	-0.628318530718	0.1875	1	
20200424_210703.749637	1.13262379212	0.8138	-0.822899353209	-0.9121	-0.628318530718	0.2064	1	
20200424_210703.849130	1.13262379212	0.8329	-0.822899353209	-0.9088	-0.628318530718	0.19	1	
20200424_210703.949164	1.13262379212	0.8537	-0.822899353209	-0.904	-0.628318530718	0.1916	1	
20200424_210704.048884	1.13262379212	0.8722	-0.822899353209	-0.9015	-0.628318530718	0.2102	1	
20200424_210704.149355	1.13262379212	0.8909	-0.822899353209	-0.8971	-0.628318530718	0.1988	1	
20200424_210704.251679	1.13262379212	0.9093	-0.822899353209	-0.8941	-0.628318530718	0.2121	1	
20200424_210704.348805	1.13262379212	0.9287	-0.822899353209	-0.8904	-0.628318530718	0.2247	1	
20200424_210704.450080	1.13262379212	0.9468	-0.822899353209	-0.8862	-0.628318530718	0.2414	1	
20200424_210704.548982	1.13262379212	0.9649	-0.822899353209	-0.8825	-0.628318530718	0.2577	1	
20200424_210704.649168	1.13262379212	0.9846	-0.822899353209	-0.8773	-0.628318530718	0.2627	1	
20200424_210704.749842	1.13262379212	0.9999	-0.822899353209	-0.8725	-0.628318530718	0.273	1	
20200424_210704.848841	1.13262379212	1.0153	-0.822899353209	-0.8686	-0.628318530718	0.2693	1	
20200424_210704.950847	1.13262379212	1.0308	-0.822899353209	-0.8648	-0.628318530718	0.2813	1	
20200424_210705.048611	1.13262379212	1.0427	-0.822899353209	-0.8619	-0.628318530718	0.3149	1	
20200424_210705.149806	1.13262379212	1.0549	-0.822899353209	-0.8588	-0.628318530718	0.3607	1	
20200424_210705.250351	1.13262379212	1.0644	-0.822899353209	-0.8565	-0.628318530718	0.3908	1	
20200424_210705.348672	1.13262379212	1.0716	-0.822899353209	-0.8542	-0.628318530718	0.4039	1	
20200424_210705.448734	1.13262379212	1.0743	-0.822899353209	-0.851	-0.628318530718	0.3649	1	
20200424_210705.550116	1.13262379212	1.0741	-0.822899353209	-0.8504	-0.628318530718	0.3062	1	
20200424_210705.649613	1.13262379212	1.0728	-0.822899353209	-0.8484	-0.628318530718	0.2256	1	
20200424_210705.748931	1.13262379212	1.0711	-0.822899353209	-0.8461	-0.628318530718	0.1531	1	
20200424_210705.849116	1.13262379212	1.07	-0.822899353209	-0.8435	-0.628318530718	0.1012	1	
20200424_210705.948848	1.13262379212	1.0689	-0.822899353209	-0.8414	-0.628318530718	0.0093	1	
20200424_210706.049931	1.13262379212	1.0679	-0.822899353209	-0.8385	-0.628318530718	-0.0622	1	
20200424_210706.148695	1.13262379212	1.0668	-0.822899353209	-0.8374	-0.628318530718	-0.1197	1	
20200424_210706.249550	1.13262379212	1.0668	-0.822899353209	-0.8367	-0.628318530718	-0.1683	1	
20200424_210706.348941	1.13262379212	1.0663	-0.822899353209	-0.8353	-0.628318530718	-0.2038	1	
20200424_210706.449414	1.13262379212	1.0666	-0.822899353209	-0.8327	-0.628318530718	-0.2812	1	
20200424_210706.548783	1.13262379212	1.0667	-0.822899353209	-0.8301	-0.628318530718	-0.3467	1	
20200424_210706.648659	1.13262379212	1.0667	-0.822899353209	-0.8279	-0.628318530718	-0.3868	1	
20200424_210706.749471	1.13262379212	1.0676	-0.822899353209	-0.8264	-0.628318530718	-0.4692	1	
20200424_210706.848953	1.13262379212	1.0677	-0.822899353209	-0.8245	-0.628318530718	-0.5209	1	
20200424_210706.948915	1.13262379212	1.0685	-0.822899353209	-0.8229	-0.628318530718	-0.5798	1	
20200424_210707.048823	1.13262379212	1.0691	-0.822899353209	-0.8211	-0.628318530718	-0.6141	0	
20200424_210707.049143	1.13262379212	1.069	-0.822899353209	-0.8206	-0.628318530718	-0.6358	0	
20200424_210707.049370	1.13262379212	1.069	-0.822899353209	-0.8209	-0.628318530718	-0.6186	0	
20200424_210707.056573	1.13262379212	1.069	-0.822899353209	-0.8204	-0.628318530718	-0.6417	0	
20200424_210707.065011	1.13262379212	1.07	-0.822899353209	-0.821	-0.628318530718	-0.6618	0	
20200424_210707.073561	1.13262379212	1.07	-0.822899353209	-0.8208	-0.628318530718	-0.6404	0	
20200424_210707.081802	1.13262379212	1.0693	-0.822899353209	-0.8205	-0.628318530718	-0.6521	0	
20200424_210707.090307	1.13262379212	1.0692	-0.822899353209	-0.8206	-0.628318530718	-0.6286	0	
20200424_210707.098783	1.13262379212	1.0694	-0.822899353209	-0.8204	-0.628318530718	-0.6533	0	
20200424_210707.106767	1.13262379212	1.0693	-0.822899353209	-0.8205	-0.628318530718	-0.6329	0	
20200424_210707.115506	1.13262379212	1.0695	-0.822899353209	-0.8203	-0.628318530718	-0.6577	0	
20200424_210707.123735	1.13262379212	1.0693	-0.822899353209	-0.8207	-0.628318530718	-0.6313	0	
20200424_210707.132365	1.13262379212	1.0695	-0.822899353209	-0.8205	-0.628318530718	-0.6561	0	
20200424_210707.140397	1.13262379212	1.0693	-0.822899353209	-0.8206	-0.628318530718	-0.6331	0	
20200424_210707.148561	1.13262379212	1.0695	-0.822899353209	-0.8204	-0.628318530718	-0.6569	0	
20200424_210707.156611	1.13262379212	1.0693	-0.822899353209	-0.8205	-0.628318530718	-0.6341	0	
20200424_210707.165264	1.13262379212	1.0695	-0.822899353209	-0.8203	-0.628318530718	-0.6574	0	
20200424_210707.173563	1.13262379212	1.0693	-0.822899353209	-0.8205	-0.628318530718	-0.6347	0	
20200424_210707.181978	1.13262379212	1.0695	-0.822899353209	-0.8204	-0.628318530718	-0.6582	0	
20200424_210707.190044	1.13262379212	1.0693	-0.822899353209	-0.8205	-0.628318530718	-0.6349	0	
20200424_210707.198425	1.13262379212	1.0694	-0.822899353209	-0.8204	-0.628318530718	-0.6587	0	
20200424_210707.207019	1.13262379212	1.0692	-0.822899353209	-0.8205	-0.628318530718	-0.6351	0	
20200424_210707.215454	1.13262379212	1.0694	-0.822899353209	-0.8203	-0.628318530718	-0.6585	0	
20200424_210707.223990	1.13262379212	1.0692	-0.822899353209	-0.8204	-0.628318530718	-0.6354	0	
20200424_210707.232381	1.13262379212	1.0694	-0.822899353209	-0.8203	-0.628318530718	-0.6583	0	
20200424_210707.240344	1.13262379212	1.0692	-0.822899353209	-0.8204	-0.628318530718	-0.6357	0	
20200424_210707.249299	1.13262379212	1.0694	-0.822899353209	-0.8203	-0.628318530718	-0.6593	0	
20200424_210707.256841	1.13262379212	1.0693	-0.822899353209	-0.8205	-0.628318530718	-0.6363	0	
20200424_210707.265223	1.13262379212	1.0694	-0.822899353209	-0.8203	-0.628318530718	-0.6595	0	
20200424_210707.273688	1.13262379212	1.0693	-0.822899353209	-0.8205	-0.628318530718	-0.6357	0	
20200424_210707.282019	1.13262379212	1.0694	-0.822899353209	-0.8203	-0.628318530718	-0.6591	0	
20200424_210707.290524	1.13262379212	1.0693	-0.822899353209	-0.8205	-0.628318530718	-0.6361	0	
20200424_210707.298732	1.13262379212	1.0694	-0.822899353209	-0.8203	-0.628318530718	-0.6595	0	
20200424_210707.307069	1.13262379212	1.0692	-0.822899353209	-0.8204	-0.628318530718	-0.6364	0	
20200424_210707.315459	1.13262379212	1.0694	-0.822899353209	-0.8203	-0.628318530718	-0.6598	0	
20200424_210707.323685	1.13262379212	1.0692	-0.822899353209	-0.8204	-0.628318530718	-0.6363	0	
20200424_210707.332222	1.13262379212	1.0694	-0.822899353209	-0.8203	-0.628318530718	-0.6598	0	
20200424_210707.340626	1.13262379212	1.0692	-0.822899353209	-0.8204	-0.628318530718	-0.6363	0	
20200424_210707.348108	1.13262379212	1.0694	-0.822899353209	-0.8203	-0.628318530718	-0.6592	0	
20200424_210707.356422	1.13262379212	1.0693	-0.822899353209	-0.8205	-0.628318530718	-0.6368	0	
20200424_210707.364958	1.13262379212	1.0695	-0.822899353209	-0.8204	-0.628318530718	-0.6602	0	
20200424_210707.373265	1.13262379212	1.0693	-0.822899353209	-0.8205	-0.628318530718	-0.6372	0	
20200424_210707.381717	1.13262379212	1.0694	-0.822899353209	-0.8204	-0.628318530718	-0.6605	0	
20200424_210707.390000	1.13262379212	1.0693	-0.822899353209	-0.8205	-0.628318530718	-0.6379	0	
20200424_210707.398778	1.13262379212	1.0694	-0.822899353209	-0.8203	-0.628318530718	-0.6611	0	
20200424_210707.407080	1.13262379212	1.0693	-0.822899353209	-0.8205	-0.628318530718	-0.6382	0	
20200424_210707.415622	1.13262379212	1.0694	-0.822899353209	-0.8203	-0.628318530718	-0.6605	0	
20200424_210707.424191	1.13262379212	1.0693	-0.822899353209	-0.8205	-0.628318530718	-0.6376	0	
20200424_210707.432370	1.13262379212	1.0694	-0.822899353209	-0.8204	-0.628318530718	-0.6604	0	
20200424_210707.440720	1.13262379212	1.0692	-0.822899353209	-0.8205	-0.628318530718	-0.6367	0	
20200424_210707.448040	1.13262379212	1.0694	-0.822899353209	-0.8203	-0.628318530718	-0.6595	0	
20200424_210707.456440	1.13262379212	1.0692	-0.822899353209	-0.8205	-0.628318530718	-0.6368	0	
20200424_210707.464787	1.13262379212	1.0694	-0.822899353209	-0.8203	-0.628318530718	-0.66	0	
20200424_210707.473071	1.13262379212	1.0692	-0.822899353209	-0.8204	-0.628318530718	-0.6368	0	
20200424_210707.481559	1.13262379212	1.0694	-0.822899353209	-0.8203	-0.628318530718	-0.6602	0	
20200424_210707.489914	1.13262379212	1.0692	-0.822899353209	-0.8204	-0.628318530718	-0.6365	0	
20200424_210707.498363	1.13262379212	1.0694	-0.822899353209	-0.8203	-0.628318530718	-0.6597	0	
20200424_210707.506672	1.13262379212	1.0692	-0.822899353209	-0.8204	-0.628318530718	-0.6365	0	
20200424_210707.515162	1.13262379212	1.0694	-0.822899353209	-0.8203	-0.628318530718	-0.6598	0	
20200424_210707.531840	1.13262379212	1.0692	-0.822899353209	-0.8205	-0.628318530718	-0.637	0	
20200424_210707.532297	1.13262379212	1.0694	-0.822899353209	-0.8203	-0.628318530718	-0.6599	0	
20200424_210707.540133	1.13262379212	1.0692	-0.822899353209	-0.8204	-0.628318530718	-0.6361	0	
20200424_210707.548413	1.13262379212	1.0693	-0.822899353209	-0.8202	-0.628318530718	-0.6594	0	
20200424_210707.556986	1.13262379212	1.0692	-0.822899353209	-0.8204	-0.628318530718	-0.6368	0	
20200424_210707.565291	1.13262379212	1.0693	-0.822899353209	-0.8202	-0.628318530718	-0.6601	0	
20200424_210707.575462	1.13262379212	1.0692	-0.822899353209	-0.8204	-0.628318530718	-0.6367	0	
20200424_210707.582041	1.13262379212	1.0694	-0.822899353209	-0.8203	-0.628318530718	-0.6599	0	
20200424_210707.590233	1.13262379212	1.0692	-0.822899353209	-0.8204	-0.628318530718	-0.6362	0	
20200424_210707.598566	1.13262379212	1.0693	-0.822899353209	-0.8202	-0.628318530718	-0.6589	0	
20200424_210707.607088	1.13262379212	1.0692	-0.822899353209	-0.8204	-0.628318530718	-0.6358	0	
20200424_210707.615274	1.13262379212	1.0693	-0.822899353209	-0.8202	-0.628318530718	-0.6595	0	
20200424_210707.623092	1.13262379212	1.0692	-0.822899353209	-0.8204	-0.628318530718	-0.6365	0	
20200424_210707.631544	1.13262379212	1.0693	-0.822899353209	-0.8202	-0.628318530718	-0.6596	0	
20200424_210707.639978	1.13262379212	1.0691	-0.822899353209	-0.8203	-0.628318530718	-0.6361	0	
20200424_210707.648379	1.13262379212	1.0693	-0.822899353209	-0.8202	-0.628318530718	-0.6595	0	
20200424_210707.656521	1.13262379212	1.0692	-0.822899353209	-0.8204	-0.628318530718	-0.6373	0	
20200424_210707.664935	1.13262379212	1.0694	-0.822899353209	-0.8203	-0.628318530718	-0.6602	0	
20200424_210707.673020	1.13262379212	1.0692	-0.822899353209	-0.8204	-0.628318530718	-0.6365	0	
20200424_210707.681654	1.13262379212	1.0694	-0.822899353209	-0.8202	-0.628318530718	-0.6593	0	
20200424_210707.690104	1.13262379212	1.0692	-0.822899353209	-0.8204	-0.628318530718	-0.6357	0	
20200424_210707.698606	1.13262379212	1.0694	-0.822899353209	-0.8202	-0.628318530718	-0.6593	0	
20200424_210707.706899	1.13262379212	1.0692	-0.822899353209	-0.8203	-0.628318530718	-0.6362	0	
20200424_210707.715578	1.13262379212	1.0694	-0.822899353209	-0.8202	-0.628318530718	-0.6599	0	
20200424_210707.723970	1.13262379212	1.0692	-0.822899353209	-0.8204	-0.628318530718	-0.6367	0	
20200424_210707.732596	1.13262379212	1.0694	-0.822899353209	-0.8203	-0.628318530718	-0.6601	0	
20200424_210707.740361	1.13262379212	1.0692	-0.822899353209	-0.8204	-0.628318530718	-0.6368	0	
20200424_210707.749219	1.13262379212	1.0694	-0.822899353209	-0.8203	-0.628318530718	-0.6597	0	
20200424_210707.756583	1.13262379212	1.0692	-0.822899353209	-0.8204	-0.628318530718	-0.6367	0	
20200424_210707.765215	1.13262379212	1.0693	-0.822899353209	-0.8203	-0.628318530718	-0.6597	0	
20200424_210707.773777	1.13262379212	1.0692	-0.822899353209	-0.8204	-0.628318530718	-0.637	0	
20200424_210707.781630	1.13262379212	1.0694	-0.822899353209	-0.8203	-0.628318530718	-0.6605	0	
20200424_210707.789990	1.13262379212	1.0692	-0.822899353209	-0.8204	-0.628318530718	-0.6371	0	
20200424_210707.798659	1.13262379212	1.0693	-0.822899353209	-0.8202	-0.628318530718	-0.66	0	
20200424_210707.806806	1.13262379212	1.0692	-0.822899353209	-0.8204	-0.628318530718	-0.6372	0	
20200424_210707.815551	1.13262379212	1.0693	-0.822899353209	-0.8202	-0.628318530718	-0.6599	0	
20200424_210707.823661	1.13262379212	1.0692	-0.822899353209	-0.8204	-0.628318530718	-0.6365	0	
20200424_210707.832330	1.13262379212	1.0693	-0.822899353209	-0.8202	-0.628318530718	-0.6596	0	
20200424_210707.840662	1.13262379212	1.0691	-0.822899353209	-0.8204	-0.628318530718	-0.6363	0	
20200424_210707.848758	1.13262379212	1.0693	-0.822899353209	-0.8202	-0.628318530718	-0.6597	0	
20200424_210707.856973	1.13262379212	1.0691	-0.822899353209	-0.8204	-0.628318530718	-0.6362	0	
20200424_210707.865398	1.13262379212	1.0693	-0.822899353209	-0.8202	-0.628318530718	-0.6596	0	
20200424_210707.874022	1.13262379212	1.0691	-0.822899353209	-0.8203	-0.628318530718	-0.6364	0	
20200424_210707.882128	1.13262379212	1.0693	-0.822899353209	-0.8202	-0.628318530718	-0.6595	0	
20200424_210707.890849	1.13262379212	1.0691	-0.822899353209	-0.8203	-0.628318530718	-0.6361	0	
20200424_210707.898883	1.13262379212	1.0693	-0.822899353209	-0.8202	-0.628318530718	-0.6592	0	
20200424_210707.907315	1.13262379212	1.0691	-0.822899353209	-0.8204	-0.628318530718	-0.6363	0	
20200424_210707.915686	1.13262379212	1.0693	-0.822899353209	-0.8202	-0.628318530718	-0.6596	0	
20200424_210707.923550	1.13262379212	1.0691	-0.822899353209	-0.8204	-0.628318530718	-0.6364	0	
20200424_210707.932010	1.13262379212	1.0693	-0.822899353209	-0.8202	-0.628318530718	-0.6589	0	
20200424_210707.940848	1.13262379212	1.0691	-0.822899353209	-0.8204	-0.628318530718	-0.6359	0	
20200424_210707.948540	1.13262379212	1.0693	-0.822899353209	-0.8202	-0.628318530718	-0.6596	0	
20200424_210707.957074	1.13262379212	1.0691	-0.822899353209	-0.8204	-0.628318530718	-0.6366	0	
20200424_210707.965501	1.13262379212	1.0693	-0.822899353209	-0.8202	-0.628318530718	-0.6601	0	
20200424_210707.973966	1.13262379212	1.0691	-0.822899353209	-0.8204	-0.628318530718	-0.6369	0	
20200424_210707.982686	1.13262379212	1.0693	-0.822899353209	-0.8202	-0.628318530718	-0.6598	0	
20200424_210707.990507	1.13262379212	1.0691	-0.822899353209	-0.8204	-0.628318530718	-0.6367	0	
20200424_210707.999162	1.13262379212	1.0693	-0.822899353209	-0.8202	-0.628318530718	-0.6595	0	
20200424_210708.007099	1.13262379212	1.0691	-0.822899353209	-0.8203	-0.628318530718	-0.6354	0	
20200424_210708.015943	1.13262379212	1.0692	-0.822899353209	-0.8202	-0.628318530718	-0.659	0	
20200424_210708.024173	1.13262379212	1.0691	-0.822899353209	-0.8203	-0.628318530718	-0.636	0	
20200424_210708.032433	1.13262379212	1.0693	-0.822899353209	-0.8202	-0.628318530718	-0.6596	0	
20200424_210708.040836	1.13262379212	1.0691	-0.822899353209	-0.8203	-0.628318530718	-0.637	0	
20200424_210708.049517	1.13262379212	1.0693	-0.822899353209	-0.8202	-0.628318530718	-0.6601	0	
20200424_210708.056829	1.13262379212	1.0691	-0.822899353209	-0.8204	-0.628318530718	-0.6375	0	
20200424_210708.065179	1.13262379212	1.0693	-0.822899353209	-0.8203	-0.628318530718	-0.6605	0	
20200424_210708.073954	1.13262379212	1.0692	-0.822899353209	-0.8204	-0.628318530718	-0.6373	0	
20200424_210708.082423	1.13262379212	1.0693	-0.822899353209	-0.8202	-0.628318530718	-0.6601	0	
20200424_210708.090787	1.13262379212	1.0691	-0.822899353209	-0.8204	-0.628318530718	-0.6364	0	
20200424_210708.098908	1.13262379212	1.0693	-0.822899353209	-0.8202	-0.628318530718	-0.6591	0	
20200424_210708.107066	1.13262379212	1.0691	-0.822899353209	-0.8203	-0.628318530718	-0.6363	0	
20200424_210708.115426	1.13262379212	1.0692	-0.822899353209	-0.8202	-0.628318530718	-0.6595	0	
20200424_210708.124404	1.13262379212	1.0691	-0.822899353209	-0.8203	-0.628318530718	-0.6369	0	
20200424_210708.132360	1.13262379212	1.0693	-0.822899353209	-0.8202	-0.628318530718	-0.6597	0	
20200424_210708.140465	1.13262379212	1.0691	-0.822899353209	-0.8203	-0.628318530718	-0.6364	0	
20200424_210708.148888	1.13262379212	1.0693	-0.822899353209	-0.8202	-0.628318530718	-0.6597	0	
20200424_210708.157210	1.13262379212	1.0691	-0.822899353209	-0.8203	-0.628318530718	-0.6362	0	
20200424_210708.165427	1.13262379212	1.0692	-0.822899353209	-0.8202	-0.628318530718	-0.6589	0	
20200424_210708.173968	1.13262379212	1.0691	-0.822899353209	-0.8203	-0.628318530718	-0.6359	0	
20200424_210708.182324	1.13262379212	1.0692	-0.822899353209	-0.8202	-0.628318530718	-0.6597	0	
20200424_210708.190166	1.13262379212	1.0691	-0.822899353209	-0.8203	-0.628318530718	-0.6365	0	
20200424_210708.198485	1.13262379212	1.0692	-0.822899353209	-0.8201	-0.628318530718	-0.6593	0	
20200424_210708.207760	1.13262379212	1.069	-0.822899353209	-0.8202	-0.628318530718	-0.6355	0	
20200424_210708.215638	1.13262379212	1.0692	-0.822899353209	-0.8201	-0.628318530718	-0.6592	0	
20200424_210708.223831	1.13262379212	1.0691	-0.822899353209	-0.8203	-0.628318530718	-0.6355	0	
20200424_210708.232021	1.13262379212	1.0693	-0.822899353209	-0.8202	-0.628318530718	-0.6599	0	
20200424_210708.240935	1.13262379212	1.0691	-0.822899353209	-0.8204	-0.628318530718	-0.6366	0	
20200424_210708.249092	1.13262379212	1.0693	-0.822899353209	-0.8202	-0.628318530718	-0.6593	0	
20200424_210708.256963	1.13262379212	1.0691	-0.822899353209	-0.8203	-0.628318530718	-0.6365	0	
20200424_210708.265267	1.13262379212	1.0693	-0.822899353209	-0.8202	-0.628318530718	-0.6598	0	
20200424_210708.273930	1.13262379212	1.0691	-0.822899353209	-0.8203	-0.628318530718	-0.637	0	
20200424_210708.282238	1.13262379212	1.0692	-0.822899353209	-0.8202	-0.628318530718	-0.6599	0	
20200424_210708.290561	1.13262379212	1.0691	-0.822899353209	-0.8203	-0.628318530718	-0.6369	0	
20200424_210708.298621	1.13262379212	1.0693	-0.822899353209	-0.8202	-0.628318530718	-0.6597	0	
20200424_210708.307207	1.13262379212	1.0691	-0.822899353209	-0.8204	-0.628318530718	-0.637	0	
20200424_210708.315507	1.13262379212	1.0693	-0.822899353209	-0.8202	-0.628318530718	-0.6596	0	
20200424_210708.323809	1.13262379212	1.0691	-0.822899353209	-0.8204	-0.628318530718	-0.6362	0	
20200424_210708.332180	1.13262379212	1.0692	-0.822899353209	-0.8202	-0.628318530718	-0.6594	0	
20200424_210708.340749	1.13262379212	1.0691	-0.822899353209	-0.8203	-0.628318530718	-0.6362	0	
20200424_210708.348958	1.13262379212	1.0693	-0.822899353209	-0.8202	-0.628318530718	-0.66	0	
20200424_210708.356911	1.13262379212	1.0691	-0.822899353209	-0.8203	-0.628318530718	-0.637	0	
20200424_210708.365753	1.13262379212	1.0693	-0.822899353209	-0.8202	-0.628318530718	-0.6601	0	
20200424_210708.373587	1.13262379212	1.0691	-0.822899353209	-0.8204	-0.628318530718	-0.6364	0	
20200424_210708.381810	1.13262379212	1.0692	-0.822899353209	-0.8202	-0.628318530718	-0.6593	0	
20200424_210708.390498	1.13262379212	1.0691	-0.822899353209	-0.8204	-0.628318530718	-0.6365	0	
20200424_210708.398635	1.13262379212	1.0692	-0.822899353209	-0.8202	-0.628318530718	-0.6596	0	
20200424_210708.407253	1.13262379212	1.0691	-0.822899353209	-0.8203	-0.628318530718	-0.6364	0	
20200424_210708.415868	1.13262379212	1.0692	-0.822899353209	-0.8202	-0.628318530718	-0.6594	0	
20200424_210708.423757	1.13262379212	1.0691	-0.822899353209	-0.8203	-0.628318530718	-0.6366	0	
20200424_210708.432177	1.13262379212	1.0692	-0.822899353209	-0.8202	-0.628318530718	-0.66	0	
20200424_210708.440803	1.13262379212	1.0691	-0.822899353209	-0.8203	-0.628318530718	-0.6369	0	
20200424_210708.449095	1.13262379212	1.0693	-0.822899353209	-0.8202	-0.628318530718	-0.6601	0	
20200424_210708.457284	1.13262379212	1.0691	-0.822899353209	-0.8203	-0.628318530718	-0.6366	0	
20200424_210708.465425	1.13262379212	1.0692	-0.822899353209	-0.8202	-0.628318530718	-0.6594	0	
20200424_210708.473601	1.13262379212	1.0691	-0.822899353209	-0.8204	-0.628318530718	-0.6366	0	
20200424_210708.482193	1.13262379212	1.0692	-0.822899353209	-0.8202	-0.628318530718	-0.6593	0	
20200424_210708.490564	1.13262379212	1.0691	-0.822899353209	-0.8203	-0.628318530718	-0.6362	0	
20200424_210708.498547	1.13262379212	1.0692	-0.822899353209	-0.8202	-0.628318530718	-0.6594	0	
20200424_210708.507355	1.13262379212	1.0691	-0.822899353209	-0.8203	-0.628318530718	-0.6371	0	
20200424_210708.515552	1.13262379212	1.0692	-0.822899353209	-0.8201	-0.628318530718	-0.6595	0	
20200424_210708.524100	1.13262379212	1.0691	-0.822899353209	-0.8203	-0.628318530718	-0.6369	0	
20200424_210708.531808	1.13262379212	1.0693	-0.822899353209	-0.8202	-0.628318530718	-0.66	0	
20200424_210708.540956	1.13262379212	1.0691	-0.822899353209	-0.8203	-0.628318530718	-0.6361	0	
20200424_210708.549294	1.13262379212	1.0693	-0.822899353209	-0.8202	-0.628318530718	-0.6598	0	
20200424_210708.557250	1.13262379212	1.0691	-0.822899353209	-0.8204	-0.628318530718	-0.6371	0	
20200424_210708.564930	1.13262379212	1.0693	-0.822899353209	-0.8202	-0.628318530718	-0.6601	0	
20200424_210708.573278	1.13262379212	1.0691	-0.822899353209	-0.8203	-0.628318530718	-0.637	0	
20200424_210708.581657	1.13262379212	1.0692	-0.822899353209	-0.8201	-0.628318530718	-0.6595	0	
20200424_210708.589762	1.13262379212	1.0691	-0.822899353209	-0.8203	-0.628318530718	-0.6371	0	
20200424_210708.598152	1.13262379212	1.0693	-0.822899353209	-0.8202	-0.628318530718	-0.6609	0	
20200424_210708.606543	1.13262379212	1.0691	-0.822899353209	-0.8203	-0.628318530718	-0.6375	0	
20200424_210708.614728	1.13262379212	1.0693	-0.822899353209	-0.8202	-0.628318530718	-0.6604	0	
20200424_210708.623435	1.13262379212	1.0691	-0.822899353209	-0.8204	-0.628318530718	-0.6371	0	
20200424_210708.631433	1.13262379212	1.0693	-0.822899353209	-0.8202	-0.628318530718	-0.6602	0	
20200424_210708.640242	1.13262379212	1.0691	-0.822899353209	-0.8203	-0.628318530718	-0.6368	0	
20200424_210708.648418	1.13262379212	1.0692	-0.822899353209	-0.8202	-0.628318530718	-0.6594	0	
20200424_210708.657751	1.13262379212	1.069	-0.822899353209	-0.8203	-0.628318530718	-0.636	0	
20200424_210708.666875	1.13262379212	1.0692	-0.822899353209	-0.8201	-0.628318530718	-0.6598	0	
20200424_210708.673408	1.13262379212	1.069	-0.822899353209	-0.8202	-0.628318530718	-0.6363	0	
20200424_210708.684086	1.13262379212	1.0692	-0.822899353209	-0.8201	-0.628318530718	-0.6598	0	
