Time	X_Setpt	X_FB	Y_Setpt	Y_FB	Theta_Setpt	Theta_FB	Motion Status	
20200424_210631.448468	3.06161699787e-17	0.824	0.5	1.1055	1.57079632679	0.7822	1	
20200424_210631.545636	3.06161699787e-17	0.8246	0.5	1.1061	1.57079632679	0.7919	1	
20200424_210631.645580	3.06161699787e-17	0.8255	0.5	1.1067	1.57079632679	0.8038	1	
20200424_210631.745580	3.06161699787e-17	0.8255	0.5	1.1067	1.57079632679	0.8038	1	
20200424_210631.845526	3.06161699787e-17	0.8255	0.5	1.1067	1.57079632679	0.8038	1	
20200424_210631.945624	3.06161699787e-17	0.8255	0.5	1.1067	1.57079632679	0.8038	1	
20200424_210632.045595	3.06161699787e-17	0.8459	0.5	1.1291	1.57079632679	1.186	1	
20200424_210632.145563	3.06161699787e-17	0.8534	0.5	1.1386	1.57079632679	1.2809	1	
20200424_210632.245598	3.06161699787e-17	0.8583	0.5	1.15	1.57079632679	1.4582	1	
20200424_210632.345598	3.06161699787e-17	0.8615	0.5	1.1568	1.57079632679	1.5216	1	
20200424_210632.445623	3.06161699787e-17	0.8625	0.5	1.1661	1.57079632679	1.6532	1	
20200424_210632.651766	3.06161699787e-17	0.8635	0.5	1.1894	1.57079632679	1.9008	1	
20200424_210632.653297	3.06161699787e-17	0.8632	0.5	1.1923	1.57079632679	1.938	1	
20200424_210632.745604	3.06161699787e-17	0.8624	0.5	1.1967	1.57079632679	1.9834	1	
20200424_210632.845716	3.06161699787e-17	0.8594	0.5	1.2073	1.57079632679	2.1215	1	
20200424_210632.945718	3.06161699787e-17	0.8594	0.5	1.2073	1.57079632679	2.1215	1	
20200424_210633.045565	3.06161699787e-17	0.8545	0.5	1.222	1.57079632679	2.335	1	
20200424_210633.145589	3.06161699787e-17	0.8545	0.5	1.222	1.57079632679	2.335	1	
20200424_210633.245570	3.06161699787e-17	0.8545	0.5	1.222	1.57079632679	2.335	1	
20200424_210633.345628	3.06161699787e-17	0.8545	0.5	1.222	1.57079632679	2.335	1	
20200424_210633.445732	3.06161699787e-17	0.8545	0.5	1.222	1.57079632679	2.335	1	
20200424_210633.545693	3.06161699787e-17	0.8545	0.5	1.222	1.57079632679	2.335	1	
20200424_210633.645571	3.06161699787e-17	0.8545	0.5	1.222	1.57079632679	2.335	1	
20200424_210633.745652	3.06161699787e-17	0.8545	0.5	1.222	1.57079632679	2.335	1	
20200424_210633.845621	3.06161699787e-17	0.8545	0.5	1.222	1.57079632679	2.335	1	
20200424_210633.945605	3.06161699787e-17	0.8545	0.5	1.222	1.57079632679	2.335	1	
20200424_210634.045717	3.06161699787e-17	0.8545	0.5	1.222	1.57079632679	2.335	1	
20200424_210634.145636	3.06161699787e-17	0.8545	0.5	1.222	1.57079632679	2.335	1	
20200424_210634.245706	3.06161699787e-17	0.7441	0.5	1.2567	1.57079632679	-2.4836	1	
20200424_210634.345677	3.06161699787e-17	0.736	0.5	1.2522	1.57079632679	-2.3682	1	
20200424_210634.445650	3.06161699787e-17	0.7253	0.5	1.2446	1.57079632679	-2.3022	1	
20200424_210634.545824	-0.352671151375	0.7176	0.485410196625	1.236	2.19911485751	-2.2478	1	
20200424_210634.645600	-0.352671151375	0.7042	0.485410196625	1.2189	2.19911485751	-2.2535	1	
20200424_210634.745702	-0.352671151375	0.6948	0.485410196625	1.2037	2.19911485751	-2.3182	1	
20200424_210634.845651	-0.352671151375	0.6856	0.485410196625	1.1934	2.19911485751	-2.3544	1	
20200424_210634.945646	-0.352671151375	0.6768	0.485410196625	1.1819	2.19911485751	-2.4034	1	
20200424_210635.045859	-0.352671151375	0.6645	0.485410196625	1.1691	2.19911485751	-2.4384	1	
20200424_210635.145500	-0.352671151375	0.6526	0.485410196625	1.158	2.19911485751	-2.4563	1	
20200424_210635.245722	-0.352671151375	0.6428	0.485410196625	1.1506	2.19911485751	-2.4709	1	
20200424_210635.345595	-0.352671151375	0.6428	0.485410196625	1.1506	2.19911485751	-2.4709	1	
20200424_210635.445563	-0.352671151375	0.6428	0.485410196625	1.1506	2.19911485751	-2.4709	1	
20200424_210635.545644	-0.352671151375	0.6428	0.485410196625	1.1506	2.19911485751	-2.4709	1	
20200424_210635.645902	-0.352671151375	0.5801	0.485410196625	1.0971	2.19911485751	-2.4712	1	
20200424_210635.745565	-0.352671151375	0.5658	0.485410196625	1.0852	2.19911485751	-2.4768	1	
20200424_210635.845581	-0.352671151375	0.5498	0.485410196625	1.0721	2.19911485751	-2.4668	1	
20200424_210635.945709	-0.352671151375	0.5351	0.485410196625	1.0598	2.19911485751	-2.4702	1	
20200424_210636.045686	-0.352671151375	0.5194	0.485410196625	1.0462	2.19911485751	-2.479	1	
20200424_210636.145718	-0.352671151375	0.5072	0.485410196625	1.0337	2.19911485751	-2.4943	1	
20200424_210636.245784	-0.352671151375	0.4934	0.485410196625	1.0219	2.19911485751	-2.5095	1	
20200424_210636.345633	-0.352671151375	0.4783	0.485410196625	1.0089	2.19911485751	-2.5054	1	
20200424_210636.445997	-0.352671151375	0.4646	0.485410196625	0.9992	2.19911485751	-2.5138	1	
20200424_210636.545691	-0.352671151375	0.4473	0.485410196625	0.9867	2.19911485751	-2.512	1	
20200424_210636.645529	-0.352671151375	0.432	0.485410196625	0.9742	2.19911485751	-2.498	1	
20200424_210636.745593	-0.352671151375	0.417	0.485410196625	0.963	2.19911485751	-2.5057	1	
20200424_210636.845665	-0.352671151375	0.4026	0.485410196625	0.951	2.19911485751	-2.5068	1	
20200424_210636.945680	-0.352671151375	0.3875	0.485410196625	0.9389	2.19911485751	-2.517	1	
20200424_210637.045693	-0.352671151375	0.3703	0.485410196625	0.9255	2.19911485751	-2.5092	1	
20200424_210637.145691	-0.352671151375	0.3558	0.485410196625	0.9143	2.19911485751	-2.5181	1	
20200424_210637.245669	-0.352671151375	0.3384	0.485410196625	0.8996	2.19911485751	-2.5123	1	
20200424_210637.345661	-0.352671151375	0.3236	0.485410196625	0.8888	2.19911485751	-2.5102	1	
20200424_210637.445590	-0.352671151375	0.3088	0.485410196625	0.8763	2.19911485751	-2.5023	1	
20200424_210637.545717	-0.665739561407	0.294	0.216311896062	0.865	2.82743338823	-2.5063	1	
20200424_210637.645579	-0.665739561407	0.2792	0.216311896062	0.8525	2.82743338823	-2.5209	1	
20200424_210637.745628	-0.665739561407	0.2621	0.216311896062	0.8397	2.82743338823	-2.5205	1	
20200424_210637.845646	-0.665739561407	0.2483	0.216311896062	0.828	2.82743338823	-2.5215	1	
20200424_210637.945568	-0.665739561407	0.2333	0.216311896062	0.8161	2.82743338823	-2.5127	1	
20200424_210638.045667	-0.665739561407	0.2173	0.216311896062	0.8039	2.82743338823	-2.5102	1	
20200424_210638.145638	-0.665739561407	0.2026	0.216311896062	0.7922	2.82743338823	-2.5123	1	
20200424_210638.245660	-0.665739561407	0.1877	0.216311896062	0.7817	2.82743338823	-2.5196	1	
20200424_210638.345757	-0.665739561407	0.1696	0.216311896062	0.7683	2.82743338823	-2.5208	1	
20200424_210638.445656	-0.665739561407	0.1543	0.216311896062	0.7549	2.82743338823	-2.5114	1	
20200424_210638.545680	-0.665739561407	0.1394	0.216311896062	0.7435	2.82743338823	-2.5211	1	
20200424_210638.645584	-0.665739561407	0.1238	0.216311896062	0.7307	2.82743338823	-2.5175	1	
20200424_210638.745626	-0.665739561407	0.1086	0.216311896062	0.7189	2.82743338823	-2.5035	1	
20200424_210638.845705	-0.665739561407	0.094	0.216311896062	0.7063	2.82743338823	-2.5033	1	
20200424_210638.945740	-0.665739561407	0.0775	0.216311896062	0.6935	2.82743338823	-2.4956	1	
20200424_210639.045681	-0.665739561407	0.0623	0.216311896062	0.6822	2.82743338823	-2.5071	1	
20200424_210639.145720	-0.665739561407	0.0458	0.216311896062	0.6686	2.82743338823	-2.5119	1	
20200424_210639.245641	-0.665739561407	0.033	0.216311896062	0.6573	2.82743338823	-2.4874	1	
20200424_210639.345693	-0.665739561407	0.0202	0.216311896062	0.6457	2.82743338823	-2.4962	1	
20200424_210639.445673	-0.665739561407	0.0041	0.216311896062	0.6335	2.82743338823	-2.5019	1	
20200424_210639.545678	-0.665739561407	-0.011	0.216311896062	0.6219	2.82743338823	-2.4987	1	
20200424_210639.645640	-0.665739561407	-0.0278	0.216311896062	0.6082	2.82743338823	-2.4889	1	
20200424_210639.745569	-0.665739561407	-0.0414	0.216311896062	0.5967	2.82743338823	-2.4878	1	
20200424_210639.845607	-0.665739561407	-0.056	0.216311896062	0.5852	2.82743338823	-2.4973	1	
20200424_210639.945725	-0.665739561407	-0.0694	0.216311896062	0.5736	2.82743338823	-2.5157	1	
20200424_210640.045661	-0.665739561407	-0.0841	0.216311896062	0.5623	2.82743338823	-2.5247	1	
20200424_210640.145679	-0.665739561407	-0.1006	0.216311896062	0.5508	2.82743338823	-2.5364	1	
20200424_210640.250100	-0.665739561407	-0.1168	0.216311896062	0.5382	2.82743338823	-2.5394	1	
20200424_210640.345591	-0.665739561407	-0.1339	0.216311896062	0.5255	2.82743338823	-2.5398	1	
20200424_210640.445687	-0.665739561407	-0.1479	0.216311896062	0.5141	2.82743338823	-2.5209	1	
20200424_210640.545653	-0.760845213036	-0.1642	-0.2472135955	0.5019	-2.82743338823	-2.5169	1	
20200424_210640.645627	-0.760845213036	-0.1796	-0.2472135955	0.4913	-2.82743338823	-2.494	1	
20200424_210640.745622	-0.760845213036	-0.1925	-0.2472135955	0.4819	-2.82743338823	-2.4452	1	
20200424_210640.845523	-0.760845213036	-0.2047	-0.2472135955	0.4724	-2.82743338823	-2.389	1	
20200424_210640.945664	-0.760845213036	-0.2188	-0.2472135955	0.4601	-2.82743338823	-2.3389	1	
20200424_210641.045640	-0.760845213036	-0.2286	-0.2472135955	0.4501	-2.82743338823	-2.3122	1	
20200424_210641.145777	-0.760845213036	-0.2408	-0.2472135955	0.4367	-2.82743338823	-2.2896	1	
20200424_210641.245685	-0.760845213036	-0.2526	-0.2472135955	0.4218	-2.82743338823	-2.2756	1	
20200424_210641.345641	-0.760845213036	-0.2639	-0.2472135955	0.4066	-2.82743338823	-2.2637	1	
20200424_210641.445631	-0.760845213036	-0.2767	-0.2472135955	0.3901	-2.82743338823	-2.2593	1	
20200424_210641.545558	-0.760845213036	-0.2889	-0.2472135955	0.3749	-2.82743338823	-2.2545	1	
20200424_210641.645525	-0.760845213036	-0.3008	-0.2472135955	0.3596	-2.82743338823	-2.2582	1	
20200424_210641.745655	-0.760845213036	-0.3135	-0.2472135955	0.3445	-2.82743338823	-2.254	1	
20200424_210641.845650	-0.760845213036	-0.326	-0.2472135955	0.3284	-2.82743338823	-2.2538	1	
20200424_210641.945705	-0.760845213036	-0.3376	-0.2472135955	0.3131	-2.82743338823	-2.2554	1	
20200424_210642.045684	-0.760845213036	-0.3494	-0.2472135955	0.2966	-2.82743338823	-2.2575	1	
20200424_210642.145674	-0.760845213036	-0.3608	-0.2472135955	0.2811	-2.82743338823	-2.2424	1	
20200424_210642.245694	-0.760845213036	-0.3731	-0.2472135955	0.2655	-2.82743338823	-2.2475	1	
20200424_210642.345565	-0.760845213036	-0.3846	-0.2472135955	0.2488	-2.82743338823	-2.2457	1	
20200424_210642.445517	-0.760845213036	-0.3975	-0.2472135955	0.2326	-2.82743338823	-2.2419	1	
20200424_210642.545820	-0.760845213036	-0.4087	-0.2472135955	0.2177	-2.82743338823	-2.2354	1	
20200424_210642.647145	-0.760845213036	-0.4202	-0.2472135955	0.2017	-2.82743338823	-2.2336	1	
20200424_210642.745678	-0.760845213036	-0.4326	-0.2472135955	0.1845	-2.82743338823	-2.2383	1	
20200424_210642.845688	-0.760845213036	-0.443	-0.2472135955	0.1694	-2.82743338823	-2.2379	1	
20200424_210642.945583	-0.760845213036	-0.4555	-0.2472135955	0.1535	-2.82743338823	-2.2338	1	
20200424_210643.045584	-0.760845213036	-0.467	-0.2472135955	0.1377	-2.82743338823	-2.2349	1	
20200424_210643.145712	-0.760845213036	-0.4794	-0.2472135955	0.1212	-2.82743338823	-2.2278	1	
20200424_210643.245618	-0.760845213036	-0.4904	-0.2472135955	0.1059	-2.82743338823	-2.2348	1	
20200424_210643.345681	-0.760845213036	-0.5023	-0.2472135955	0.0905	-2.82743338823	-2.2303	1	
20200424_210643.445606	-0.760845213036	-0.5151	-0.2472135955	0.0738	-2.82743338823	-2.2336	1	
20200424_210643.545642	-0.529006727063	-0.527	-0.728115294937	0.0581	-2.19911485751	-2.2232	1	
20200424_210643.645603	-0.529006727063	-0.5363	-0.728115294937	0.0479	-2.19911485751	-2.1364	1	
20200424_210643.745562	-0.529006727063	-0.5431	-0.728115294937	0.0393	-2.19911485751	-2.0297	1	
20200424_210643.845686	-0.529006727063	-0.5498	-0.728115294937	0.0308	-2.19911485751	-1.919	1	
20200424_210643.945636	-0.529006727063	-0.5548	-0.728115294937	0.0212	-2.19911485751	-1.798	1	
20200424_210644.045619	-0.529006727063	-0.5594	-0.728115294937	0.0085	-2.19911485751	-1.7033	1	
20200424_210644.145587	-0.529006727063	-0.562	-0.728115294937	-0.0042	-2.19911485751	-1.6513	1	
20200424_210644.245625	-0.529006727063	-0.5631	-0.728115294937	-0.0224	-2.19911485751	-1.608	1	
20200424_210644.345596	-0.529006727063	-0.5642	-0.728115294937	-0.0364	-2.19911485751	-1.5764	1	
20200424_210644.445639	-0.529006727063	-0.5635	-0.728115294937	-0.053	-2.19911485751	-1.5552	1	
20200424_210644.545672	-0.529006727063	-0.5632	-0.728115294937	-0.074	-2.19911485751	-1.5445	1	
20200424_210644.645605	-0.529006727063	-0.5622	-0.728115294937	-0.0923	-2.19911485751	-1.546	1	
20200424_210644.745625	-0.529006727063	-0.5614	-0.728115294937	-0.1124	-2.19911485751	-1.5426	1	
20200424_210644.845726	-0.529006727063	-0.5599	-0.728115294937	-0.1323	-2.19911485751	-1.5467	1	
20200424_210644.945632	-0.529006727063	-0.5587	-0.728115294937	-0.1507	-2.19911485751	-1.5428	1	
20200424_210645.045626	-0.529006727063	-0.5575	-0.728115294937	-0.1714	-2.19911485751	-1.5421	1	
20200424_210645.145629	-0.529006727063	-0.5559	-0.728115294937	-0.1907	-2.19911485751	-1.5338	1	
20200424_210645.245599	-0.529006727063	-0.5559	-0.728115294937	-0.2103	-2.19911485751	-1.5288	1	
20200424_210645.345727	-0.529006727063	-0.554	-0.728115294937	-0.2287	-2.19911485751	-1.532	1	
20200424_210645.445575	-0.529006727063	-0.5528	-0.728115294937	-0.2499	-2.19911485751	-1.5303	1	
20200424_210645.545658	-0.529006727063	-0.5517	-0.728115294937	-0.2713	-2.19911485751	-1.5277	1	
20200424_210645.645607	-0.529006727063	-0.5506	-0.728115294937	-0.2878	-2.19911485751	-1.5265	1	
20200424_210645.745579	-0.529006727063	-0.5494	-0.728115294937	-0.3082	-2.19911485751	-1.5336	1	
20200424_210645.845547	-0.529006727063	-0.5478	-0.728115294937	-0.3262	-2.19911485751	-1.5312	1	
20200424_210645.945481	-0.529006727063	-0.5466	-0.728115294937	-0.3482	-2.19911485751	-1.5363	1	
20200424_210646.045669	-0.529006727063	-0.5449	-0.728115294937	-0.3657	-2.19911485751	-1.5402	1	
20200424_210646.145767	-0.529006727063	-0.5438	-0.728115294937	-0.3861	-2.19911485751	-1.5411	1	
20200424_210646.245742	-0.529006727063	-0.5431	-0.728115294937	-0.405	-2.19911485751	-1.5424	1	
20200424_210646.345700	-0.529006727063	-0.5413	-0.728115294937	-0.4242	-2.19911485751	-1.5305	1	
20200424_210646.445674	-0.529006727063	-0.5399	-0.728115294937	-0.444	-2.19911485751	-1.5336	1	
20200424_210646.545662	-1.83697019872e-16	-0.5389	-1.0	-0.4649	-1.57079632679	-1.5259	1	
20200424_210646.645577	-1.83697019872e-16	-0.5387	-1.0	-0.4796	-1.57079632679	-1.4488	1	
20200424_210646.745692	-1.83697019872e-16	-0.539	-1.0	-0.489	-1.57079632679	-1.3369	1	
20200424_210646.845682	-1.83697019872e-16	-0.5382	-1.0	-0.5001	-1.57079632679	-1.2169	1	
20200424_210646.945630	-1.83697019872e-16	-0.5354	-1.0	-0.5079	-1.57079632679	-1.1125	1	
20200424_210647.045678	-1.83697019872e-16	-0.5324	-1.0	-0.5169	-1.57079632679	-0.9984	1	
20200424_210647.145624	-1.83697019872e-16	-0.5266	-1.0	-0.5277	-1.57079632679	-0.9124	1	
20200424_210647.245658	-1.83697019872e-16	-0.5194	-1.0	-0.5393	-1.57079632679	-0.8541	1	
20200424_210647.345633	-1.83697019872e-16	-0.508	-1.0	-0.5517	-1.57079632679	-0.8119	1	
20200424_210647.445647	-1.83697019872e-16	-0.4972	-1.0	-0.5637	-1.57079632679	-0.7823	1	
20200424_210647.545619	-1.83697019872e-16	-0.4836	-1.0	-0.5763	-1.57079632679	-0.7678	1	
20200424_210647.645592	-1.83697019872e-16	-0.4686	-1.0	-0.5892	-1.57079632679	-0.7685	1	
20200424_210647.745854	-1.83697019872e-16	-0.4539	-1.0	-0.6026	-1.57079632679	-0.7624	1	
20200424_210647.845632	-1.83697019872e-16	-0.4384	-1.0	-0.6154	-1.57079632679	-0.7652	1	
20200424_210647.945621	-1.83697019872e-16	-0.4246	-1.0	-0.6277	-1.57079632679	-0.7684	1	
20200424_210648.045671	-1.83697019872e-16	-0.41	-1.0	-0.6405	-1.57079632679	-0.7663	1	
20200424_210648.145606	-1.83697019872e-16	-0.3946	-1.0	-0.6538	-1.57079632679	-0.7797	1	
20200424_210648.245583	-1.83697019872e-16	-0.3807	-1.0	-0.6665	-1.57079632679	-0.7765	1	
20200424_210648.345554	-1.83697019872e-16	-0.3669	-1.0	-0.679	-1.57079632679	-0.7769	1	
20200424_210648.445680	-1.83697019872e-16	-0.3513	-1.0	-0.6936	-1.57079632679	-0.7714	1	
20200424_210648.545650	-1.83697019872e-16	-0.3361	-1.0	-0.7072	-1.57079632679	-0.7694	1	
20200424_210648.645582	-1.83697019872e-16	-0.3219	-1.0	-0.7206	-1.57079632679	-0.7678	1	
20200424_210648.745616	-1.83697019872e-16	-0.3073	-1.0	-0.7346	-1.57079632679	-0.7718	1	
20200424_210648.845683	-1.83697019872e-16	-0.293	-1.0	-0.7485	-1.57079632679	-0.7755	1	
20200424_210648.945712	-1.83697019872e-16	-0.2786	-1.0	-0.7619	-1.57079632679	-0.7708	1	
20200424_210649.045592	-1.83697019872e-16	-0.2645	-1.0	-0.7749	-1.57079632679	-0.7715	1	
20200424_210649.145621	-1.83697019872e-16	-0.2487	-1.0	-0.7887	-1.57079632679	-0.7618	1	
20200424_210649.246953	-1.83697019872e-16	-0.2347	-1.0	-0.8012	-1.57079632679	-0.7524	1	
20200424_210649.345630	-1.83697019872e-16	-0.2201	-1.0	-0.8149	-1.57079632679	-0.755	1	
20200424_210649.445612	-1.83697019872e-16	-0.2058	-1.0	-0.8291	-1.57079632679	-0.7602	1	
20200424_210649.545668	0.646563777522	-0.1899	-0.889918693812	-0.8431	-0.942477796077	-0.7475	1	
20200424_210649.645605	0.646563777522	-0.1794	-0.889918693812	-0.8539	-0.942477796077	-0.7032	1	
20200424_210649.745594	0.646563777522	-0.1714	-0.889918693812	-0.8623	-0.942477796077	-0.6068	1	
20200424_210649.845658	0.646563777522	-0.1663	-0.889918693812	-0.8687	-0.942477796077	-0.4952	1	
20200424_210649.945610	0.646563777522	-0.1576	-0.889918693812	-0.8757	-0.942477796077	-0.3788	1	
20200424_210650.045699	0.646563777522	-0.1489	-0.889918693812	-0.881	-0.942477796077	-0.2689	1	
20200424_210650.145685	0.646563777522	-0.1385	-0.889918693812	-0.8849	-0.942477796077	-0.1964	1	
20200424_210650.245672	0.646563777522	-0.1232	-0.889918693812	-0.8887	-0.942477796077	-0.1333	1	
20200424_210650.345672	0.646563777522	-0.1061	-0.889918693812	-0.8909	-0.942477796077	-0.0895	1	
20200424_210650.445630	0.646563777522	-0.0883	-0.889918693812	-0.8924	-0.942477796077	-0.0517	1	
20200424_210650.545679	0.646563777522	-0.0681	-0.889918693812	-0.8931	-0.942477796077	-0.0411	1	
20200424_210650.645628	0.646563777522	-0.0486	-0.889918693812	-0.8935	-0.942477796077	-0.0293	1	
20200424_210650.745631	0.646563777522	-0.0306	-0.889918693812	-0.8928	-0.942477796077	-0.0284	1	
20200424_210650.845616	0.646563777522	-0.0107	-0.889918693812	-0.8925	-0.942477796077	-0.0264	1	
20200424_210650.945710	0.646563777522	0.0072	-0.889918693812	-0.8926	-0.942477796077	-0.0194	1	
20200424_210651.045712	0.646563777522	0.0268	-0.889918693812	-0.8923	-0.942477796077	-0.0202	1	
20200424_210651.145708	0.646563777522	0.0446	-0.889918693812	-0.8921	-0.942477796077	-0.0087	1	
20200424_210651.245577	0.646563777522	0.0651	-0.889918693812	-0.8917	-0.942477796077	-0.011	1	
20200424_210651.345525	0.646563777522	0.0852	-0.889918693812	-0.8912	-0.942477796077	-0.0114	1	
20200424_210651.445614	0.646563777522	0.1065	-0.889918693812	-0.8901	-0.942477796077	-0.0069	1	
20200424_210651.545665	0.646563777522	0.1254	-0.889918693812	-0.8896	-0.942477796077	-0.0064	1	
20200424_210651.645620	0.646563777522	0.1444	-0.889918693812	-0.8889	-0.942477796077	-0.0067	1	
20200424_210651.745636	0.646563777522	0.1638	-0.889918693812	-0.8881	-0.942477796077	-0.0068	1	
20200424_210651.845656	0.646563777522	0.1837	-0.889918693812	-0.8882	-0.942477796077	0.0031	1	
20200424_210651.945699	0.646563777522	0.2029	-0.889918693812	-0.8878	-0.942477796077	0.001	1	
20200424_210652.045649	0.646563777522	0.2221	-0.889918693812	-0.8869	-0.942477796077	0.0029	1	
20200424_210652.145683	0.646563777522	0.2425	-0.889918693812	-0.8863	-0.942477796077	0.0008	1	
20200424_210652.245597	0.646563777522	0.2616	-0.889918693812	-0.8851	-0.942477796077	-0.0001	1	
20200424_210652.345623	0.646563777522	0.2805	-0.889918693812	-0.8838	-0.942477796077	-0.0084	1	
20200424_210652.445647	0.646563777522	0.3017	-0.889918693812	-0.8841	-0.942477796077	-0.0025	1	
20200424_210652.545668	1.14126781955	0.3196	-0.37082039325	-0.8828	-0.314159265359	0.0035	1	
20200424_210652.645610	1.14126781955	0.3339	-0.37082039325	-0.8828	-0.314159265359	0.0697	1	
20200424_210652.745631	1.14126781955	0.3444	-0.37082039325	-0.8832	-0.314159265359	0.1759	1	
20200424_210652.845669	1.14126781955	0.3555	-0.37082039325	-0.8827	-0.314159265359	0.2893	1	
20200424_210652.945688	1.14126781955	0.3671	-0.37082039325	-0.8796	-0.314159265359	0.3777	1	
20200424_210653.045675	1.14126781955	0.3804	-0.37082039325	-0.8759	-0.314159265359	0.4416	1	
20200424_210653.145668	1.14126781955	0.3955	-0.37082039325	-0.8693	-0.314159265359	0.4917	1	
20200424_210653.245455	1.14126781955	0.4091	-0.37082039325	-0.8623	-0.314159265359	0.532	1	
20200424_210653.345630	1.14126781955	0.4251	-0.37082039325	-0.8528	-0.314159265359	0.5346	1	
20200424_210653.445676	1.14126781955	0.4423	-0.37082039325	-0.8417	-0.314159265359	0.5374	1	
20200424_210653.545530	1.14126781955	0.4581	-0.37082039325	-0.8304	-0.314159265359	0.5377	1	
20200424_210653.645612	1.14126781955	0.4749	-0.37082039325	-0.821	-0.314159265359	0.5428	1	
20200424_210653.745704	1.14126781955	0.4921	-0.37082039325	-0.8096	-0.314159265359	0.5401	1	
20200424_210653.845737	1.14126781955	0.5098	-0.37082039325	-0.7987	-0.314159265359	0.5397	1	
20200424_210653.945669	1.14126781955	0.5279	-0.37082039325	-0.7866	-0.314159265359	0.5366	1	
20200424_210654.045948	1.14126781955	0.543	-0.37082039325	-0.7772	-0.314159265359	0.558	1	
20200424_210654.145704	1.14126781955	0.5602	-0.37082039325	-0.7656	-0.314159265359	0.5484	1	
20200424_210654.245584	1.14126781955	0.5757	-0.37082039325	-0.756	-0.314159265359	0.5656	1	
20200424_210654.345728	1.14126781955	0.5927	-0.37082039325	-0.7445	-0.314159265359	0.5636	1	
20200424_210654.445613	1.14126781955	0.609	-0.37082039325	-0.7331	-0.314159265359	0.5507	1	
20200424_210654.545625	1.14126781955	0.6234	-0.37082039325	-0.7237	-0.314159265359	0.5621	1	
20200424_210654.645630	1.14126781955	0.6398	-0.37082039325	-0.7121	-0.314159265359	0.5615	1	
20200424_210654.745679	1.14126781955	0.657	-0.37082039325	-0.7002	-0.314159265359	0.5655	1	
20200424_210654.845634	1.14126781955	0.6735	-0.37082039325	-0.6884	-0.314159265359	0.5632	1	
20200424_210654.945666	1.14126781955	0.6874	-0.37082039325	-0.6794	-0.314159265359	0.6022	1	
20200424_210655.045720	1.14126781955	0.7069	-0.37082039325	-0.666	-0.314159265359	0.5582	1	
20200424_210655.145648	1.14126781955	0.7216	-0.37082039325	-0.6548	-0.314159265359	0.5999	1	
20200424_210655.245712	1.14126781955	0.7412	-0.37082039325	-0.6418	-0.314159265359	0.5405	1	
20200424_210655.345715	1.14126781955	0.7581	-0.37082039325	-0.6313	-0.314159265359	0.5538	1	
20200424_210655.445649	1.14126781955	0.774	-0.37082039325	-0.6211	-0.314159265359	0.5496	1	
20200424_210655.545613	1.23637347118	0.7891	0.401722092687	-0.6115	0.314159265359	0.5712	1	
20200424_210655.645594	1.23637347118	0.8023	0.401722092687	-0.6038	0.314159265359	0.6443	1	
20200424_210655.745698	1.23637347118	0.8119	0.401722092687	-0.5983	0.314159265359	0.7523	1	
20200424_210655.845709	1.23637347118	0.8193	0.401722092687	-0.5933	0.314159265359	0.8561	1	
20200424_210655.945675	1.23637347118	0.8291	0.401722092687	-0.5854	0.314159265359	0.9543	1	
20200424_210656.045710	1.23637347118	0.8364	0.401722092687	-0.5753	0.314159265359	1.0299	1	
20200424_210656.145553	1.23637347118	0.8448	0.401722092687	-0.5622	0.314159265359	1.0608	1	
20200424_210656.245674	1.23637347118	0.8526	0.401722092687	-0.5471	0.314159265359	1.0971	1	
20200424_210656.345681	1.23637347118	0.8608	0.401722092687	-0.531	0.314159265359	1.1203	1	
20200424_210656.445610	1.23637347118	0.8675	0.401722092687	-0.5153	0.314159265359	1.1318	1	
20200424_210656.545699	1.23637347118	0.8755	0.401722092687	-0.4977	0.314159265359	1.1344	1	
20200424_210656.645561	1.23637347118	0.884	0.401722092687	-0.4785	0.314159265359	1.1301	1	
20200424_210656.745669	1.23637347118	0.892	0.401722092687	-0.4598	0.314159265359	1.1315	1	
20200424_210656.845648	1.23637347118	0.8993	0.401722092687	-0.4417	0.314159265359	1.1307	1	
20200424_210656.945695	1.23637347118	0.9077	0.401722092687	-0.4232	0.314159265359	1.1247	1	
20200424_210657.045669	1.23637347118	0.9149	0.401722092687	-0.4068	0.314159265359	1.1294	1	
20200424_210657.145657	1.23637347118	0.9231	0.401722092687	-0.3884	0.314159265359	1.1317	1	
20200424_210657.245664	1.23637347118	0.9295	0.401722092687	-0.3712	0.314159265359	1.1225	1	
20200424_210657.345652	1.23637347118	0.9385	0.401722092687	-0.3516	0.314159265359	1.1184	1	
20200424_210657.445605	1.23637347118	0.9457	0.401722092687	-0.3349	0.314159265359	1.1335	1	
20200424_210657.545593	1.23637347118	0.9547	0.401722092687	-0.314	0.314159265359	1.1405	1	
20200424_210657.645628	1.23637347118	0.9623	0.401722092687	-0.2974	0.314159265359	1.1267	1	
20200424_210657.745688	1.23637347118	0.9705	0.401722092687	-0.279	0.314159265359	1.1219	1	
20200424_210657.845676	1.23637347118	0.9775	0.401722092687	-0.2618	0.314159265359	1.1303	1	
20200424_210657.945731	1.23637347118	0.9855	0.401722092687	-0.2444	0.314159265359	1.1352	1	
20200424_210658.045668	1.23637347118	0.9928	0.401722092687	-0.2273	0.314159265359	1.1336	1	
20200424_210658.145634	1.23637347118	1.0001	0.401722092687	-0.21	0.314159265359	1.134	1	
20200424_210658.245801	1.23637347118	1.0088	0.401722092687	-0.1913	0.314159265359	1.1428	1	
20200424_210658.345682	1.23637347118	1.0149	0.401722092687	-0.1746	0.314159265359	1.1609	1	
20200424_210658.445640	1.23637347118	1.0234	0.401722092687	-0.1559	0.314159265359	1.1658	1	
20200424_210658.545597	0.822899353209	1.031	1.13262379212	-0.138	0.942477796077	1.161	1	
20200424_210658.645555	0.822899353209	1.0377	1.13262379212	-0.1224	0.942477796077	1.2414	1	
20200424_210658.745552	0.822899353209	1.0427	1.13262379212	-0.1135	0.942477796077	1.3413	1	
20200424_210658.845683	0.822899353209	1.0464	1.13262379212	-0.1039	0.942477796077	1.4598	1	
20200424_210658.945768	0.822899353209	1.0495	1.13262379212	-0.0914	0.942477796077	1.5402	1	
20200424_210659.045553	0.822899353209	1.0507	1.13262379212	-0.0778	0.942477796077	1.612	1	
20200424_210659.145660	0.822899353209	1.0495	1.13262379212	-0.0607	0.942477796077	1.67	1	
20200424_210659.245543	0.822899353209	1.0476	1.13262379212	-0.0448	0.942477796077	1.6968	1	
20200424_210659.345692	0.822899353209	1.0461	1.13262379212	-0.0281	0.942477796077	1.7224	1	
20200424_210659.445636	0.822899353209	1.0437	1.13262379212	-0.0114	0.942477796077	1.7375	1	
20200424_210659.545723	0.822899353209	1.0378	1.13262379212	0.0088	0.942477796077	1.7266	1	
20200424_210659.645650	0.822899353209	1.0337	1.13262379212	0.0281	0.942477796077	1.7236	1	
20200424_210659.745628	0.822899353209	1.0319	1.13262379212	0.0455	0.942477796077	1.7244	1	
20200424_210659.845659	0.822899353209	1.028	1.13262379212	0.0647	0.942477796077	1.7281	1	
20200424_210659.945733	0.822899353209	1.0243	1.13262379212	0.0861	0.942477796077	1.7308	1	
20200424_210700.045687	0.822899353209	1.0191	1.13262379212	0.1048	0.942477796077	1.7253	1	
20200424_210700.145693	0.822899353209	1.0161	1.13262379212	0.1242	0.942477796077	1.732	1	
20200424_210700.245660	0.822899353209	1.0124	1.13262379212	0.143	0.942477796077	1.7202	1	
20200424_210700.345695	0.822899353209	1.009	1.13262379212	0.161	0.942477796077	1.7228	1	
20200424_210700.445618	0.822899353209	1.0049	1.13262379212	0.1814	0.942477796077	1.7302	1	
20200424_210700.545770	0.822899353209	1.0025	1.13262379212	0.2006	0.942477796077	1.7229	1	
20200424_210700.645557	0.822899353209	0.9979	1.13262379212	0.2196	0.942477796077	1.734	1	
20200424_210700.745620	0.822899353209	0.994	1.13262379212	0.2404	0.942477796077	1.7321	1	
20200424_210700.845638	0.822899353209	0.9911	1.13262379212	0.2582	0.942477796077	1.7352	1	
20200424_210700.945724	0.822899353209	0.9874	1.13262379212	0.2765	0.942477796077	1.7422	1	
20200424_210701.045674	0.822899353209	0.9828	1.13262379212	0.2964	0.942477796077	1.7378	1	
20200424_210701.145749	0.822899353209	0.9786	1.13262379212	0.3167	0.942477796077	1.7341	1	
20200424_210701.245630	0.822899353209	0.9756	1.13262379212	0.3345	0.942477796077	1.7354	1	
20200424_210701.345631	0.822899353209	0.9723	1.13262379212	0.3542	0.942477796077	1.7341	1	
20200424_210701.445624	0.822899353209	0.9679	1.13262379212	0.3745	0.942477796077	1.7341	1	
20200424_210701.545659	0.822899353209	0.9638	1.13262379212	0.3927	0.942477796077	1.7327	1	
20200424_210701.645642	0.822899353209	0.96	1.13262379212	0.4118	0.942477796077	1.7471	1	
20200424_210701.745617	0.822899353209	0.9571	1.13262379212	0.4304	0.942477796077	1.7325	1	
20200424_210701.845623	0.822899353209	0.9519	1.13262379212	0.45	0.942477796077	1.743	1	
20200424_210701.945616	0.822899353209	0.9487	1.13262379212	0.4694	0.942477796077	1.7367	1	
20200424_210702.045576	0.822899353209	0.9447	1.13262379212	0.4891	0.942477796077	1.739	1	
20200424_210702.145716	0.822899353209	0.9412	1.13262379212	0.5086	0.942477796077	1.7456	1	
20200424_210702.245657	0.822899353209	0.9374	1.13262379212	0.5272	0.942477796077	1.7501	1	
20200424_210702.345622	0.822899353209	0.933	1.13262379212	0.5468	0.942477796077	1.7466	1	
20200424_210702.445762	0.822899353209	0.9291	1.13262379212	0.5661	0.942477796077	1.748	1	
20200424_210702.545652	0.822899353209	0.9245	1.13262379212	0.5857	0.942477796077	1.7515	1	
20200424_210702.645661	0.822899353209	0.9204	1.13262379212	0.6036	0.942477796077	1.7443	1	
20200424_210702.745615	0.822899353209	0.9164	1.13262379212	0.6219	0.942477796077	1.7487	1	
20200424_210702.845599	0.822899353209	0.9126	1.13262379212	0.6423	0.942477796077	1.761	1	
20200424_210702.945686	0.822899353209	0.9091	1.13262379212	0.6597	0.942477796077	1.7657	1	
20200424_210703.045556	0.822899353209	0.9044	1.13262379212	0.6799	0.942477796077	1.75	1	
20200424_210703.145482	0.822899353209	0.9001	1.13262379212	0.697	0.942477796077	1.7528	1	
20200424_210703.245513	0.822899353209	0.8956	1.13262379212	0.7205	0.942477796077	1.7593	1	
20200424_210703.345604	0.822899353209	0.892	1.13262379212	0.739	0.942477796077	1.7488	1	
20200424_210703.445670	0.822899353209	0.8877	1.13262379212	0.7574	0.942477796077	1.7538	1	
20200424_210703.545610	0.822899353209	0.8835	1.13262379212	0.7748	0.942477796077	1.76	1	
20200424_210703.645598	0.822899353209	0.8793	1.13262379212	0.7962	0.942477796077	1.757	1	
20200424_210703.745738	0.822899353209	0.8762	1.13262379212	0.8132	0.942477796077	1.7692	1	
20200424_210703.845717	0.822899353209	0.8716	1.13262379212	0.8312	0.942477796077	1.7663	1	
20200424_210703.945666	0.822899353209	0.8667	1.13262379212	0.8527	0.942477796077	1.7688	1	
20200424_210704.045673	0.822899353209	0.8628	1.13262379212	0.871	0.942477796077	1.7635	1	
20200424_210704.145607	0.822899353209	0.8587	1.13262379212	0.8908	0.942477796077	1.7669	1	
20200424_210704.245802	0.822899353209	0.8544	1.13262379212	0.9122	0.942477796077	1.7708	1	
20200424_210704.345646	0.822899353209	0.8501	1.13262379212	0.925	0.942477796077	1.7825	1	
20200424_210704.445617	0.822899353209	0.846	1.13262379212	0.9467	0.942477796077	1.7795	1	
20200424_210704.545622	0.822899353209	0.842	1.13262379212	0.9646	0.942477796077	1.7824	1	
20200424_210704.645617	0.822899353209	0.8364	1.13262379212	0.988	0.942477796077	1.787	1	
20200424_210704.745668	0.822899353209	0.8338	1.13262379212	0.9985	0.942477796077	1.7753	1	
20200424_210704.845741	0.822899353209	0.8282	1.13262379212	1.0189	0.942477796077	1.7177	1	
20200424_210704.946249	0.822899353209	0.8262	1.13262379212	1.0275	0.942477796077	1.6887	1	
20200424_210705.045548	0.822899353209	0.8236	1.13262379212	1.0375	0.942477796077	1.5734	1	
20200424_210705.145664	0.822899353209	0.8221	1.13262379212	1.0528	0.942477796077	1.6007	1	
20200424_210705.245666	0.822899353209	0.822	1.13262379212	1.0587	0.942477796077	1.5997	1	
20200424_210705.345573	0.822899353209	0.822	1.13262379212	1.0587	0.942477796077	1.5997	1	
20200424_210705.445626	0.822899353209	0.822	1.13262379212	1.0587	0.942477796077	1.5997	1	
20200424_210705.545698	0.822899353209	0.822	1.13262379212	1.0587	0.942477796077	1.5997	1	
20200424_210705.645676	0.822899353209	0.8166	1.13262379212	1.0646	0.942477796077	1.3163	1	
20200424_210705.745603	0.822899353209	0.8163	1.13262379212	1.0666	0.942477796077	1.2932	1	
20200424_210705.845606	0.822899353209	0.8145	1.13262379212	1.0685	0.942477796077	1.2454	1	
20200424_210705.945627	0.822899353209	0.8136	1.13262379212	1.0691	0.942477796077	1.1917	1	
20200424_210706.045748	0.822899353209	0.8136	1.13262379212	1.0691	0.942477796077	1.1917	1	
20200424_210706.145641	0.822899353209	0.8136	1.13262379212	1.0691	0.942477796077	1.1917	1	
20200424_210706.245722	0.822899353209	0.8136	1.13262379212	1.0691	0.942477796077	1.1917	1	
20200424_210706.345692	0.822899353209	0.8136	1.13262379212	1.0691	0.942477796077	1.1917	1	
20200424_210706.445616	0.822899353209	0.8136	1.13262379212	1.0691	0.942477796077	1.1917	1	
20200424_210706.545631	0.822899353209	0.8136	1.13262379212	1.0691	0.942477796077	1.1917	1	
20200424_210706.645643	0.822899353209	0.8065	1.13262379212	1.0693	0.942477796077	0.8157	1	
20200424_210706.745561	0.822899353209	0.8065	1.13262379212	1.0693	0.942477796077	0.8157	1	
20200424_210706.845671	0.822899353209	0.8065	1.13262379212	1.0693	0.942477796077	0.8157	1	
20200424_210706.945618	0.822899353209	0.8065	1.13262379212	1.0693	0.942477796077	0.8157	1	
20200424_210707.045660	0.822899353209	0.8065	1.13262379212	1.0693	0.942477796077	0.8157	1	
20200424_210707.145619	0.822899353209	0.8063	1.13262379212	1.0697	0.942477796077	0.8867	1	
20200424_210707.245701	0.822899353209	0.8063	1.13262379212	1.0697	0.942477796077	0.8867	0	
20200424_210707.245967	0.822899353209	0.8063	1.13262379212	1.0697	0.942477796077	0.8867	0	
20200424_210707.249062	0.822899353209	0.8063	1.13262379212	1.0697	0.942477796077	0.8867	0	
20200424_210707.256683	0.822899353209	0.8063	1.13262379212	1.0697	0.942477796077	0.8867	0	
20200424_210707.264877	0.822899353209	0.8063	1.13262379212	1.0697	0.942477796077	0.8867	0	
20200424_210707.273860	0.822899353209	0.8063	1.13262379212	1.0697	0.942477796077	0.8867	0	
20200424_210707.281770	0.822899353209	0.8063	1.13262379212	1.0697	0.942477796077	0.8867	0	
20200424_210707.289975	0.822899353209	0.8063	1.13262379212	1.0697	0.942477796077	0.8867	0	
20200424_210707.298202	0.822899353209	0.8063	1.13262379212	1.0697	0.942477796077	0.8867	0	
20200424_210707.307369	0.822899353209	0.8063	1.13262379212	1.0697	0.942477796077	0.8867	0	
20200424_210707.315005	0.822899353209	0.8063	1.13262379212	1.0697	0.942477796077	0.8867	0	
20200424_210707.323547	0.822899353209	0.8063	1.13262379212	1.0697	0.942477796077	0.8867	0	
20200424_210707.331829	0.822899353209	0.8063	1.13262379212	1.0697	0.942477796077	0.8867	0	
20200424_210707.340425	0.822899353209	0.8063	1.13262379212	1.0697	0.942477796077	0.8867	0	
20200424_210707.347946	0.822899353209	0.8063	1.13262379212	1.0697	0.942477796077	0.8867	0	
20200424_210707.356345	0.822899353209	0.8063	1.13262379212	1.0697	0.942477796077	0.8867	0	
20200424_210707.364601	0.822899353209	0.8063	1.13262379212	1.0697	0.942477796077	0.8867	0	
20200424_210707.373347	0.822899353209	0.8063	1.13262379212	1.0697	0.942477796077	0.8867	0	
20200424_210707.381563	0.822899353209	0.8063	1.13262379212	1.0697	0.942477796077	0.8867	0	
20200424_210707.390368	0.822899353209	0.8063	1.13262379212	1.0697	0.942477796077	0.8867	0	
20200424_210707.398584	0.822899353209	0.8063	1.13262379212	1.0697	0.942477796077	0.8867	0	
20200424_210707.406758	0.822899353209	0.8063	1.13262379212	1.0697	0.942477796077	0.8867	0	
20200424_210707.415336	0.822899353209	0.8063	1.13262379212	1.0697	0.942477796077	0.8867	0	
20200424_210707.423810	0.822899353209	0.8063	1.13262379212	1.0697	0.942477796077	0.8867	0	
20200424_210707.432070	0.822899353209	0.8063	1.13262379212	1.0697	0.942477796077	0.8867	0	
20200424_210707.440447	0.822899353209	0.8063	1.13262379212	1.0697	0.942477796077	0.8867	0	
20200424_210707.447937	0.822899353209	0.8063	1.13262379212	1.0697	0.942477796077	0.8867	0	
20200424_210707.456365	0.822899353209	0.8063	1.13262379212	1.0697	0.942477796077	0.8867	0	
20200424_210707.464727	0.822899353209	0.8063	1.13262379212	1.0697	0.942477796077	0.8867	0	
20200424_210707.472999	0.822899353209	0.8063	1.13262379212	1.0697	0.942477796077	0.8867	0	
20200424_210707.481481	0.822899353209	0.8063	1.13262379212	1.0697	0.942477796077	0.8867	0	
20200424_210707.490017	0.822899353209	0.8063	1.13262379212	1.0697	0.942477796077	0.8867	0	
20200424_210707.498159	0.822899353209	0.8063	1.13262379212	1.0697	0.942477796077	0.8867	0	
20200424_210707.506455	0.822899353209	0.8063	1.13262379212	1.0697	0.942477796077	0.8867	0	
20200424_210707.515007	0.822899353209	0.8063	1.13262379212	1.0697	0.942477796077	0.8867	0	
20200424_210707.531669	0.822899353209	0.8063	1.13262379212	1.0697	0.942477796077	0.8867	0	
20200424_210707.532154	0.822899353209	0.8063	1.13262379212	1.0697	0.942477796077	0.8867	0	
20200424_210707.539911	0.822899353209	0.8063	1.13262379212	1.0697	0.942477796077	0.8867	0	
20200424_210707.548273	0.822899353209	0.8063	1.13262379212	1.0697	0.942477796077	0.8867	0	
20200424_210707.556865	0.822899353209	0.8063	1.13262379212	1.0697	0.942477796077	0.8867	0	
20200424_210707.565186	0.822899353209	0.8063	1.13262379212	1.0697	0.942477796077	0.8867	0	
20200424_210707.574703	0.822899353209	0.8063	1.13262379212	1.0697	0.942477796077	0.8867	0	
20200424_210707.581937	0.822899353209	0.8063	1.13262379212	1.0697	0.942477796077	0.8867	0	
20200424_210707.590120	0.822899353209	0.8068	1.13262379212	1.0691	0.942477796077	0.9539	0	
20200424_210707.598488	0.822899353209	0.8068	1.13262379212	1.0691	0.942477796077	0.9541	0	
20200424_210707.606981	0.822899353209	0.8068	1.13262379212	1.0691	0.942477796077	0.9541	0	
20200424_210707.615171	0.822899353209	0.8068	1.13262379212	1.0691	0.942477796077	0.9541	0	
20200424_210707.623220	0.822899353209	0.8068	1.13262379212	1.0691	0.942477796077	0.9541	0	
20200424_210707.631407	0.822899353209	0.8068	1.13262379212	1.0691	0.942477796077	0.9541	0	
20200424_210707.639794	0.822899353209	0.8068	1.13262379212	1.0691	0.942477796077	0.9541	0	
20200424_210707.648601	0.822899353209	0.8068	1.13262379212	1.0691	0.942477796077	0.9541	0	
20200424_210707.656671	0.822899353209	0.8067	1.13262379212	1.0692	0.942477796077	0.9546	0	
20200424_210707.664736	0.822899353209	0.8067	1.13262379212	1.0692	0.942477796077	0.9546	0	
20200424_210707.672911	0.822899353209	0.8068	1.13262379212	1.0692	0.942477796077	0.9539	0	
20200424_210707.681443	0.822899353209	0.8068	1.13262379212	1.0692	0.942477796077	0.9539	0	
20200424_210707.689830	0.822899353209	0.8068	1.13262379212	1.0692	0.942477796077	0.9539	0	
20200424_210707.698466	0.822899353209	0.8068	1.13262379212	1.0692	0.942477796077	0.9539	0	
20200424_210707.706595	0.822899353209	0.8068	1.13262379212	1.0692	0.942477796077	0.9539	0	
20200424_210707.715761	0.822899353209	0.8068	1.13262379212	1.0692	0.942477796077	0.9539	0	
20200424_210707.723390	0.822899353209	0.8068	1.13262379212	1.0692	0.942477796077	0.9539	0	
20200424_210707.732073	0.822899353209	0.8068	1.13262379212	1.0692	0.942477796077	0.9539	0	
20200424_210707.740021	0.822899353209	0.8068	1.13262379212	1.0692	0.942477796077	0.9539	0	
20200424_210707.748831	0.822899353209	0.8068	1.13262379212	1.0692	0.942477796077	0.9539	0	
20200424_210707.756457	0.822899353209	0.8068	1.13262379212	1.0692	0.942477796077	0.9539	0	
20200424_210707.764951	0.822899353209	0.8068	1.13262379212	1.0692	0.942477796077	0.9539	0	
20200424_210707.773298	0.822899353209	0.8068	1.13262379212	1.0692	0.942477796077	0.9539	0	
20200424_210707.781212	0.822899353209	0.8068	1.13262379212	1.0692	0.942477796077	0.9539	0	
20200424_210707.789800	0.822899353209	0.8068	1.13262379212	1.0692	0.942477796077	0.9539	0	
20200424_210707.798376	0.822899353209	0.8068	1.13262379212	1.0692	0.942477796077	0.9539	0	
20200424_210707.806705	0.822899353209	0.8068	1.13262379212	1.0692	0.942477796077	0.9539	0	
20200424_210707.815013	0.822899353209	0.8068	1.13262379212	1.0692	0.942477796077	0.9539	0	
20200424_210707.823234	0.822899353209	0.8068	1.13262379212	1.0692	0.942477796077	0.9539	0	
20200424_210707.831853	0.822899353209	0.8068	1.13262379212	1.0691	0.942477796077	0.954	0	
20200424_210707.840436	0.822899353209	0.8068	1.13262379212	1.0691	0.942477796077	0.954	0	
20200424_210707.848304	0.822899353209	0.8068	1.13262379212	1.0691	0.942477796077	0.954	0	
20200424_210707.857135	0.822899353209	0.8068	1.13262379212	1.0691	0.942477796077	0.954	0	
20200424_210707.864968	0.822899353209	0.8068	1.13262379212	1.0691	0.942477796077	0.954	0	
20200424_210707.873575	0.822899353209	0.8068	1.13262379212	1.0691	0.942477796077	0.954	0	
20200424_210707.881817	0.822899353209	0.8068	1.13262379212	1.0691	0.942477796077	0.954	0	
20200424_210707.890209	0.822899353209	0.8068	1.13262379212	1.0691	0.942477796077	0.954	0	
20200424_210707.898340	0.822899353209	0.8067	1.13262379212	1.0691	0.942477796077	0.9533	0	
20200424_210707.907169	0.822899353209	0.8067	1.13262379212	1.0691	0.942477796077	0.9533	0	
20200424_210707.915493	0.822899353209	0.8068	1.13262379212	1.0691	0.942477796077	0.9543	0	
20200424_210707.923898	0.822899353209	0.8068	1.13262379212	1.0691	0.942477796077	0.9543	0	
20200424_210707.931839	0.822899353209	0.8068	1.13262379212	1.0691	0.942477796077	0.9543	0	
20200424_210707.940223	0.822899353209	0.8068	1.13262379212	1.0691	0.942477796077	0.9543	0	
20200424_210707.948399	0.822899353209	0.8068	1.13262379212	1.0691	0.942477796077	0.9543	0	
20200424_210707.956922	0.822899353209	0.8068	1.13262379212	1.0691	0.942477796077	0.9543	0	
20200424_210707.964879	0.822899353209	0.8068	1.13262379212	1.0691	0.942477796077	0.9543	0	
20200424_210707.973584	0.822899353209	0.8068	1.13262379212	1.0691	0.942477796077	0.9543	0	
20200424_210707.981768	0.822899353209	0.8067	1.13262379212	1.0691	0.942477796077	0.954	0	
20200424_210707.990212	0.822899353209	0.8067	1.13262379212	1.0691	0.942477796077	0.954	0	
20200424_210707.998317	0.822899353209	0.8068	1.13262379212	1.0691	0.942477796077	0.9536	0	
20200424_210708.006824	0.822899353209	0.8068	1.13262379212	1.069	0.942477796077	0.9541	0	
20200424_210708.015400	0.822899353209	0.8068	1.13262379212	1.069	0.942477796077	0.9541	0	
20200424_210708.023999	0.822899353209	0.8068	1.13262379212	1.069	0.942477796077	0.9541	0	
20200424_210708.031649	0.822899353209	0.8068	1.13262379212	1.069	0.942477796077	0.9541	0	
20200424_210708.039949	0.822899353209	0.8068	1.13262379212	1.069	0.942477796077	0.9541	0	
20200424_210708.048755	0.822899353209	0.8068	1.13262379212	1.069	0.942477796077	0.9541	0	
20200424_210708.056704	0.822899353209	0.8068	1.13262379212	1.069	0.942477796077	0.9541	0	
20200424_210708.064979	0.822899353209	0.8068	1.13262379212	1.069	0.942477796077	0.9541	0	
20200424_210708.073442	0.822899353209	0.8067	1.13262379212	1.069	0.942477796077	0.9543	0	
20200424_210708.082060	0.822899353209	0.8067	1.13262379212	1.069	0.942477796077	0.955	0	
20200424_210708.090235	0.822899353209	0.8067	1.13262379212	1.069	0.942477796077	0.955	0	
20200424_210708.098613	0.822899353209	0.8067	1.13262379212	1.069	0.942477796077	0.955	0	
20200424_210708.106723	0.822899353209	0.8067	1.13262379212	1.069	0.942477796077	0.955	0	
20200424_210708.115001	0.822899353209	0.8067	1.13262379212	1.069	0.942477796077	0.955	0	
20200424_210708.123926	0.822899353209	0.8067	1.13262379212	1.069	0.942477796077	0.955	0	
20200424_210708.132158	0.822899353209	0.8067	1.13262379212	1.069	0.942477796077	0.955	0	
20200424_210708.140108	0.822899353209	0.8067	1.13262379212	1.069	0.942477796077	0.955	0	
20200424_210708.148582	0.822899353209	0.8067	1.13262379212	1.069	0.942477796077	0.955	0	
20200424_210708.156924	0.822899353209	0.8068	1.13262379212	1.0691	0.942477796077	0.955	0	
20200424_210708.164960	0.822899353209	0.8068	1.13262379212	1.0691	0.942477796077	0.955	0	
20200424_210708.173357	0.822899353209	0.8068	1.13262379212	1.0691	0.942477796077	0.955	0	
20200424_210708.181714	0.822899353209	0.8067	1.13262379212	1.069	0.942477796077	0.953	0	
20200424_210708.189797	0.822899353209	0.8067	1.13262379212	1.069	0.942477796077	0.953	0	
20200424_210708.198573	0.822899353209	0.8067	1.13262379212	1.069	0.942477796077	0.953	0	
20200424_210708.207205	0.822899353209	0.8067	1.13262379212	1.069	0.942477796077	0.953	0	
20200424_210708.215131	0.822899353209	0.8067	1.13262379212	1.069	0.942477796077	0.953	0	
20200424_210708.223662	0.822899353209	0.8067	1.13262379212	1.069	0.942477796077	0.953	0	
20200424_210708.231538	0.822899353209	0.8067	1.13262379212	1.069	0.942477796077	0.953	0	
20200424_210708.240150	0.822899353209	0.8067	1.13262379212	1.069	0.942477796077	0.953	0	
20200424_210708.248889	0.822899353209	0.8067	1.13262379212	1.069	0.942477796077	0.953	0	
20200424_210708.256701	0.822899353209	0.8067	1.13262379212	1.069	0.942477796077	0.953	0	
20200424_210708.265411	0.822899353209	0.8067	1.13262379212	1.069	0.942477796077	0.953	0	
20200424_210708.273360	0.822899353209	0.8067	1.13262379212	1.069	0.942477796077	0.953	0	
20200424_210708.281623	0.822899353209	0.8067	1.13262379212	1.069	0.942477796077	0.953	0	
20200424_210708.290083	0.822899353209	0.8067	1.13262379212	1.069	0.942477796077	0.953	0	
20200424_210708.298229	0.822899353209	0.8067	1.13262379212	1.069	0.942477796077	0.953	0	
20200424_210708.306740	0.822899353209	0.8067	1.13262379212	1.0691	0.942477796077	0.9552	0	
20200424_210708.315323	0.822899353209	0.8068	1.13262379212	1.0691	0.942477796077	0.9551	0	
20200424_210708.323672	0.822899353209	0.8068	1.13262379212	1.0691	0.942477796077	0.9547	0	
20200424_210708.331650	0.822899353209	0.8068	1.13262379212	1.0691	0.942477796077	0.9547	0	
20200424_210708.340025	0.822899353209	0.8068	1.13262379212	1.0691	0.942477796077	0.9547	0	
20200424_210708.348551	0.822899353209	0.8068	1.13262379212	1.0691	0.942477796077	0.9547	0	
20200424_210708.356757	0.822899353209	0.8068	1.13262379212	1.0691	0.942477796077	0.9547	0	
20200424_210708.365173	0.822899353209	0.8068	1.13262379212	1.0691	0.942477796077	0.9547	0	
20200424_210708.373468	0.822899353209	0.8068	1.13262379212	1.0691	0.942477796077	0.9547	0	
20200424_210708.381917	0.822899353209	0.8068	1.13262379212	1.0691	0.942477796077	0.9547	0	
20200424_210708.390219	0.822899353209	0.8068	1.13262379212	1.0691	0.942477796077	0.9538	0	
20200424_210708.398253	0.822899353209	0.8068	1.13262379212	1.0691	0.942477796077	0.954	0	
20200424_210708.407001	0.822899353209	0.8068	1.13262379212	1.0691	0.942477796077	0.954	0	
20200424_210708.415680	0.822899353209	0.8068	1.13262379212	1.0691	0.942477796077	0.954	0	
20200424_210708.423184	0.822899353209	0.8068	1.13262379212	1.0691	0.942477796077	0.954	0	
20200424_210708.431858	0.822899353209	0.8068	1.13262379212	1.0691	0.942477796077	0.954	0	
20200424_210708.440262	0.822899353209	0.8068	1.13262379212	1.0691	0.942477796077	0.954	0	
20200424_210708.448918	0.822899353209	0.8068	1.13262379212	1.0691	0.942477796077	0.954	0	
20200424_210708.457138	0.822899353209	0.8068	1.13262379212	1.0691	0.942477796077	0.954	0	
20200424_210708.465040	0.822899353209	0.8068	1.13262379212	1.069	0.942477796077	0.9545	0	
20200424_210708.473202	0.822899353209	0.8068	1.13262379212	1.069	0.942477796077	0.9534	0	
20200424_210708.481680	0.822899353209	0.8068	1.13262379212	1.069	0.942477796077	0.9539	0	
20200424_210708.490266	0.822899353209	0.8068	1.13262379212	1.069	0.942477796077	0.9539	0	
20200424_210708.498433	0.822899353209	0.8068	1.13262379212	1.069	0.942477796077	0.9539	0	
20200424_210708.506625	0.822899353209	0.8068	1.13262379212	1.069	0.942477796077	0.9539	0	
20200424_210708.515407	0.822899353209	0.8068	1.13262379212	1.069	0.942477796077	0.9539	0	
20200424_210708.523771	0.822899353209	0.8068	1.13262379212	1.069	0.942477796077	0.9539	0	
20200424_210708.531999	0.822899353209	0.8068	1.13262379212	1.069	0.942477796077	0.9539	0	
20200424_210708.540354	0.822899353209	0.8067	1.13262379212	1.0691	0.942477796077	0.955	0	
20200424_210708.548652	0.822899353209	0.8068	1.13262379212	1.069	0.942477796077	0.9546	0	
20200424_210708.556902	0.822899353209	0.8068	1.13262379212	1.069	0.942477796077	0.9546	0	
20200424_210708.564839	0.822899353209	0.8068	1.13262379212	1.069	0.942477796077	0.9546	0	
20200424_210708.573199	0.822899353209	0.8068	1.13262379212	1.069	0.942477796077	0.9546	0	
20200424_210708.581558	0.822899353209	0.8068	1.13262379212	1.069	0.942477796077	0.9546	0	
20200424_210708.589883	0.822899353209	0.8068	1.13262379212	1.069	0.942477796077	0.9546	0	
20200424_210708.597987	0.822899353209	0.8068	1.13262379212	1.069	0.942477796077	0.9546	0	
20200424_210708.606441	0.822899353209	0.8068	1.13262379212	1.069	0.942477796077	0.9546	0	
20200424_210708.614563	0.822899353209	0.8068	1.13262379212	1.069	0.942477796077	0.9546	0	
20200424_210708.623281	0.822899353209	0.8068	1.13262379212	1.0691	0.942477796077	0.9543	0	
20200424_210708.631636	0.822899353209	0.8068	1.13262379212	1.0691	0.942477796077	0.9538	0	
20200424_210708.639921	0.822899353209	0.8068	1.13262379212	1.0691	0.942477796077	0.9536	0	
20200424_210708.648305	0.822899353209	0.8068	1.13262379212	1.0691	0.942477796077	0.9536	0	
20200424_210708.657217	0.822899353209	0.8068	1.13262379212	1.0691	0.942477796077	0.9536	0	
20200424_210708.665888	0.822899353209	0.8068	1.13262379212	1.0691	0.942477796077	0.9536	0	
20200424_210708.673313	0.822899353209	0.8068	1.13262379212	1.0691	0.942477796077	0.9536	0	
20200424_210708.683921	0.822899353209	0.8068	1.13262379212	1.0691	0.942477796077	0.9536	0	
