Time	X_Setpt	X_FB	Y_Setpt	Y_FB	Theta_Setpt	Theta_FB	Motion Status	
20200424_212800.311281	0.5	0.4705	-1.22464679915e-16	-0.0379	0.0	-0.0385	0	
20200424_212800.409930	0.5	0.4704	-1.22464679915e-16	-0.038	0.0	-0.038	0	
20200424_212800.509959	0.5	0.4705	-1.22464679915e-16	-0.038	0.0	-0.0394	0	
20200424_212800.609659	0.5	0.4703	-1.22464679915e-16	-0.038	0.0	-0.0379	0	
20200424_212800.709914	0.5	0.4705	-1.22464679915e-16	-0.038	0.0	-0.0403	0	
20200424_212800.810297	0.5	0.4708	-1.22464679915e-16	-0.0382	0.0	-0.0419	0	
20200424_212800.909803	0.5	0.4704	-1.22464679915e-16	-0.038	0.0	-0.0379	0	
20200424_212801.009821	0.5	0.4705	-1.22464679915e-16	-0.038	0.0	-0.039	0	
20200424_212801.109827	0.5	0.4701	-1.22464679915e-16	-0.0379	0.0	-0.0355	0	
20200424_212801.209766	0.5	0.4704	-1.22464679915e-16	-0.038	0.0	-0.0381	0	
20200424_212801.309717	0.5	0.4703	-1.22464679915e-16	-0.0379	0.0	-0.0357	0	
20200424_212801.409782	0.5	0.4702	-1.22464679915e-16	-0.0379	0.0	-0.0355	0	
20200424_212801.510590	0.5	0.4701	-1.22464679915e-16	-0.0379	0.0	-0.0352	0	
20200424_212801.609662	0.5	0.4703	-1.22464679915e-16	-0.0379	0.0	-0.0362	0	
20200424_212801.709986	0.5	0.4702	-1.22464679915e-16	-0.0379	0.0	-0.0355	0	
20200424_212801.810152	0.5	0.4704	-1.22464679915e-16	-0.038	0.0	-0.0379	0	
20200424_212801.909760	0.5	0.4705	-1.22464679915e-16	-0.038	0.0	-0.0386	0	
20200424_212802.009984	0.5	0.4704	-1.22464679915e-16	-0.038	0.0	-0.0381	0	
20200424_212802.109759	0.5	0.4705	-1.22464679915e-16	-0.038	0.0	-0.0392	0	
20200424_212802.210254	0.5	0.4702	-1.22464679915e-16	-0.0379	0.0	-0.0358	0	
20200424_212802.310292	0.5	0.4706	-1.22464679915e-16	-0.0381	0.0	-0.0401	0	
20200424_212802.409860	1.38003675534	0.4709	0.448401123334	-0.0382	0.314159265359	-0.0165	1	
20200424_212802.509938	1.38003675534	0.4732	0.448401123334	-0.0385	0.314159265359	-0.0138	1	
20200424_212802.609626	1.38003675534	0.4777	0.448401123334	-0.0395	0.314159265359	0.0221	1	
20200424_212802.709650	1.38003675534	0.4878	0.448401123334	-0.0416	0.314159265359	0.104	1	
20200424_212802.810114	1.38003675534	0.4997	0.448401123334	-0.0424	0.314159265359	0.2037	1	
20200424_212802.909798	1.38003675534	0.5118	0.448401123334	-0.0426	0.314159265359	0.3037	1	
20200424_212803.010028	1.38003675534	0.5255	0.448401123334	-0.0416	0.314159265359	0.3798	1	
20200424_212803.110193	1.38003675534	0.5426	0.448401123334	-0.0363	0.314159265359	0.4379	1	
20200424_212803.209970	1.38003675534	0.5598	0.448401123334	-0.0287	0.314159265359	0.472	1	
20200424_212803.309855	1.38003675534	0.5755	0.448401123334	-0.0224	0.314159265359	0.4882	1	
20200424_212803.409940	1.38003675534	0.5936	0.448401123334	-0.0133	0.314159265359	0.4941	1	
20200424_212803.510583	1.38003675534	0.6118	0.448401123334	-0.0048	0.314159265359	0.4958	1	
20200424_212803.609624	1.38003675534	0.6269	0.448401123334	0.0037	0.314159265359	0.4797	1	
20200424_212803.709711	1.38003675534	0.6435	0.448401123334	0.0124	0.314159265359	0.5028	1	
20200424_212803.809846	1.38003675534	0.66	0.448401123334	0.0208	0.314159265359	0.5064	1	
20200424_212803.909795	1.38003675534	0.6776	0.448401123334	0.0303	0.314159265359	0.5079	1	
20200424_212804.010148	1.38003675534	0.6951	0.448401123334	0.0406	0.314159265359	0.4941	1	
20200424_212804.109789	1.38003675534	0.7121	0.448401123334	0.0488	0.314159265359	0.4865	1	
20200424_212804.209759	1.38003675534	0.7296	0.448401123334	0.0576	0.314159265359	0.507	1	
20200424_212804.309768	1.38003675534	0.747	0.448401123334	0.0671	0.314159265359	0.5065	1	
20200424_212804.409720	0.880036755335	0.7652	0.639384128959	0.0772	0.628318530718	0.525	1	
20200424_212804.510019	0.880036755335	0.7784	0.639384128959	0.0823	0.628318530718	0.5969	1	
20200424_212804.609670	0.880036755335	0.7889	0.639384128959	0.0861	0.628318530718	0.7249	1	
20200424_212804.710075	0.880036755335	0.7994	0.639384128959	0.0911	0.628318530718	0.8531	1	
20200424_212804.809759	0.880036755335	0.8091	0.639384128959	0.0966	0.628318530718	0.9636	1	
20200424_212804.909829	0.880036755335	0.817	0.639384128959	0.103	0.628318530718	1.0875	1	
20200424_212805.009779	0.880036755335	0.8257	0.639384128959	0.1116	0.628318530718	1.1662	1	
20200424_212805.109678	0.880036755335	0.8318	0.639384128959	0.1225	0.628318530718	1.2585	1	
20200424_212805.209772	0.880036755335	0.8379	0.639384128959	0.1346	0.628318530718	1.3025	1	
20200424_212805.309887	0.880036755335	0.8436	0.639384128959	0.1516	0.628318530718	1.3771	1	
20200424_212805.410518	0.880036755335	0.8487	0.639384128959	0.1667	0.628318530718	1.393	1	
20200424_212805.510080	0.880036755335	0.8513	0.639384128959	0.1845	0.628318530718	1.4172	1	
20200424_212805.609625	0.880036755335	0.855	0.639384128959	0.2025	0.628318530718	1.4383	1	
20200424_212805.709753	0.880036755335	0.8577	0.639384128959	0.2208	0.628318530718	1.4461	1	
20200424_212805.809964	0.880036755335	0.8598	0.639384128959	0.2402	0.628318530718	1.4509	1	
20200424_212805.909884	0.880036755335	0.8615	0.639384128959	0.2585	0.628318530718	1.4766	1	
20200424_212806.010012	0.880036755335	0.8647	0.639384128959	0.2799	0.628318530718	1.4593	1	
20200424_212806.109758	0.880036755335	0.8661	0.639384128959	0.2993	0.628318530718	1.4666	1	
20200424_212806.209786	0.880036755335	0.8684	0.639384128959	0.3188	0.628318530718	1.4724	1	
20200424_212806.309755	0.880036755335	0.8694	0.639384128959	0.3392	0.628318530718	1.4712	1	
20200424_212806.409902	0.639384128959	0.8714	0.880036755335	0.359	0.942477796077	1.4888	1	
20200424_212806.510165	0.639384128959	0.8743	0.880036755335	0.3736	0.942477796077	1.5639	1	
20200424_212806.609674	0.639384128959	0.8768	0.880036755335	0.3857	0.942477796077	1.6742	1	
20200424_212806.709997	0.639384128959	0.8784	0.880036755335	0.3971	0.942477796077	1.7635	1	
20200424_212806.809760	0.639384128959	0.8775	0.880036755335	0.4105	0.942477796077	1.846	1	
20200424_212806.909729	0.639384128959	0.8749	0.880036755335	0.4256	0.942477796077	1.9019	1	
20200424_212807.010252	0.639384128959	0.8708	0.880036755335	0.4411	0.942477796077	1.9443	1	
20200424_212807.109810	0.639384128959	0.8656	0.880036755335	0.4564	0.942477796077	1.9782	1	
20200424_212807.209731	0.639384128959	0.8598	0.880036755335	0.4735	0.942477796077	2.0014	1	
20200424_212807.309690	0.639384128959	0.8515	0.880036755335	0.4914	0.942477796077	2.0029	1	
20200424_212807.409881	0.639384128959	0.8443	0.880036755335	0.5059	0.942477796077	1.9896	1	
20200424_212807.509729	0.639384128959	0.8359	0.880036755335	0.5243	0.942477796077	1.9887	1	
20200424_212807.609560	0.639384128959	0.8283	0.880036755335	0.5417	0.942477796077	1.9869	1	
20200424_212807.710178	0.639384128959	0.8198	0.880036755335	0.5605	0.942477796077	1.99	1	
20200424_212807.809976	0.639384128959	0.8132	0.880036755335	0.5785	0.942477796077	2.001	1	
20200424_212807.909962	0.639384128959	0.8052	0.880036755335	0.5969	0.942477796077	2.0164	1	
20200424_212808.009755	0.639384128959	0.798	0.880036755335	0.6135	0.942477796077	2.0261	1	
20200424_212808.110569	0.639384128959	0.7902	0.880036755335	0.6305	0.942477796077	2.0298	1	
20200424_212808.209782	0.639384128959	0.7819	0.880036755335	0.6481	0.942477796077	2.0255	1	
20200424_212808.310007	0.639384128959	0.7739	0.880036755335	0.6626	0.942477796077	2.0209	1	
20200424_212808.410392	0.448401123334	0.7645	1.38003675534	0.6844	1.25663706144	2.0323	1	
20200424_212808.509845	0.448401123334	0.7556	1.38003675534	0.7011	1.25663706144	2.0234	1	
20200424_212808.609659	0.448401123334	0.7471	1.38003675534	0.7187	1.25663706144	2.025	1	
20200424_212808.710093	0.448401123334	0.7386	1.38003675534	0.7357	1.25663706144	2.0226	1	
20200424_212808.809773	0.448401123334	0.7306	1.38003675534	0.7519	1.25663706144	2.0318	1	
20200424_212808.909799	0.448401123334	0.7223	1.38003675534	0.769	1.25663706144	2.0308	1	
20200424_212809.009742	0.448401123334	0.7131	1.38003675534	0.7857	1.25663706144	2.0304	1	
20200424_212809.109742	0.448401123334	0.7048	1.38003675534	0.8041	1.25663706144	2.0342	1	
20200424_212809.210266	0.448401123334	0.6968	1.38003675534	0.82	1.25663706144	2.033	1	
20200424_212809.309844	0.448401123334	0.6882	1.38003675534	0.8381	1.25663706144	2.0396	1	
20200424_212809.410061	0.448401123334	0.6794	1.38003675534	0.8566	1.25663706144	2.0495	1	
20200424_212809.510452	0.448401123334	0.6703	1.38003675534	0.8731	1.25663706144	2.055	1	
20200424_212809.609851	0.448401123334	0.6609	1.38003675534	0.8912	1.25663706144	2.0575	1	
20200424_212809.710030	0.448401123334	0.6516	1.38003675534	0.9093	1.25663706144	2.0638	1	
20200424_212809.809840	0.448401123334	0.6417	1.38003675534	0.9278	1.25663706144	2.0632	1	
20200424_212809.909794	0.448401123334	0.6328	1.38003675534	0.9444	1.25663706144	2.0643	1	
20200424_212810.009874	0.448401123334	0.6228	1.38003675534	0.9631	1.25663706144	2.0667	1	
20200424_212810.109935	0.448401123334	0.6136	1.38003675534	0.9789	1.25663706144	2.048	1	
20200424_212810.209935	0.448401123334	0.6048	1.38003675534	0.994	1.25663706144	2.0562	1	
20200424_212810.309870	0.448401123334	0.5964	1.38003675534	1.0127	1.25663706144	2.0438	1	
20200424_212810.409785	1.53080849893e-16	0.5883	0.5	1.0296	1.57079632679	2.0401	1	
20200424_212810.509941	1.53080849893e-16	0.5832	0.5	1.0434	1.57079632679	2.1051	1	
20200424_212810.609668	1.53080849893e-16	0.5809	0.5	1.0547	1.57079632679	2.2341	1	
20200424_212810.709993	1.53080849893e-16	0.5759	0.5	1.0654	1.57079632679	2.3532	1	
20200424_212810.809919	1.53080849893e-16	0.5716	0.5	1.0737	1.57079632679	2.4763	1	
20200424_212810.910043	1.53080849893e-16	0.5637	0.5	1.0844	1.57079632679	2.6029	1	
20200424_212811.009745	1.53080849893e-16	0.5579	0.5	1.0913	1.57079632679	2.7186	1	
20200424_212811.110100	1.53080849893e-16	0.5495	0.5	1.0996	1.57079632679	2.8333	1	
20200424_212811.209974	1.53080849893e-16	0.5392	0.5	1.1054	1.57079632679	2.9505	1	
20200424_212811.310008	1.53080849893e-16	0.5305	0.5	1.1095	1.57079632679	3.0918	1	
20200424_212811.409731	1.53080849893e-16	0.5186	0.5	1.1134	1.57079632679	-3.0624	1	
20200424_212811.509949	1.53080849893e-16	0.5095	0.5	1.1163	1.57079632679	-2.9283	1	
20200424_212811.609570	1.53080849893e-16	0.4995	0.5	1.1174	1.57079632679	-2.7993	1	
20200424_212811.709965	1.53080849893e-16	0.4868	0.5	1.1166	1.57079632679	-2.6787	1	
20200424_212811.809739	1.53080849893e-16	0.4766	0.5	1.1135	1.57079632679	-2.5655	1	
20200424_212811.909759	1.53080849893e-16	0.4652	0.5	1.1109	1.57079632679	-2.4479	1	
20200424_212812.010366	1.53080849893e-16	0.4532	0.5	1.1036	1.57079632679	-2.3651	1	
20200424_212812.109879	1.53080849893e-16	0.4404	0.5	1.094	1.57079632679	-2.3046	1	
20200424_212812.209924	1.53080849893e-16	0.4282	0.5	1.0817	1.57079632679	-2.2689	1	
20200424_212812.309642	1.53080849893e-16	0.4156	0.5	1.0679	1.57079632679	-2.2492	1	
20200424_212812.409790	-0.448401123334	0.4035	1.38003675534	1.0534	1.88495559215	-2.2576	1	
20200424_212812.509940	-0.448401123334	0.3971	1.38003675534	1.0417	1.88495559215	-2.3381	1	
20200424_212812.609672	-0.448401123334	0.393	1.38003675534	1.0332	1.88495559215	-2.4508	1	
20200424_212812.709812	-0.448401123334	0.3894	1.38003675534	1.0264	1.88495559215	-2.5689	1	
20200424_212812.809836	-0.448401123334	0.3844	1.38003675534	1.0189	1.88495559215	-2.6886	1	
20200424_212812.909789	-0.448401123334	0.3785	1.38003675534	1.0123	1.88495559215	-2.8357	1	
20200424_212813.009992	-0.448401123334	0.371	1.38003675534	1.0065	1.88495559215	-2.9475	1	
20200424_212813.111661	-0.448401123334	0.3634	1.38003675534	1.0017	1.88495559215	-3.0744	1	
20200424_212813.209793	-0.448401123334	0.355	1.38003675534	0.9977	1.88495559215	3.0914	1	
20200424_212813.309706	-0.448401123334	0.3472	1.38003675534	0.9957	1.88495559215	2.9844	1	
20200424_212813.409661	-0.448401123334	0.3348	1.38003675534	0.9946	1.88495559215	2.8927	1	
20200424_212813.509757	-0.448401123334	0.3229	1.38003675534	0.9961	1.88495559215	2.8383	1	
20200424_212813.609620	-0.448401123334	0.3082	1.38003675534	0.9991	1.88495559215	2.779	1	
20200424_212813.709922	-0.448401123334	0.2922	1.38003675534	1.0048	1.88495559215	2.764	1	
20200424_212813.809831	-0.448401123334	0.2764	1.38003675534	1.0105	1.88495559215	2.7339	1	
20200424_212813.909900	-0.448401123334	0.259	1.38003675534	1.0175	1.88495559215	2.7211	1	
20200424_212814.009823	-0.448401123334	0.2411	1.38003675534	1.0266	1.88495559215	2.7242	1	
20200424_212814.109772	-0.448401123334	0.2244	1.38003675534	1.0339	1.88495559215	2.7245	1	
20200424_212814.209691	-0.448401123334	0.2054	1.38003675534	1.0422	1.88495559215	2.7165	1	
20200424_212814.310138	-0.448401123334	0.1878	1.38003675534	1.0509	1.88495559215	2.7225	1	
20200424_212814.410062	-0.639384128959	0.1707	0.880036755335	1.0586	2.19911485751	2.7353	1	
20200424_212814.509752	-0.639384128959	0.1588	0.880036755335	1.0664	2.19911485751	2.8461	1	
20200424_212814.609583	-0.639384128959	0.1484	0.880036755335	1.073	2.19911485751	2.9554	1	
20200424_212814.709792	-0.639384128959	0.1371	0.880036755335	1.0786	2.19911485751	3.0726	1	
20200424_212814.810189	-0.639384128959	0.1251	0.880036755335	1.0823	2.19911485751	-3.1135	1	
20200424_212814.909719	-0.639384128959	0.1101	0.880036755335	1.0835	2.19911485751	-3.0353	1	
20200424_212815.009837	-0.639384128959	0.0946	0.880036755335	1.0838	2.19911485751	-2.977	1	
20200424_212815.109836	-0.639384128959	0.0766	0.880036755335	1.0816	2.19911485751	-2.94	1	
20200424_212815.209958	-0.639384128959	0.0586	0.880036755335	1.0782	2.19911485751	-2.9149	1	
20200424_212815.309801	-0.639384128959	0.0387	0.880036755335	1.0744	2.19911485751	-2.9093	1	
20200424_212815.409600	-0.639384128959	0.0203	0.880036755335	1.0691	2.19911485751	-2.9103	1	
20200424_212815.509672	-0.639384128959	0.0006	0.880036755335	1.0637	2.19911485751	-2.9084	1	
20200424_212815.609630	-0.639384128959	-0.019	0.880036755335	1.0585	2.19911485751	-2.9025	1	
20200424_212815.709639	-0.639384128959	-0.0387	0.880036755335	1.0551	2.19911485751	-2.8959	1	
20200424_212815.809720	-0.639384128959	-0.0579	0.880036755335	1.0502	2.19911485751	-2.8925	1	
20200424_212815.909790	-0.639384128959	-0.0753	0.880036755335	1.0453	2.19911485751	-2.8885	1	
20200424_212816.009754	-0.639384128959	-0.0953	0.880036755335	1.04	2.19911485751	-2.8894	1	
20200424_212816.109875	-0.639384128959	-0.116	0.880036755335	1.0347	2.19911485751	-2.8852	1	
20200424_212816.210351	-0.639384128959	-0.1346	0.880036755335	1.0297	2.19911485751	-2.8761	1	
20200424_212816.309710	-0.639384128959	-0.1522	0.880036755335	1.0243	2.19911485751	-2.879	1	
20200424_212816.409959	-0.880036755335	-0.1724	0.639384128959	1.0191	2.51327412287	-2.8769	1	
20200424_212816.510272	-0.880036755335	-0.1904	0.639384128959	1.0142	2.51327412287	-2.8631	1	
20200424_212816.609631	-0.880036755335	-0.2067	0.639384128959	1.01	2.51327412287	-2.8312	1	
20200424_212816.709870	-0.880036755335	-0.2228	0.639384128959	1.0067	2.51327412287	-2.7925	1	
20200424_212816.809982	-0.880036755335	-0.2392	0.639384128959	1.0012	2.51327412287	-2.7492	1	
20200424_212816.910114	-0.880036755335	-0.2555	0.639384128959	0.9949	2.51327412287	-2.725	1	
20200424_212817.009838	-0.880036755335	-0.2709	0.639384128959	0.9878	2.51327412287	-2.708	1	
20200424_212817.109792	-0.880036755335	-0.288	0.639384128959	0.9799	2.51327412287	-2.6891	1	
20200424_212817.210112	-0.880036755335	-0.3048	0.639384128959	0.9721	2.51327412287	-2.6549	1	
20200424_212817.310041	-0.880036755335	-0.3221	0.639384128959	0.9624	2.51327412287	-2.6548	1	
20200424_212817.409741	-0.880036755335	-0.339	0.639384128959	0.9538	2.51327412287	-2.6461	1	
20200424_212817.510364	-0.880036755335	-0.3581	0.639384128959	0.9439	2.51327412287	-2.6587	1	
20200424_212817.609643	-0.880036755335	-0.3752	0.639384128959	0.9339	2.51327412287	-2.6524	1	
20200424_212817.709913	-0.880036755335	-0.3931	0.639384128959	0.9242	2.51327412287	-2.6254	1	
20200424_212817.809759	-0.880036755335	-0.4109	0.639384128959	0.9145	2.51327412287	-2.6455	1	
20200424_212817.909855	-0.880036755335	-0.4271	0.639384128959	0.9056	2.51327412287	-2.6449	1	
20200424_212818.009683	-0.880036755335	-0.445	0.639384128959	0.8953	2.51327412287	-2.6418	1	
20200424_212818.109634	-0.880036755335	-0.4629	0.639384128959	0.8848	2.51327412287	-2.611	1	
20200424_212818.209743	-0.880036755335	-0.4798	0.639384128959	0.8754	2.51327412287	-2.6031	1	
20200424_212818.309707	-0.880036755335	-0.4974	0.639384128959	0.8651	2.51327412287	-2.5999	1	
20200424_212818.409660	-1.38003675534	-0.5149	0.448401123334	0.8547	2.82743338823	-2.5972	1	
20200424_212818.510289	-1.38003675534	-0.5324	0.448401123334	0.8446	2.82743338823	-2.6059	1	
20200424_212818.609653	-1.38003675534	-0.5478	0.448401123334	0.8356	2.82743338823	-2.6145	1	
20200424_212818.709805	-1.38003675534	-0.5635	0.448401123334	0.826	2.82743338823	-2.6263	1	
20200424_212818.810081	-1.38003675534	-0.5807	0.448401123334	0.8162	2.82743338823	-2.6393	1	
20200424_212818.909957	-1.38003675534	-0.5979	0.448401123334	0.8069	2.82743338823	-2.6329	1	
20200424_212819.009849	-1.38003675534	-0.615	0.448401123334	0.7978	2.82743338823	-2.628	1	
20200424_212819.109968	-1.38003675534	-0.6335	0.448401123334	0.7869	2.82743338823	-2.6326	1	
20200424_212819.209700	-1.38003675534	-0.6484	0.448401123334	0.7785	2.82743338823	-2.6365	1	
20200424_212819.309650	-1.38003675534	-0.6663	0.448401123334	0.7696	2.82743338823	-2.6225	1	
20200424_212819.409904	-1.38003675534	-0.6837	0.448401123334	0.7593	2.82743338823	-2.6239	1	
20200424_212819.509765	-1.38003675534	-0.7006	0.448401123334	0.7499	2.82743338823	-2.632	1	
20200424_212819.609739	-1.38003675534	-0.7171	0.448401123334	0.7402	2.82743338823	-2.645	1	
20200424_212819.710005	-1.38003675534	-0.7329	0.448401123334	0.7318	2.82743338823	-2.6688	1	
20200424_212819.810996	-1.38003675534	-0.7504	0.448401123334	0.7228	2.82743338823	-2.6485	1	
20200424_212819.909922	-1.38003675534	-0.7688	0.448401123334	0.7136	2.82743338823	-2.6484	1	
20200424_212820.010103	-1.38003675534	-0.7866	0.448401123334	0.7044	2.82743338823	-2.6442	1	
20200424_212820.109821	-1.38003675534	-0.8039	0.448401123334	0.6945	2.82743338823	-2.6435	1	
20200424_212820.209710	-1.38003675534	-0.8201	0.448401123334	0.6865	2.82743338823	-2.6484	1	
20200424_212820.309841	-1.38003675534	-0.8366	0.448401123334	0.6771	2.82743338823	-2.6553	1	
20200424_212820.409861	-0.5	-0.8533	1.83697019872e-16	0.6684	3.14159265359	-2.6618	1	
20200424_212820.510020	-0.5	-0.8675	1.83697019872e-16	0.6632	3.14159265359	-2.5994	1	
20200424_212820.609669	-0.5	-0.8783	1.83697019872e-16	0.6606	3.14159265359	-2.4805	1	
20200424_212820.709720	-0.5	-0.8903	1.83697019872e-16	0.6565	3.14159265359	-2.3532	1	
20200424_212820.809973	-0.5	-0.9001	1.83697019872e-16	0.6524	3.14159265359	-2.2236	1	
20200424_212820.910140	-0.5	-0.9093	1.83697019872e-16	0.6463	3.14159265359	-2.107	1	
20200424_212821.009789	-0.5	-0.9181	1.83697019872e-16	0.6379	3.14159265359	-1.9802	1	
20200424_212821.109850	-0.5	-0.926	1.83697019872e-16	0.6305	3.14159265359	-1.8508	1	
20200424_212821.209949	-0.5	-0.9321	1.83697019872e-16	0.6205	3.14159265359	-1.7238	1	
20200424_212821.309929	-0.5	-0.9373	1.83697019872e-16	0.6119	3.14159265359	-1.5983	1	
20200424_212821.409794	-0.5	-0.9409	1.83697019872e-16	0.601	3.14159265359	-1.4704	1	
20200424_212821.509829	-0.5	-0.9438	1.83697019872e-16	0.5895	3.14159265359	-1.3455	1	
20200424_212821.609811	-0.5	-0.9454	1.83697019872e-16	0.5768	3.14159265359	-1.2322	1	
20200424_212821.709990	-0.5	-0.9435	1.83697019872e-16	0.5671	3.14159265359	-1.1605	1	
20200424_212821.809842	-0.5	-0.94	1.83697019872e-16	0.5537	3.14159265359	-1.0915	1	
20200424_212821.910137	-0.5	-0.9348	1.83697019872e-16	0.5393	3.14159265359	-1.0307	1	
20200424_212822.009793	-0.5	-0.9267	1.83697019872e-16	0.5235	3.14159265359	-0.9886	1	
20200424_212822.109876	-0.5	-0.9175	1.83697019872e-16	0.5094	3.14159265359	-0.9594	1	
20200424_212822.209775	-0.5	-0.9078	1.83697019872e-16	0.4935	3.14159265359	-0.9394	1	
20200424_212822.309849	-0.5	-0.8958	1.83697019872e-16	0.4783	3.14159265359	-0.9312	1	
20200424_212822.409829	-1.38003675534	-0.8837	-0.448401123334	0.4625	-2.82743338823	-0.9316	1	
20200424_212822.509821	-1.38003675534	-0.8741	-0.448401123334	0.4525	-2.82743338823	-0.9879	1	
20200424_212822.609691	-1.38003675534	-0.8662	-0.448401123334	0.4465	-2.82743338823	-1.1034	1	
20200424_212822.709922	-1.38003675534	-0.8598	-0.448401123334	0.4415	-2.82743338823	-1.2152	1	
20200424_212822.809960	-1.38003675534	-0.8539	-0.448401123334	0.435	-2.82743338823	-1.3297	1	
20200424_212822.909617	-1.38003675534	-0.8491	-0.448401123334	0.4288	-2.82743338823	-1.4383	1	
20200424_212823.009774	-1.38003675534	-0.8444	-0.448401123334	0.4201	-2.82743338823	-1.5507	1	
20200424_212823.109763	-1.38003675534	-0.8408	-0.448401123334	0.4126	-2.82743338823	-1.6725	1	
20200424_212823.209734	-1.38003675534	-0.8389	-0.448401123334	0.4054	-2.82743338823	-1.7812	1	
20200424_212823.309738	-1.38003675534	-0.8384	-0.448401123334	0.3949	-2.82743338823	-1.8924	1	
20200424_212823.409755	-1.38003675534	-0.8398	-0.448401123334	0.3842	-2.82743338823	-1.9505	1	
20200424_212823.509764	-1.38003675534	-0.844	-0.448401123334	0.3701	-2.82743338823	-2.0066	1	
20200424_212823.609603	-1.38003675534	-0.8497	-0.448401123334	0.3555	-2.82743338823	-2.0436	1	
20200424_212823.709807	-1.38003675534	-0.8577	-0.448401123334	0.3413	-2.82743338823	-2.0731	1	
20200424_212823.809929	-1.38003675534	-0.866	-0.448401123334	0.3247	-2.82743338823	-2.0827	1	
20200424_212823.910333	-1.38003675534	-0.8764	-0.448401123334	0.307	-2.82743338823	-2.0794	1	
20200424_212824.009734	-1.38003675534	-0.8863	-0.448401123334	0.2899	-2.82743338823	-2.0781	1	
20200424_212824.109823	-1.38003675534	-0.8961	-0.448401123334	0.2733	-2.82743338823	-2.0799	1	
20200424_212824.209797	-1.38003675534	-0.907	-0.448401123334	0.256	-2.82743338823	-2.0732	1	
20200424_212824.310052	-1.38003675534	-0.9176	-0.448401123334	0.2383	-2.82743338823	-2.0671	1	
20200424_212824.409861	-0.880036755335	-0.9263	-0.639384128959	0.2221	-2.51327412287	-2.0698	1	
20200424_212824.509736	-0.880036755335	-0.9352	-0.639384128959	0.2084	-2.51327412287	-2.0204	1	
20200424_212824.609668	-0.880036755335	-0.943	-0.639384128959	0.1986	-2.51327412287	-1.9147	1	
20200424_212824.709961	-0.880036755335	-0.9496	-0.639384128959	0.1896	-2.51327412287	-1.8029	1	
20200424_212824.810334	-0.880036755335	-0.9557	-0.639384128959	0.1788	-2.51327412287	-1.6976	1	
20200424_212824.909672	-0.880036755335	-0.9596	-0.639384128959	0.1652	-2.51327412287	-1.6202	1	
20200424_212825.009632	-0.880036755335	-0.962	-0.639384128959	0.1484	-2.51327412287	-1.5673	1	
20200424_212825.109968	-0.880036755335	-0.964	-0.639384128959	0.1314	-2.51327412287	-1.526	1	
20200424_212825.210167	-0.880036755335	-0.963	-0.639384128959	0.1134	-2.51327412287	-1.5151	1	
20200424_212825.310043	-0.880036755335	-0.9621	-0.639384128959	0.0938	-2.51327412287	-1.5098	1	
20200424_212825.409751	-0.880036755335	-0.9615	-0.639384128959	0.0757	-2.51327412287	-1.5018	1	
20200424_212825.509745	-0.880036755335	-0.959	-0.639384128959	0.054	-2.51327412287	-1.5006	1	
20200424_212825.609569	-0.880036755335	-0.9587	-0.639384128959	0.0332	-2.51327412287	-1.4938	1	
20200424_212825.709848	-0.880036755335	-0.9579	-0.639384128959	0.0145	-2.51327412287	-1.4868	1	
20200424_212825.810169	-0.880036755335	-0.9564	-0.639384128959	-0.0032	-2.51327412287	-1.4738	1	
20200424_212825.909992	-0.880036755335	-0.9554	-0.639384128959	-0.0235	-2.51327412287	-1.4708	1	
20200424_212826.009953	-0.880036755335	-0.9541	-0.639384128959	-0.0386	-2.51327412287	-1.4741	1	
20200424_212826.109845	-0.880036755335	-0.9524	-0.639384128959	-0.0589	-2.51327412287	-1.4769	1	
20200424_212826.209915	-0.880036755335	-0.9513	-0.639384128959	-0.0777	-2.51327412287	-1.4604	1	
20200424_212826.310072	-0.880036755335	-0.9487	-0.639384128959	-0.0946	-2.51327412287	-1.4504	1	
20200424_212826.409999	-0.639384128959	-0.9484	-0.880036755335	-0.1119	-2.19911485751	-1.4148	1	
20200424_212826.509778	-0.639384128959	-0.9457	-0.880036755335	-0.1307	-2.19911485751	-1.3896	1	
20200424_212826.609658	-0.639384128959	-0.944	-0.880036755335	-0.1479	-2.19911485751	-1.3502	1	
20200424_212826.709723	-0.639384128959	-0.9413	-0.880036755335	-0.1644	-2.19911485751	-1.3299	1	
20200424_212826.809780	-0.639384128959	-0.9379	-0.880036755335	-0.1822	-2.19911485751	-1.272	1	
20200424_212826.910094	-0.639384128959	-0.9342	-0.880036755335	-0.1997	-2.19911485751	-1.2389	1	
20200424_212827.010050	-0.639384128959	-0.929	-0.880036755335	-0.2174	-2.19911485751	-1.2399	1	
20200424_212827.109610	-0.639384128959	-0.9221	-0.880036755335	-0.2363	-2.19911485751	-1.2124	1	
20200424_212827.209917	-0.639384128959	-0.9161	-0.880036755335	-0.2543	-2.19911485751	-1.2099	1	
20200424_212827.310405	-0.639384128959	-0.9086	-0.880036755335	-0.2745	-2.19911485751	-1.2088	1	
20200424_212827.410399	-0.639384128959	-0.9017	-0.880036755335	-0.2934	-2.19911485751	-1.2297	1	
20200424_212827.510005	-0.639384128959	-0.8958	-0.880036755335	-0.3105	-2.19911485751	-1.2286	1	
20200424_212827.609634	-0.639384128959	-0.8887	-0.880036755335	-0.3311	-2.19911485751	-1.2169	1	
20200424_212827.710451	-0.639384128959	-0.882	-0.880036755335	-0.3501	-2.19911485751	-1.2149	1	
20200424_212827.810031	-0.639384128959	-0.8744	-0.880036755335	-0.3694	-2.19911485751	-1.2115	1	
20200424_212827.909825	-0.639384128959	-0.8682	-0.880036755335	-0.3879	-2.19911485751	-1.2071	1	
20200424_212828.009762	-0.639384128959	-0.8612	-0.880036755335	-0.4064	-2.19911485751	-1.203	1	
20200424_212828.109802	-0.639384128959	-0.8541	-0.880036755335	-0.425	-2.19911485751	-1.1962	1	
20200424_212828.209874	-0.639384128959	-0.8473	-0.880036755335	-0.4438	-2.19911485751	-1.1927	1	
20200424_212828.309931	-0.639384128959	-0.8389	-0.880036755335	-0.4624	-2.19911485751	-1.195	1	
20200424_212828.409796	-0.448401123334	-0.8319	-1.38003675534	-0.4799	-1.88495559215	-1.1993	1	
20200424_212828.509813	-0.448401123334	-0.8239	-1.38003675534	-0.4987	-1.88495559215	-1.1946	1	
20200424_212828.609695	-0.448401123334	-0.8163	-1.38003675534	-0.5161	-1.88495559215	-1.1908	1	
20200424_212828.710033	-0.448401123334	-0.8089	-1.38003675534	-0.5338	-1.88495559215	-1.1893	1	
20200424_212828.809970	-0.448401123334	-0.8014	-1.38003675534	-0.5526	-1.88495559215	-1.1866	1	
20200424_212828.909883	-0.448401123334	-0.7945	-1.38003675534	-0.571	-1.88495559215	-1.1784	1	
20200424_212829.010026	-0.448401123334	-0.7878	-1.38003675534	-0.5881	-1.88495559215	-1.1711	1	
20200424_212829.109816	-0.448401123334	-0.7826	-1.38003675534	-0.6032	-1.88495559215	-1.1635	1	
20200424_212829.209874	-0.448401123334	-0.7739	-1.38003675534	-0.6223	-1.88495559215	-1.1528	1	
20200424_212829.309688	-0.448401123334	-0.7656	-1.38003675534	-0.6397	-1.88495559215	-1.1555	1	
20200424_212829.409920	-0.448401123334	-0.7574	-1.38003675534	-0.6583	-1.88495559215	-1.1548	1	
20200424_212829.509803	-0.448401123334	-0.7488	-1.38003675534	-0.6771	-1.88495559215	-1.154	1	
20200424_212829.609650	-0.448401123334	-0.7406	-1.38003675534	-0.6941	-1.88495559215	-1.1605	1	
20200424_212829.709973	-0.448401123334	-0.7328	-1.38003675534	-0.7129	-1.88495559215	-1.1574	1	
20200424_212829.810140	-0.448401123334	-0.7245	-1.38003675534	-0.7293	-1.88495559215	-1.163	1	
20200424_212829.909878	-0.448401123334	-0.7166	-1.38003675534	-0.747	-1.88495559215	-1.1692	1	
20200424_212830.010640	-0.448401123334	-0.7082	-1.38003675534	-0.7658	-1.88495559215	-1.1605	1	
20200424_212830.110154	-0.448401123334	-0.7005	-1.38003675534	-0.7832	-1.88495559215	-1.1567	1	
20200424_212830.209736	-0.448401123334	-0.6921	-1.38003675534	-0.8025	-1.88495559215	-1.1557	1	
20200424_212830.309816	-0.448401123334	-0.6846	-1.38003675534	-0.8192	-1.88495559215	-1.1593	1	
20200424_212830.410217	-2.14313189851e-16	-0.6765	-0.5	-0.8365	-1.57079632679	-1.1681	1	
20200424_212830.509726	-2.14313189851e-16	-0.6682	-0.5	-0.8542	-1.57079632679	-1.1679	1	
20200424_212830.609594	-2.14313189851e-16	-0.661	-0.5	-0.8721	-1.57079632679	-1.1459	1	
20200424_212830.709760	-2.14313189851e-16	-0.6582	-0.5	-0.8844	-1.57079632679	-1.0528	1	
20200424_212830.809824	-2.14313189851e-16	-0.6555	-0.5	-0.8961	-1.57079632679	-0.9325	1	
20200424_212830.909791	-2.14313189851e-16	-0.6517	-0.5	-0.907	-1.57079632679	-0.8132	1	
20200424_212831.009806	-2.14313189851e-16	-0.6466	-0.5	-0.9176	-1.57079632679	-0.6915	1	
20200424_212831.109803	-2.14313189851e-16	-0.6406	-0.5	-0.9272	-1.57079632679	-0.5646	1	
20200424_212831.209821	-2.14313189851e-16	-0.6332	-0.5	-0.9355	-1.57079632679	-0.4351	1	
20200424_212831.309775	-2.14313189851e-16	-0.6234	-0.5	-0.9433	-1.57079632679	-0.3128	1	
20200424_212831.409788	-2.14313189851e-16	-0.6145	-0.5	-0.951	-1.57079632679	-0.1616	1	
20200424_212831.509822	-2.14313189851e-16	-0.6041	-0.5	-0.9557	-1.57079632679	-0.0361	1	
20200424_212831.609676	-2.14313189851e-16	-0.5959	-0.5	-0.9587	-1.57079632679	0.0822	1	
20200424_212831.709873	-2.14313189851e-16	-0.5833	-0.5	-0.9617	-1.57079632679	0.2115	1	
20200424_212831.809938	-2.14313189851e-16	-0.5729	-0.5	-0.9625	-1.57079632679	0.3191	1	
20200424_212831.909961	-2.14313189851e-16	-0.561	-0.5	-0.9618	-1.57079632679	0.4378	1	
20200424_212832.009786	-2.14313189851e-16	-0.5478	-0.5	-0.9586	-1.57079632679	0.5029	1	
20200424_212832.109793	-2.14313189851e-16	-0.5346	-0.5	-0.953	-1.57079632679	0.5782	1	
20200424_212832.209796	-2.14313189851e-16	-0.5196	-0.5	-0.9436	-1.57079632679	0.6192	1	
20200424_212832.309890	-2.14313189851e-16	-0.5055	-0.5	-0.9349	-1.57079632679	0.6407	1	
20200424_212832.409696	0.448401123334	-0.4902	-1.38003675534	-0.9243	-1.25663706144	0.6517	1	
20200424_212832.509810	0.448401123334	-0.4801	-1.38003675534	-0.9144	-1.25663706144	0.5926	1	
20200424_212832.609668	0.448401123334	-0.4744	-1.38003675534	-0.9066	-1.25663706144	0.4827	1	
20200424_212832.709750	0.448401123334	-0.4691	-1.38003675534	-0.9002	-1.25663706144	0.3723	1	
20200424_212832.809649	0.448401123334	-0.4618	-1.38003675534	-0.8941	-1.25663706144	0.2607	1	
20200424_212832.909943	0.448401123334	-0.4551	-1.38003675534	-0.8884	-1.25663706144	0.1345	1	
20200424_212833.009764	0.448401123334	-0.4467	-1.38003675534	-0.8844	-1.25663706144	-0.005	1	
20200424_212833.109668	0.448401123334	-0.4375	-1.38003675534	-0.8803	-1.25663706144	-0.129	1	
20200424_212833.210141	0.448401123334	-0.4294	-1.38003675534	-0.879	-1.25663706144	-0.2291	1	
20200424_212833.309797	0.448401123334	-0.4197	-1.38003675534	-0.8785	-1.25663706144	-0.3151	1	
20200424_212833.409731	0.448401123334	-0.4042	-1.38003675534	-0.8812	-1.25663706144	-0.3923	1	
20200424_212833.510115	0.448401123334	-0.3926	-1.38003675534	-0.8845	-1.25663706144	-0.43	1	
20200424_212833.609585	0.448401123334	-0.3767	-1.38003675534	-0.8914	-1.25663706144	-0.4581	1	
20200424_212833.709806	0.448401123334	-0.3606	-1.38003675534	-0.8987	-1.25663706144	-0.4577	1	
20200424_212833.809944	0.448401123334	-0.3438	-1.38003675534	-0.9073	-1.25663706144	-0.4869	1	
20200424_212833.909951	0.448401123334	-0.3256	-1.38003675534	-0.9166	-1.25663706144	-0.4822	1	
20200424_212834.009820	0.448401123334	-0.3076	-1.38003675534	-0.9263	-1.25663706144	-0.4775	1	
20200424_212834.109802	0.448401123334	-0.2895	-1.38003675534	-0.9359	-1.25663706144	-0.4784	1	
20200424_212834.209754	0.448401123334	-0.2727	-1.38003675534	-0.9448	-1.25663706144	-0.4741	1	
20200424_212834.309911	0.448401123334	-0.255	-1.38003675534	-0.9539	-1.25663706144	-0.4517	1	
20200424_212834.409688	0.639384128959	-0.2383	-0.880036755335	-0.9614	-0.942477796077	-0.4694	1	
20200424_212834.510266	0.639384128959	-0.223	-0.880036755335	-0.9714	-0.942477796077	-0.3928	1	
20200424_212834.609678	0.639384128959	-0.2146	-0.880036755335	-0.9781	-0.942477796077	-0.2783	1	
20200424_212834.709902	0.639384128959	-0.2042	-0.880036755335	-0.9841	-0.942477796077	-0.1616	1	
20200424_212834.809692	0.639384128959	-0.1919	-0.880036755335	-0.9884	-0.942477796077	-0.0719	1	
20200424_212834.909720	0.639384128959	-0.1769	-0.880036755335	-0.9919	-0.942477796077	0.0032	1	
20200424_212835.009918	0.639384128959	-0.1619	-0.880036755335	-0.9936	-0.942477796077	0.0624	1	
20200424_212835.110430	0.639384128959	-0.145	-0.880036755335	-0.992	-0.942477796077	0.0874	1	
20200424_212835.209795	0.639384128959	-0.126	-0.880036755335	-0.9915	-0.942477796077	0.1063	1	
20200424_212835.310003	0.639384128959	-0.1075	-0.880036755335	-0.9885	-0.942477796077	0.1012	1	
20200424_212835.409920	0.639384128959	-0.0868	-0.880036755335	-0.9864	-0.942477796077	0.1124	1	
20200424_212835.510120	0.639384128959	-0.068	-0.880036755335	-0.9847	-0.942477796077	0.1146	1	
20200424_212835.609816	0.639384128959	-0.0484	-0.880036755335	-0.9817	-0.942477796077	0.1204	1	
20200424_212835.709909	0.639384128959	-0.0274	-0.880036755335	-0.9794	-0.942477796077	0.1236	1	
20200424_212835.809750	0.639384128959	-0.0098	-0.880036755335	-0.9768	-0.942477796077	0.127	1	
20200424_212835.909819	0.639384128959	0.0096	-0.880036755335	-0.9745	-0.942477796077	0.1315	1	
20200424_212836.010413	0.639384128959	0.0287	-0.880036755335	-0.9717	-0.942477796077	0.139	1	
20200424_212836.109891	0.639384128959	0.0488	-0.880036755335	-0.9695	-0.942477796077	0.1666	1	
20200424_212836.209677	0.639384128959	0.0699	-0.880036755335	-0.9668	-0.942477796077	0.1566	1	
20200424_212836.309779	0.639384128959	0.0891	-0.880036755335	-0.9636	-0.942477796077	0.158	1	
20200424_212836.410139	0.880036755335	0.1078	-0.639384128959	-0.9602	-0.628318530718	0.1623	1	
20200424_212836.512539	0.880036755335	0.1263	-0.639384128959	-0.9574	-0.628318530718	0.2068	1	
20200424_212836.609672	0.880036755335	0.1423	-0.639384128959	-0.9554	-0.628318530718	0.2281	1	
20200424_212836.710767	0.880036755335	0.1579	-0.639384128959	-0.9526	-0.628318530718	0.2732	1	
20200424_212836.809788	0.880036755335	0.1767	-0.639384128959	-0.9484	-0.628318530718	0.3276	1	
20200424_212836.909903	0.880036755335	0.1936	-0.639384128959	-0.9428	-0.628318530718	0.3374	1	
20200424_212837.009848	0.880036755335	0.2116	-0.639384128959	-0.9375	-0.628318530718	0.3512	1	
20200424_212837.109889	0.880036755335	0.2308	-0.639384128959	-0.9301	-0.628318530718	0.3528	1	
20200424_212837.209848	0.880036755335	0.2489	-0.639384128959	-0.9237	-0.628318530718	0.3702	1	
20200424_212837.310109	0.880036755335	0.2686	-0.639384128959	-0.9157	-0.628318530718	0.3522	1	
20200424_212837.409704	0.880036755335	0.2856	-0.639384128959	-0.909	-0.628318530718	0.3558	1	
20200424_212837.509887	0.880036755335	0.305	-0.639384128959	-0.9025	-0.628318530718	0.3563	1	
20200424_212837.609649	0.880036755335	0.323	-0.639384128959	-0.8948	-0.628318530718	0.3527	1	
20200424_212837.709785	0.880036755335	0.3416	-0.639384128959	-0.8885	-0.628318530718	0.3549	1	
20200424_212837.810242	0.880036755335	0.361	-0.639384128959	-0.8804	-0.628318530718	0.3545	1	
20200424_212837.909764	0.880036755335	0.3785	-0.639384128959	-0.8735	-0.628318530718	0.3618	1	
20200424_212838.009850	0.880036755335	0.3979	-0.639384128959	-0.8666	-0.628318530718	0.3845	1	
20200424_212838.110009	0.880036755335	0.4175	-0.639384128959	-0.8586	-0.628318530718	0.3823	1	
20200424_212838.209788	0.880036755335	0.4343	-0.639384128959	-0.8532	-0.628318530718	0.365	1	
20200424_212838.309623	0.880036755335	0.4544	-0.639384128959	-0.8452	-0.628318530718	0.3667	1	
20200424_212838.409914	1.38003675534	0.4735	-0.448401123334	-0.8379	-0.314159265359	0.3722	1	
20200424_212838.509821	1.38003675534	0.4924	-0.448401123334	-0.8303	-0.314159265359	0.3737	1	
20200424_212838.609674	1.38003675534	0.5121	-0.448401123334	-0.8224	-0.314159265359	0.3865	1	
20200424_212838.709731	1.38003675534	0.5309	-0.448401123334	-0.8159	-0.314159265359	0.3765	1	
20200424_212838.809870	1.38003675534	0.5502	-0.448401123334	-0.8088	-0.314159265359	0.3967	1	
20200424_212838.909713	1.38003675534	0.5685	-0.448401123334	-0.8016	-0.314159265359	0.404	1	
20200424_212839.009854	1.38003675534	0.587	-0.448401123334	-0.794	-0.314159265359	0.3895	1	
20200424_212839.109728	1.38003675534	0.6055	-0.448401123334	-0.7863	-0.314159265359	0.3837	1	
20200424_212839.210005	1.38003675534	0.6223	-0.448401123334	-0.7788	-0.314159265359	0.382	1	
20200424_212839.310149	1.38003675534	0.642	-0.448401123334	-0.7713	-0.314159265359	0.3773	1	
20200424_212839.409717	1.38003675534	0.6605	-0.448401123334	-0.7627	-0.314159265359	0.3748	1	
20200424_212839.509966	1.38003675534	0.6784	-0.448401123334	-0.7549	-0.314159265359	0.3698	1	
20200424_212839.609581	1.38003675534	0.6971	-0.448401123334	-0.7477	-0.314159265359	0.3748	1	
20200424_212839.710031	1.38003675534	0.7155	-0.448401123334	-0.7402	-0.314159265359	0.3767	1	
20200424_212839.809869	1.38003675534	0.7344	-0.448401123334	-0.7335	-0.314159265359	0.3786	1	
20200424_212839.910260	1.38003675534	0.7533	-0.448401123334	-0.7253	-0.314159265359	0.3986	1	
20200424_212840.009794	1.38003675534	0.7712	-0.448401123334	-0.717	-0.314159265359	0.3682	1	
20200424_212840.109912	1.38003675534	0.7894	-0.448401123334	-0.7102	-0.314159265359	0.3754	1	
20200424_212840.210360	1.38003675534	0.8067	-0.448401123334	-0.7037	-0.314159265359	0.3764	1	
20200424_212840.309950	1.38003675534	0.8262	-0.448401123334	-0.696	-0.314159265359	0.3756	1	
20200424_212840.410667	0.5	0.8456	-2.44929359829e-16	-0.6883	0.0	0.382	1	
20200424_212840.509928	0.5	0.8591	-2.44929359829e-16	-0.6854	0.0	0.4807	1	
20200424_212840.609658	0.5	0.8715	-2.44929359829e-16	-0.6825	0.0	0.5852	1	
20200424_212840.709906	0.5	0.8826	-2.44929359829e-16	-0.6791	0.0	0.7012	1	
20200424_212840.810087	0.5	0.8928	-2.44929359829e-16	-0.6733	0.0	0.8291	1	
20200424_212840.909716	0.5	0.9026	-2.44929359829e-16	-0.6671	0.0	0.949	1	
20200424_212841.009672	0.5	0.9108	-2.44929359829e-16	-0.6607	0.0	1.0739	1	
20200424_212841.110082	0.5	0.9184	-2.44929359829e-16	-0.6533	0.0	1.205	1	
20200424_212841.209756	0.5	0.9256	-2.44929359829e-16	-0.6441	0.0	1.3334	1	
20200424_212841.310345	0.5	0.932	-2.44929359829e-16	-0.6354	0.0	1.4594	1	
20200424_212841.410160	0.5	0.9372	-2.44929359829e-16	-0.6246	0.0	1.5907	1	
20200424_212841.509739	0.5	0.9402	-2.44929359829e-16	-0.613	0.0	1.7085	1	
20200424_212841.609683	0.5	0.942	-2.44929359829e-16	-0.6021	0.0	1.8362	1	
20200424_212841.709720	0.5	0.9421	-2.44929359829e-16	-0.5894	0.0	1.9518	1	
20200424_212841.809950	0.5	0.9397	-2.44929359829e-16	-0.5767	0.0	2.0398	1	
20200424_212841.909710	0.5	0.9347	-2.44929359829e-16	-0.5621	0.0	2.1067	1	
20200424_212842.009879	0.5	0.9263	-2.44929359829e-16	-0.5458	0.0	2.1592	1	
20200424_212842.109734	0.5	0.9177	-2.44929359829e-16	-0.53	0.0	2.1897	1	
20200424_212842.209809	0.5	0.9066	-2.44929359829e-16	-0.5141	0.0	2.175	1	
20200424_212842.309803	0.5	0.8951	-2.44929359829e-16	-0.4985	0.0	2.1939	1	
20200424_212842.409767	0.5	0.8832	-2.44929359829e-16	-0.4811	0.0	2.184	1	
20200424_212842.510013	0.5	0.872	-2.44929359829e-16	-0.4658	0.0	2.1786	1	
20200424_212842.609603	0.5	0.8607	-2.44929359829e-16	-0.4502	0.0	2.2037	1	
20200424_212842.709878	0.5	0.8495	-2.44929359829e-16	-0.4348	0.0	2.1876	1	
20200424_212842.809838	0.5	0.8381	-2.44929359829e-16	-0.4196	0.0	2.1868	1	
20200424_212842.909962	0.5	0.8262	-2.44929359829e-16	-0.4023	0.0	2.1966	1	
20200424_212843.010287	0.5	0.8149	-2.44929359829e-16	-0.3867	0.0	2.2146	1	
20200424_212843.110046	0.5	0.803	-2.44929359829e-16	-0.3702	0.0	2.2223	1	
20200424_212843.209927	0.5	0.7918	-2.44929359829e-16	-0.3538	0.0	2.2068	1	
20200424_212843.310009	0.5	0.7801	-2.44929359829e-16	-0.3381	0.0	2.206	1	
20200424_212843.410446	0.5	0.767	-2.44929359829e-16	-0.322	0.0	2.2057	1	
20200424_212843.509949	0.5	0.7565	-2.44929359829e-16	-0.3097	0.0	2.2006	1	
20200424_212843.609659	0.5	0.7435	-2.44929359829e-16	-0.2917	0.0	2.2058	1	
20200424_212843.709909	0.5	0.7337	-2.44929359829e-16	-0.2777	0.0	2.2179	1	
20200424_212843.810207	0.5	0.7225	-2.44929359829e-16	-0.2628	0.0	2.2203	1	
20200424_212843.909649	0.5	0.7107	-2.44929359829e-16	-0.246	0.0	2.2226	1	
20200424_212844.010292	0.5	0.6988	-2.44929359829e-16	-0.2295	0.0	2.2075	1	
20200424_212844.109865	0.5	0.6871	-2.44929359829e-16	-0.2135	0.0	2.2149	1	
20200424_212844.209983	0.5	0.6758	-2.44929359829e-16	-0.1995	0.0	2.2345	1	
20200424_212844.309761	0.5	0.6625	-2.44929359829e-16	-0.1816	0.0	2.2342	1	
20200424_212844.409882	0.5	0.651	-2.44929359829e-16	-0.168	0.0	2.2293	1	
20200424_212844.509951	0.5	0.6386	-2.44929359829e-16	-0.1506	0.0	2.2295	1	
20200424_212844.609566	0.5	0.6274	-2.44929359829e-16	-0.1356	0.0	2.2218	1	
20200424_212844.709811	0.5	0.6153	-2.44929359829e-16	-0.1202	0.0	2.2285	1	
20200424_212844.809750	0.5	0.6057	-2.44929359829e-16	-0.1064	0.0	2.2484	1	
20200424_212844.909830	0.5	0.5962	-2.44929359829e-16	-0.0916	0.0	2.2885	1	
20200424_212845.009821	0.5	0.5866	-2.44929359829e-16	-0.0787	0.0	2.3429	1	
20200424_212845.109680	0.5	0.578	-2.44929359829e-16	-0.0678	0.0	2.3815	1	
20200424_212845.209821	0.5	0.5691	-2.44929359829e-16	-0.0577	0.0	2.4037	1	
20200424_212845.309802	0.5	0.5624	-2.44929359829e-16	-0.0525	0.0	2.3829	1	
20200424_212845.409761	0.5	0.5592	-2.44929359829e-16	-0.0526	0.0	2.3076	1	
20200424_212845.510022	0.5	0.5571	-2.44929359829e-16	-0.0551	0.0	2.1939	1	
20200424_212845.609633	0.5	0.5544	-2.44929359829e-16	-0.0582	0.0	2.0744	1	
20200424_212845.710081	0.5	0.5521	-2.44929359829e-16	-0.0621	0.0	1.9591	1	
20200424_212845.809825	0.5	0.5491	-2.44929359829e-16	-0.0633	0.0	1.8521	1	
20200424_212845.910112	0.5	0.547	-2.44929359829e-16	-0.0648	0.0	1.7518	1	
20200424_212846.010132	0.5	0.545	-2.44929359829e-16	-0.0668	0.0	1.659	1	
20200424_212846.109901	0.5	0.542	-2.44929359829e-16	-0.0681	0.0	1.5481	1	
20200424_212846.209805	0.5	0.5388	-2.44929359829e-16	-0.0689	0.0	1.4395	1	
20200424_212846.309906	0.5	0.5356	-2.44929359829e-16	-0.0697	0.0	1.3456	1	
20200424_212846.409747	0.5	0.5333	-2.44929359829e-16	-0.0696	0.0	1.2609	1	
20200424_212846.510128	0.5	0.53	-2.44929359829e-16	-0.0704	0.0	1.1704	1	
20200424_212846.609578	0.5	0.5269	-2.44929359829e-16	-0.0698	0.0	1.0848	1	
20200424_212846.710086	0.5	0.5245	-2.44929359829e-16	-0.0691	0.0	1.0189	1	
20200424_212846.809699	0.5	0.5225	-2.44929359829e-16	-0.0673	0.0	0.9202	1	
20200424_212846.909814	0.5	0.5196	-2.44929359829e-16	-0.0677	0.0	0.8585	1	
20200424_212847.010436	0.5	0.5173	-2.44929359829e-16	-0.0668	0.0	0.7818	1	
20200424_212847.109676	0.5	0.5148	-2.44929359829e-16	-0.0658	0.0	0.7038	1	
20200424_212847.209821	0.5	0.5129	-2.44929359829e-16	-0.0644	0.0	0.6345	1	
20200424_212847.310132	0.5	0.5112	-2.44929359829e-16	-0.0625	0.0	0.5723	1	
20200424_212847.409765	0.5	0.51	-2.44929359829e-16	-0.0609	0.0	0.5042	1	
20200424_212847.509981	0.5	0.5085	-2.44929359829e-16	-0.0596	0.0	0.443	1	
20200424_212847.609613	0.5	0.5077	-2.44929359829e-16	-0.0578	0.0	0.3795	1	
20200424_212847.709916	0.5	0.5061	-2.44929359829e-16	-0.0563	0.0	0.3185	1	
20200424_212847.810048	0.5	0.5052	-2.44929359829e-16	-0.0547	0.0	0.2398	1	
20200424_212847.910376	0.5	0.5051	-2.44929359829e-16	-0.0531	0.0	0.2073	1	
20200424_212848.009823	0.5	0.5042	-2.44929359829e-16	-0.0509	0.0	0.137	1	
20200424_212848.109675	0.5	0.5034	-2.44929359829e-16	-0.0494	0.0	0.0697	1	
20200424_212848.209804	0.5	0.5035	-2.44929359829e-16	-0.048	0.0	0.0465	0	
20200424_212848.210069	0.5	0.5036	-2.44929359829e-16	-0.0478	0.0	0.0206	0	
20200424_212848.212371	0.5	0.5037	-2.44929359829e-16	-0.0477	0.0	0.019	0	
20200424_212848.220221	0.5	0.5037	-2.44929359829e-16	-0.0476	0.0	0.017	0	
20200424_212848.228457	0.5	0.5037	-2.44929359829e-16	-0.0476	0.0	0.0153	0	
20200424_212848.238711	0.5	0.5038	-2.44929359829e-16	-0.0475	0.0	0.013	0	
20200424_212848.245334	0.5	0.5037	-2.44929359829e-16	-0.0475	0.0	0.0323	0	
20200424_212848.253619	0.5	0.5037	-2.44929359829e-16	-0.0475	0.0	0.0308	0	
20200424_212848.262344	0.5	0.5037	-2.44929359829e-16	-0.0475	0.0	0.0088	0	
20200424_212848.270228	0.5	0.5038	-2.44929359829e-16	-0.0475	0.0	0.0277	0	
20200424_212848.281127	0.5	0.5038	-2.44929359829e-16	-0.0475	0.0	0.0269	0	
20200424_212848.286688	0.5	0.5038	-2.44929359829e-16	-0.0475	0.0	0.026	0	
20200424_212848.295383	0.5	0.5038	-2.44929359829e-16	-0.0474	0.0	0.026	0	
20200424_212848.305656	0.5	0.5038	-2.44929359829e-16	-0.0473	0.0	0.0262	0	
20200424_212848.312274	0.5	0.5039	-2.44929359829e-16	-0.0473	0.0	0.0262	0	
20200424_212848.321001	0.5	0.5039	-2.44929359829e-16	-0.0473	0.0	0.0255	0	
20200424_212848.328446	0.5	0.5039	-2.44929359829e-16	-0.0473	0.0	0.0253	0	
20200424_212848.336933	0.5	0.5039	-2.44929359829e-16	-0.0473	0.0	0.026	0	
20200424_212848.345216	0.5	0.5039	-2.44929359829e-16	-0.0473	0.0	0.026	0	
20200424_212848.353314	0.5	0.5039	-2.44929359829e-16	-0.0472	0.0	0.026	0	
20200424_212848.361949	0.5	0.5039	-2.44929359829e-16	-0.0472	0.0	0.0259	0	
20200424_212848.370202	0.5	0.5039	-2.44929359829e-16	-0.0472	0.0	0.0257	0	
20200424_212848.378143	0.5	0.5038	-2.44929359829e-16	-0.0472	0.0	0.0255	0	
20200424_212848.387263	0.5	0.5038	-2.44929359829e-16	-0.0472	0.0	0.026	0	
20200424_212848.395512	0.5	0.5038	-2.44929359829e-16	-0.0473	0.0	0.025	0	
20200424_212848.403311	0.5	0.5038	-2.44929359829e-16	-0.0473	0.0	0.0248	0	
20200424_212848.412172	0.5	0.5038	-2.44929359829e-16	-0.0473	0.0	0.0244	0	
20200424_212848.420307	0.5	0.5038	-2.44929359829e-16	-0.0473	0.0	0.0242	0	
20200424_212848.428811	0.5	0.5038	-2.44929359829e-16	-0.0473	0.0	0.0239	0	
20200424_212848.436900	0.5	0.5038	-2.44929359829e-16	-0.0473	0.0	0.0234	0	
20200424_212848.445826	0.5	0.5037	-2.44929359829e-16	-0.0473	0.0	0.0235	0	
20200424_212848.453867	0.5	0.5037	-2.44929359829e-16	-0.0473	0.0	0.0233	0	
20200424_212848.461953	0.5	0.5037	-2.44929359829e-16	-0.0473	0.0	0.0232	0	
20200424_212848.471212	0.5	0.5037	-2.44929359829e-16	-0.0472	0.0	0.0231	0	
20200424_212848.478537	0.5	0.5037	-2.44929359829e-16	-0.0472	0.0	0.0231	0	
20200424_212848.487322	0.5	0.5037	-2.44929359829e-16	-0.0472	0.0	0.0228	0	
20200424_212848.495269	0.5	0.5037	-2.44929359829e-16	-0.0472	0.0	0.0227	0	
20200424_212848.503685	0.5	0.5037	-2.44929359829e-16	-0.0472	0.0	0.0227	0	
20200424_212848.512012	0.5	0.5037	-2.44929359829e-16	-0.0472	0.0	0.0232	0	
20200424_212848.520373	0.5	0.5037	-2.44929359829e-16	-0.0472	0.0	0.023	0	
20200424_212848.528667	0.5	0.5037	-2.44929359829e-16	-0.0472	0.0	0.0231	0	
20200424_212848.536570	0.5	0.5037	-2.44929359829e-16	-0.0472	0.0	0.0232	0	
20200424_212848.545205	0.5	0.5037	-2.44929359829e-16	-0.0472	0.0	0.0231	0	
20200424_212848.553838	0.5	0.5037	-2.44929359829e-16	-0.0472	0.0	0.0228	0	
20200424_212848.561951	0.5	0.5037	-2.44929359829e-16	-0.0472	0.0	0.0225	0	
20200424_212848.569456	0.5	0.5037	-2.44929359829e-16	-0.0473	0.0	0.0227	0	
20200424_212848.577899	0.5	0.5037	-2.44929359829e-16	-0.0473	0.0	0.0219	0	
20200424_212848.586178	0.5	0.5037	-2.44929359829e-16	-0.0473	0.0	0.022	0	
20200424_212848.594773	0.5	0.5037	-2.44929359829e-16	-0.0473	0.0	0.0219	0	
20200424_212848.603942	0.5	0.5037	-2.44929359829e-16	-0.0473	0.0	0.0219	0	
20200424_212848.611214	0.5	0.5036	-2.44929359829e-16	-0.0473	0.0	0.0215	0	
20200424_212848.619231	0.5	0.5036	-2.44929359829e-16	-0.0472	0.0	0.0226	0	
20200424_212848.628093	0.5	0.5036	-2.44929359829e-16	-0.0472	0.0	0.0227	0	
20200424_212848.636433	0.5	0.5036	-2.44929359829e-16	-0.0472	0.0	0.0227	0	
20200424_212848.644860	0.5	0.5036	-2.44929359829e-16	-0.0472	0.0	0.0229	0	
20200424_212848.653444	0.5	0.5037	-2.44929359829e-16	-0.0472	0.0	0.0235	0	
20200424_212848.661691	0.5	0.5037	-2.44929359829e-16	-0.0472	0.0	0.0238	0	
20200424_212848.669668	0.5	0.5037	-2.44929359829e-16	-0.0472	0.0	0.0236	0	
20200424_212848.678510	0.5	0.5037	-2.44929359829e-16	-0.0471	0.0	0.0237	0	
20200424_212848.686810	0.5	0.5037	-2.44929359829e-16	-0.0471	0.0	0.0238	0	
20200424_212848.695518	0.5	0.5037	-2.44929359829e-16	-0.0471	0.0	0.0235	0	
20200424_212848.703695	0.5	0.5036	-2.44929359829e-16	-0.0471	0.0	0.0242	0	
20200424_212848.711705	0.5	0.5037	-2.44929359829e-16	-0.0472	0.0	0.0238	0	
20200424_212848.720607	0.5	0.5037	-2.44929359829e-16	-0.0472	0.0	0.0233	0	
20200424_212848.728734	0.5	0.5037	-2.44929359829e-16	-0.0472	0.0	0.0232	0	
20200424_212848.736500	0.5	0.5037	-2.44929359829e-16	-0.0472	0.0	0.0231	0	
20200424_212848.745541	0.5	0.5037	-2.44929359829e-16	-0.0473	0.0	0.023	0	
20200424_212848.753615	0.5	0.5036	-2.44929359829e-16	-0.0473	0.0	0.0229	0	
20200424_212848.762031	0.5	0.5036	-2.44929359829e-16	-0.0473	0.0	0.0226	0	
20200424_212848.771134	0.5	0.5036	-2.44929359829e-16	-0.0472	0.0	0.0229	0	
20200424_212848.778757	0.5	0.5036	-2.44929359829e-16	-0.0472	0.0	0.0227	0	
20200424_212848.786572	0.5	0.5036	-2.44929359829e-16	-0.0472	0.0	0.0228	0	
20200424_212848.795244	0.5	0.5036	-2.44929359829e-16	-0.0472	0.0	0.0226	0	
20200424_212848.803677	0.5	0.5036	-2.44929359829e-16	-0.0472	0.0	0.0226	0	
20200424_212848.811795	0.5	0.5036	-2.44929359829e-16	-0.0472	0.0	0.0228	0	
20200424_212848.820443	0.5	0.5036	-2.44929359829e-16	-0.0473	0.0	0.0228	0	
20200424_212848.828873	0.5	0.5036	-2.44929359829e-16	-0.0472	0.0	0.0231	0	
20200424_212848.837337	0.5	0.5036	-2.44929359829e-16	-0.0473	0.0	0.0231	0	
20200424_212848.845236	0.5	0.5037	-2.44929359829e-16	-0.0472	0.0	0.0228	0	
20200424_212848.854146	0.5	0.5036	-2.44929359829e-16	-0.0472	0.0	0.0227	0	
20200424_212848.861852	0.5	0.5036	-2.44929359829e-16	-0.0472	0.0	0.0231	0	
20200424_212848.870781	0.5	0.5036	-2.44929359829e-16	-0.0472	0.0	0.0227	0	
20200424_212848.878803	0.5	0.5036	-2.44929359829e-16	-0.0472	0.0	0.0221	0	
20200424_212848.887098	0.5	0.5036	-2.44929359829e-16	-0.0472	0.0	0.0225	0	
20200424_212848.895491	0.5	0.5036	-2.44929359829e-16	-0.0472	0.0	0.0218	0	
20200424_212848.904623	0.5	0.5036	-2.44929359829e-16	-0.0473	0.0	0.0216	0	
20200424_212848.911775	0.5	0.5036	-2.44929359829e-16	-0.0473	0.0	0.0217	0	
20200424_212848.920718	0.5	0.5036	-2.44929359829e-16	-0.0472	0.0	0.0216	0	
20200424_212848.928650	0.5	0.5036	-2.44929359829e-16	-0.0472	0.0	0.0213	0	
20200424_212848.936972	0.5	0.5036	-2.44929359829e-16	-0.0472	0.0	0.0218	0	
20200424_212848.945384	0.5	0.5036	-2.44929359829e-16	-0.0471	0.0	0.0227	0	
20200424_212848.953907	0.5	0.5036	-2.44929359829e-16	-0.0472	0.0	0.0226	0	
20200424_212848.962118	0.5	0.5036	-2.44929359829e-16	-0.0472	0.0	0.0226	0	
20200424_212848.970396	0.5	0.5036	-2.44929359829e-16	-0.0472	0.0	0.0233	0	
20200424_212848.978704	0.5	0.5037	-2.44929359829e-16	-0.0472	0.0	0.0237	0	
20200424_212848.986870	0.5	0.5037	-2.44929359829e-16	-0.0472	0.0	0.0236	0	
20200424_212848.995114	0.5	0.5036	-2.44929359829e-16	-0.0472	0.0	0.0237	0	
20200424_212849.003787	0.5	0.5036	-2.44929359829e-16	-0.0472	0.0	0.0238	0	
20200424_212849.012463	0.5	0.5036	-2.44929359829e-16	-0.0471	0.0	0.0237	0	
20200424_212849.020052	0.5	0.5035	-2.44929359829e-16	-0.0471	0.0	0.0237	0	
20200424_212849.028590	0.5	0.5035	-2.44929359829e-16	-0.0471	0.0	0.024	0	
20200424_212849.037073	0.5	0.5036	-2.44929359829e-16	-0.0471	0.0	0.0235	0	
20200424_212849.045429	0.5	0.5036	-2.44929359829e-16	-0.0472	0.0	0.0231	0	
20200424_212849.053360	0.5	0.5037	-2.44929359829e-16	-0.0472	0.0	0.0229	0	
20200424_212849.061655	0.5	0.5037	-2.44929359829e-16	-0.0472	0.0	0.023	0	
20200424_212849.070449	0.5	0.5036	-2.44929359829e-16	-0.0472	0.0	0.0229	0	
20200424_212849.078524	0.5	0.5036	-2.44929359829e-16	-0.0472	0.0	0.0225	0	
20200424_212849.087089	0.5	0.5035	-2.44929359829e-16	-0.0472	0.0	0.0227	0	
20200424_212849.095487	0.5	0.5035	-2.44929359829e-16	-0.0472	0.0	0.0225	0	
20200424_212849.103562	0.5	0.5035	-2.44929359829e-16	-0.0471	0.0	0.0225	0	
20200424_212849.112002	0.5	0.5035	-2.44929359829e-16	-0.0472	0.0	0.0225	0	
20200424_212849.120634	0.5	0.5035	-2.44929359829e-16	-0.0472	0.0	0.0227	0	
20200424_212849.128822	0.5	0.5036	-2.44929359829e-16	-0.0472	0.0	0.0225	0	
20200424_212849.137092	0.5	0.5036	-2.44929359829e-16	-0.0472	0.0	0.0227	0	
20200424_212849.145467	0.5	0.5036	-2.44929359829e-16	-0.0472	0.0	0.0225	0	
20200424_212849.153524	0.5	0.5035	-2.44929359829e-16	-0.0472	0.0	0.023	0	
20200424_212849.162100	0.5	0.5036	-2.44929359829e-16	-0.0472	0.0	0.0227	0	
20200424_212849.170284	0.5	0.5036	-2.44929359829e-16	-0.0472	0.0	0.0228	0	
20200424_212849.181376	0.5	0.5036	-2.44929359829e-16	-0.0472	0.0	0.0228	0	
20200424_212849.187083	0.5	0.5036	-2.44929359829e-16	-0.0472	0.0	0.023	0	
20200424_212849.195370	0.5	0.5036	-2.44929359829e-16	-0.0472	0.0	0.0224	0	
20200424_212849.204534	0.5	0.5036	-2.44929359829e-16	-0.0472	0.0	0.0222	0	
20200424_212849.212467	0.5	0.5036	-2.44929359829e-16	-0.0473	0.0	0.0224	0	
20200424_212849.220869	0.5	0.5036	-2.44929359829e-16	-0.0473	0.0	0.0216	0	
20200424_212849.228427	0.5	0.5036	-2.44929359829e-16	-0.0473	0.0	0.0217	0	
20200424_212849.236833	0.5	0.5036	-2.44929359829e-16	-0.0473	0.0	0.0216	0	
20200424_212849.245469	0.5	0.5036	-2.44929359829e-16	-0.0473	0.0	0.022	0	
20200424_212849.253725	0.5	0.5036	-2.44929359829e-16	-0.0472	0.0	0.0217	0	
20200424_212849.261986	0.5	0.5035	-2.44929359829e-16	-0.0472	0.0	0.0227	0	
20200424_212849.270046	0.5	0.5035	-2.44929359829e-16	-0.0471	0.0	0.0227	0	
20200424_212849.278764	0.5	0.5035	-2.44929359829e-16	-0.0472	0.0	0.0225	0	
20200424_212849.292805	0.5	0.5036	-2.44929359829e-16	-0.0472	0.0	0.0228	0	
20200424_212849.295001	0.5	0.5036	-2.44929359829e-16	-0.0472	0.0	0.0235	0	
20200424_212849.303633	0.5	0.5036	-2.44929359829e-16	-0.0472	0.0	0.0237	0	
20200424_212849.312024	0.5	0.5036	-2.44929359829e-16	-0.0472	0.0	0.0237	0	
20200424_212849.320236	0.5	0.5036	-2.44929359829e-16	-0.0471	0.0	0.0236	0	
20200424_212849.329023	0.5	0.5036	-2.44929359829e-16	-0.0471	0.0	0.0235	0	
20200424_212849.337842	0.5	0.5036	-2.44929359829e-16	-0.0471	0.0	0.0236	0	
20200424_212849.345267	0.5	0.5035	-2.44929359829e-16	-0.0471	0.0	0.0237	0	
20200424_212849.353579	0.5	0.5035	-2.44929359829e-16	-0.0471	0.0	0.0234	0	
20200424_212849.361737	0.5	0.5036	-2.44929359829e-16	-0.0472	0.0	0.0234	0	
20200424_212849.370297	0.5	0.5036	-2.44929359829e-16	-0.0472	0.0	0.0229	0	
20200424_212849.379100	0.5	0.5036	-2.44929359829e-16	-0.0472	0.0	0.023	0	
20200424_212849.386891	0.5	0.5036	-2.44929359829e-16	-0.0472	0.0	0.0228	0	
20200424_212849.395484	0.5	0.5036	-2.44929359829e-16	-0.0472	0.0	0.0227	0	
20200424_212849.403910	0.5	0.5035	-2.44929359829e-16	-0.0472	0.0	0.0228	0	
20200424_212849.412395	0.5	0.5035	-2.44929359829e-16	-0.0471	0.0	0.0226	0	
20200424_212849.420172	0.5	0.5035	-2.44929359829e-16	-0.0471	0.0	0.0226	0	
20200424_212849.428360	0.5	0.5035	-2.44929359829e-16	-0.0471	0.0	0.0226	0	
20200424_212849.437285	0.5	0.5035	-2.44929359829e-16	-0.0472	0.0	0.0223	0	
20200424_212849.445233	0.5	0.5036	-2.44929359829e-16	-0.0472	0.0	0.0225	0	
20200424_212849.453927	0.5	0.5036	-2.44929359829e-16	-0.0472	0.0	0.0226	0	
20200424_212849.462035	0.5	0.5036	-2.44929359829e-16	-0.0472	0.0	0.0225	0	
20200424_212849.469914	0.5	0.5036	-2.44929359829e-16	-0.0472	0.0	0.0226	0	
20200424_212849.478289	0.5	0.5035	-2.44929359829e-16	-0.0472	0.0	0.0229	0	
20200424_212849.487151	0.5	0.5036	-2.44929359829e-16	-0.0472	0.0	0.0224	0	
20200424_212849.495657	0.5	0.5036	-2.44929359829e-16	-0.0472	0.0	0.0224	0	
20200424_212849.504166	0.5	0.5035	-2.44929359829e-16	-0.0472	0.0	0.0228	0	
20200424_212849.512351	0.5	0.5036	-2.44929359829e-16	-0.0472	0.0	0.0228	0	
20200424_212849.520211	0.5	0.5036	-2.44929359829e-16	-0.0472	0.0	0.0221	0	
20200424_212849.529066	0.5	0.5036	-2.44929359829e-16	-0.0472	0.0	0.0224	0	
20200424_212849.536672	0.5	0.5036	-2.44929359829e-16	-0.0473	0.0	0.0221	0	
20200424_212849.545198	0.5	0.5036	-2.44929359829e-16	-0.0473	0.0	0.0218	0	
20200424_212849.553272	0.5	0.5036	-2.44929359829e-16	-0.0473	0.0	0.0218	0	
20200424_212849.563135	0.5	0.5035	-2.44929359829e-16	-0.0472	0.0	0.0216	0	
20200424_212849.569546	0.5	0.5035	-2.44929359829e-16	-0.0472	0.0	0.0214	0	
20200424_212849.577853	0.5	0.5035	-2.44929359829e-16	-0.0472	0.0	0.0215	0	
20200424_212849.586216	0.5	0.5035	-2.44929359829e-16	-0.0472	0.0	0.0226	0	
20200424_212849.594540	0.5	0.5035	-2.44929359829e-16	-0.0472	0.0	0.0225	0	
20200424_212849.603344	0.5	0.5035	-2.44929359829e-16	-0.0472	0.0	0.0225	0	
20200424_212849.611345	0.5	0.5036	-2.44929359829e-16	-0.0473	0.0	0.0228	0	
20200424_212849.619630	0.5	0.5036	-2.44929359829e-16	-0.0472	0.0	0.0235	0	
20200424_212849.627819	0.5	0.5036	-2.44929359829e-16	-0.0472	0.0	0.0237	0	
20200424_212849.636288	0.5	0.5035	-2.44929359829e-16	-0.0471	0.0	0.0235	0	
20200424_212849.645068	0.5	0.5035	-2.44929359829e-16	-0.0471	0.0	0.0233	0	
20200424_212849.653221	0.5	0.5035	-2.44929359829e-16	-0.0471	0.0	0.0236	0	
20200424_212849.661797	0.5	0.5035	-2.44929359829e-16	-0.0471	0.0	0.0233	0	
20200424_212849.670236	0.5	0.5035	-2.44929359829e-16	-0.0471	0.0	0.0236	0	
20200424_212849.678471	0.5	0.5036	-2.44929359829e-16	-0.0472	0.0	0.0232	0	
20200424_212849.686787	0.5	0.5036	-2.44929359829e-16	-0.0472	0.0	0.0231	0	
20200424_212849.695060	0.5	0.5036	-2.44929359829e-16	-0.0472	0.0	0.0229	0	
20200424_212849.703380	0.5	0.5036	-2.44929359829e-16	-0.0472	0.0	0.0228	0	
20200424_212849.712055	0.5	0.5036	-2.44929359829e-16	-0.0472	0.0	0.0229	0	
20200424_212849.720038	0.5	0.5035	-2.44929359829e-16	-0.0472	0.0	0.0224	0	
20200424_212849.728511	0.5	0.5035	-2.44929359829e-16	-0.0472	0.0	0.0223	0	
20200424_212849.736742	0.5	0.5035	-2.44929359829e-16	-0.0471	0.0	0.0225	0	
20200424_212849.746138	0.5	0.5035	-2.44929359829e-16	-0.0472	0.0	0.0227	0	
20200424_212849.753318	0.5	0.5035	-2.44929359829e-16	-0.0472	0.0	0.0225	0	
20200424_212849.761706	0.5	0.5035	-2.44929359829e-16	-0.0472	0.0	0.0228	0	
20200424_212849.769952	0.5	0.5036	-2.44929359829e-16	-0.0473	0.0	0.0227	0	
20200424_212849.779205	0.5	0.5036	-2.44929359829e-16	-0.0473	0.0	0.0229	0	
20200424_212849.786971	0.5	0.5036	-2.44929359829e-16	-0.0473	0.0	0.0227	0	
20200424_212849.795315	0.5	0.5035	-2.44929359829e-16	-0.0473	0.0	0.0232	0	
20200424_212849.804773	0.5	0.5035	-2.44929359829e-16	-0.0472	0.0	0.0227	0	
20200424_212849.811812	0.5	0.5035	-2.44929359829e-16	-0.0472	0.0	0.0226	0	
20200424_212849.820436	0.5	0.5035	-2.44929359829e-16	-0.0472	0.0	0.0227	0	
20200424_212849.828187	0.5	0.5035	-2.44929359829e-16	-0.0472	0.0	0.0226	0	
20200424_212849.836799	0.5	0.5036	-2.44929359829e-16	-0.0472	0.0	0.0224	0	
20200424_212849.845170	0.5	0.5036	-2.44929359829e-16	-0.0472	0.0	0.0219	0	
20200424_212849.853353	0.5	0.5036	-2.44929359829e-16	-0.0473	0.0	0.0228	0	
20200424_212849.862196	0.5	0.5036	-2.44929359829e-16	-0.0473	0.0	0.0217	0	
20200424_212849.870541	0.5	0.5035	-2.44929359829e-16	-0.0473	0.0	0.0217	0	
20200424_212849.878884	0.5	0.5035	-2.44929359829e-16	-0.0472	0.0	0.0216	0	
20200424_212849.887129	0.5	0.5035	-2.44929359829e-16	-0.0472	0.0	0.0219	0	
20200424_212849.895309	0.5	0.5035	-2.44929359829e-16	-0.0472	0.0	0.0216	0	
20200424_212849.903496	0.5	0.5034	-2.44929359829e-16	-0.0472	0.0	0.022	0	
20200424_212849.912126	0.5	0.5035	-2.44929359829e-16	-0.0472	0.0	0.0225	0	
20200424_212849.920665	0.5	0.5036	-2.44929359829e-16	-0.0472	0.0	0.0224	0	
20200424_212849.930401	0.5	0.5035	-2.44929359829e-16	-0.0473	0.0	0.0226	0	
20200424_212849.936426	0.5	0.5036	-2.44929359829e-16	-0.0472	0.0	0.0232	0	
20200424_212849.945039	0.5	0.5036	-2.44929359829e-16	-0.0472	0.0	0.0234	0	
20200424_212849.953710	0.5	0.5036	-2.44929359829e-16	-0.0472	0.0	0.0235	0	
20200424_212849.961955	0.5	0.5035	-2.44929359829e-16	-0.0471	0.0	0.0236	0	
20200424_212849.970202	0.5	0.5035	-2.44929359829e-16	-0.0471	0.0	0.0237	0	
20200424_212849.978475	0.5	0.5035	-2.44929359829e-16	-0.0471	0.0	0.0236	0	
20200424_212849.986992	0.5	0.5035	-2.44929359829e-16	-0.0471	0.0	0.0236	0	
20200424_212849.995126	0.5	0.5035	-2.44929359829e-16	-0.0471	0.0	0.0238	0	
20200424_212850.003511	0.5	0.5036	-2.44929359829e-16	-0.0472	0.0	0.0232	0	
20200424_212850.012048	0.5	0.5036	-2.44929359829e-16	-0.0472	0.0	0.0228	0	
20200424_212850.020351	0.5	0.5036	-2.44929359829e-16	-0.0472	0.0	0.0227	0	
20200424_212850.028984	0.5	0.5036	-2.44929359829e-16	-0.0472	0.0	0.0227	0	
20200424_212850.036708	0.5	0.5035	-2.44929359829e-16	-0.0472	0.0	0.0227	0	
20200424_212850.045429	0.5	0.5035	-2.44929359829e-16	-0.0472	0.0	0.0228	0	
20200424_212850.053434	0.5	0.5035	-2.44929359829e-16	-0.0471	0.0	0.0226	0	
20200424_212850.062244	0.5	0.5035	-2.44929359829e-16	-0.0472	0.0	0.0228	0	
20200424_212850.070657	0.5	0.5035	-2.44929359829e-16	-0.0472	0.0	0.0225	0	
20200424_212850.078146	0.5	0.5035	-2.44929359829e-16	-0.0472	0.0	0.0226	0	
20200424_212850.086595	0.5	0.5035	-2.44929359829e-16	-0.0472	0.0	0.0224	0	
20200424_212850.095115	0.5	0.5035	-2.44929359829e-16	-0.0472	0.0	0.0224	0	
20200424_212850.103635	0.5	0.5036	-2.44929359829e-16	-0.0472	0.0	0.0225	0	
20200424_212850.112249	0.5	0.5036	-2.44929359829e-16	-0.0472	0.0	0.0225	0	
20200424_212850.120158	0.5	0.5035	-2.44929359829e-16	-0.0472	0.0	0.0227	0	
20200424_212850.128917	0.5	0.5035	-2.44929359829e-16	-0.0472	0.0	0.0221	0	
20200424_212850.137235	0.5	0.5035	-2.44929359829e-16	-0.0472	0.0	0.0224	0	
20200424_212850.144863	0.5	0.5035	-2.44929359829e-16	-0.0472	0.0	0.0224	0	
20200424_212850.153339	0.5	0.5036	-2.44929359829e-16	-0.0472	0.0	0.0226	0	
20200424_212850.162027	0.5	0.5036	-2.44929359829e-16	-0.0473	0.0	0.0009	0	
20200424_212850.170073	0.5	0.5036	-2.44929359829e-16	-0.0473	0.0	0.022	0	
20200424_212850.179808	0.5	0.5036	-2.44929359829e-16	-0.0473	0.0	0.0223	0	
20200424_212850.187054	0.5	0.5036	-2.44929359829e-16	-0.0473	0.0	0.0216	0	
20200424_212850.195212	0.5	0.5035	-2.44929359829e-16	-0.0473	0.0	0.0214	0	
20200424_212850.203658	0.5	0.5035	-2.44929359829e-16	-0.0472	0.0	0.0216	0	
20200424_212850.212214	0.5	0.5035	-2.44929359829e-16	-0.0472	0.0	0.0215	0	
20200424_212850.220221	0.5	0.5035	-2.44929359829e-16	-0.0473	0.0	0.0212	0	
20200424_212850.228242	0.5	0.5035	-2.44929359829e-16	-0.0472	0.0	0.0224	0	
20200424_212850.237294	0.5	0.5036	-2.44929359829e-16	-0.0473	0.0	0.0226	0	
20200424_212850.245358	0.5	0.5035	-2.44929359829e-16	-0.0472	0.0	0.0223	0	
20200424_212850.253867	0.5	0.5036	-2.44929359829e-16	-0.0472	0.0	0.0223	0	
20200424_212850.262073	0.5	0.5036	-2.44929359829e-16	-0.0472	0.0	0.0229	0	
20200424_212850.269881	0.5	0.5036	-2.44929359829e-16	-0.0471	0.0	0.0234	0	
20200424_212850.278112	0.5	0.5035	-2.44929359829e-16	-0.0471	0.0	0.0235	0	
20200424_212850.287053	0.5	0.5035	-2.44929359829e-16	-0.0471	0.0	0.0234	0	
20200424_212850.295198	0.5	0.5035	-2.44929359829e-16	-0.0471	0.0	0.0234	0	
20200424_212850.304043	0.5	0.5036	-2.44929359829e-16	-0.0471	0.0	0.0233	0	
20200424_212850.312188	0.5	0.5036	-2.44929359829e-16	-0.0472	0.0	0.0238	0	
20200424_212850.319946	0.5	0.5036	-2.44929359829e-16	-0.0472	0.0	0.0235	0	
20200424_212850.328617	0.5	0.5037	-2.44929359829e-16	-0.0472	0.0	0.023	0	
20200424_212850.337103	0.5	0.5037	-2.44929359829e-16	-0.0472	0.0	0.0226	0	
20200424_212850.345641	0.5	0.5036	-2.44929359829e-16	-0.0472	0.0	0.0228	0	
20200424_212850.353449	0.5	0.5036	-2.44929359829e-16	-0.0471	0.0	0.0226	0	
20200424_212850.361869	0.5	0.5035	-2.44929359829e-16	-0.0471	0.0	0.0226	0	
20200424_212850.370601	0.5	0.5035	-2.44929359829e-16	-0.0472	0.0	0.0226	0	
20200424_212850.378788	0.5	0.5035	-2.44929359829e-16	-0.0471	0.0	0.0225	0	
20200424_212850.387156	0.5	0.5035	-2.44929359829e-16	-0.0472	0.0	0.0226	0	
20200424_212850.395183	0.5	0.5035	-2.44929359829e-16	-0.0472	0.0	0.0223	0	
20200424_212850.403584	0.5	0.5035	-2.44929359829e-16	-0.0472	0.0	0.0225	0	
20200424_212850.412122	0.5	0.5035	-2.44929359829e-16	-0.0472	0.0	0.0227	0	
20200424_212850.420286	0.5	0.5035	-2.44929359829e-16	-0.0472	0.0	0.0225	0	
20200424_212850.429399	0.5	0.5035	-2.44929359829e-16	-0.0472	0.0	0.0225	0	
20200424_212850.436976	0.5	0.5034	-2.44929359829e-16	-0.0472	0.0	0.0224	0	
20200424_212850.445025	0.5	0.5034	-2.44929359829e-16	-0.0471	0.0	0.023	0	
20200424_212850.453690	0.5	0.5035	-2.44929359829e-16	-0.0472	0.0	0.0225	0	
20200424_212850.461752	0.5	0.5035	-2.44929359829e-16	-0.0472	0.0	0.0226	0	
20200424_212850.469825	0.5	0.5035	-2.44929359829e-16	-0.0472	0.0	0.0014	0	
20200424_212850.479394	0.5	0.5035	-2.44929359829e-16	-0.0472	0.0	0.0227	0	
20200424_212850.487192	0.5	0.5035	-2.44929359829e-16	-0.0473	0.0	0.0222	0	
20200424_212850.494896	0.5	0.5035	-2.44929359829e-16	-0.0473	0.0	0.0223	0	
20200424_212850.503365	0.5	0.5035	-2.44929359829e-16	-0.0473	0.0	0.0222	0	
20200424_212850.515252	0.5	0.5035	-2.44929359829e-16	-0.0473	0.0	0.0218	0	
20200424_212850.520394	0.5	0.5035	-2.44929359829e-16	-0.0473	0.0	0.0218	0	
20200424_212850.528711	0.5	0.5035	-2.44929359829e-16	-0.0473	0.0	0.0217	0	
20200424_212850.536358	0.5	0.5035	-2.44929359829e-16	-0.0472	0.0	0.0216	0	
20200424_212850.544795	0.5	0.5035	-2.44929359829e-16	-0.0472	0.0	0.0215	0	
20200424_212850.553327	0.5	0.5035	-2.44929359829e-16	-0.0473	0.0	0.0226	0	
20200424_212850.561842	0.5	0.5036	-2.44929359829e-16	-0.0473	0.0	0.0227	0	
20200424_212850.570326	0.5	0.5035	-2.44929359829e-16	-0.0473	0.0	0.0226	0	
20200424_212850.578404	0.5	0.5035	-2.44929359829e-16	-0.0473	0.0	0.0227	0	
20200424_212850.586255	0.5	0.5035	-2.44929359829e-16	-0.0472	0.0	0.0234	0	
20200424_212850.595600	0.5	0.5035	-2.44929359829e-16	-0.0471	0.0	0.0234	0	
20200424_212850.603159	0.5	0.5035	-2.44929359829e-16	-0.0471	0.0	0.0235	0	
20200424_212850.611401	0.5	0.5035	-2.44929359829e-16	-0.0471	0.0	0.0236	0	
20200424_212850.619720	0.5	0.5035	-2.44929359829e-16	-0.0471	0.0	0.0236	0	
20200424_212850.627972	0.5	0.5035	-2.44929359829e-16	-0.0472	0.0	0.0233	0	
20200424_212850.636382	0.5	0.5035	-2.44929359829e-16	-0.0472	0.0	0.0237	0	
20200424_212850.644640	0.5	0.5035	-2.44929359829e-16	-0.0472	0.0	0.0234	0	
20200424_212850.653061	0.5	0.5036	-2.44929359829e-16	-0.0472	0.0	0.023	0	
20200424_212850.661516	0.5	0.5036	-2.44929359829e-16	-0.0472	0.0	0.0228	0	
20200424_212850.672095	0.5	0.5036	-2.44929359829e-16	-0.0472	0.0	0.0229	0	
20200424_212850.678714	0.5	0.5035	-2.44929359829e-16	-0.0472	0.0	0.023	0	
20200424_212850.686903	0.5	0.5035	-2.44929359829e-16	-0.0472	0.0	0.0225	0	
20200424_212850.694751	0.5	0.5035	-2.44929359829e-16	-0.0472	0.0	0.0229	0	
20200424_212850.703686	0.5	0.5035	-2.44929359829e-16	-0.0472	0.0	0.0228	0	
20200424_212850.712212	0.5	0.5036	-2.44929359829e-16	-0.0473	0.0	0.0229	0	
20200424_212850.720183	0.5	0.5036	-2.44929359829e-16	-0.0473	0.0	0.0229	0	
20200424_212850.728309	0.5	0.5036	-2.44929359829e-16	-0.0473	0.0	0.0227	0	
20200424_212850.737191	0.5	0.5036	-2.44929359829e-16	-0.0473	0.0	0.0228	0	
20200424_212850.745068	0.5	0.5035	-2.44929359829e-16	-0.0473	0.0	0.0227	0	
20200424_212850.753770	0.5	0.5035	-2.44929359829e-16	-0.0472	0.0	0.0227	0	
20200424_212850.761525	0.5	0.5035	-2.44929359829e-16	-0.0472	0.0	0.0228	0	
20200424_212850.770721	0.5	0.5035	-2.44929359829e-16	-0.0472	0.0	0.0229	0	
20200424_212850.779053	0.5	0.5035	-2.44929359829e-16	-0.0472	0.0	0.0224	0	
20200424_212850.786656	0.5	0.5036	-2.44929359829e-16	-0.0472	0.0	0.0227	0	
20200424_212850.795253	0.5	0.5036	-2.44929359829e-16	-0.0473	0.0	0.0227	0	
20200424_212850.803889	0.5	0.5036	-2.44929359829e-16	-0.0473	0.0	0.0227	0	
20200424_212850.812027	0.5	0.5036	-2.44929359829e-16	-0.0473	0.0	0.022	0	
20200424_212850.820505	0.5	0.5035	-2.44929359829e-16	-0.0473	0.0	0.0225	0	
20200424_212850.828996	0.5	0.5035	-2.44929359829e-16	-0.0473	0.0	0.022	0	
20200424_212850.836859	0.5	0.5035	-2.44929359829e-16	-0.0473	0.0	0.0214	0	
20200424_212850.845222	0.5	0.5035	-2.44929359829e-16	-0.0473	0.0	0.0217	0	
20200424_212850.853978	0.5	0.5035	-2.44929359829e-16	-0.0472	0.0	0.0216	0	
20200424_212850.862310	0.5	0.5035	-2.44929359829e-16	-0.0473	0.0	0.0214	0	
20200424_212850.870645	0.5	0.5035	-2.44929359829e-16	-0.0473	0.0	0.0214	0	
20200424_212850.878779	0.5	0.5035	-2.44929359829e-16	-0.0473	0.0	0.0224	0	
20200424_212850.887510	0.5	0.5035	-2.44929359829e-16	-0.0472	0.0	0.0226	0	
20200424_212850.895840	0.5	0.5035	-2.44929359829e-16	-0.0472	0.0	0.0224	0	
20200424_212850.903335	0.5	0.5035	-2.44929359829e-16	-0.0472	0.0	0.0224	0	
20200424_212850.911415	0.5	0.5035	-2.44929359829e-16	-0.0471	0.0	0.0234	0	
20200424_212850.920034	0.5	0.5035	-2.44929359829e-16	-0.0471	0.0	0.0233	0	
20200424_212850.928847	0.5	0.5035	-2.44929359829e-16	-0.0471	0.0	0.0235	0	
20200424_212850.936809	0.5	0.5035	-2.44929359829e-16	-0.0471	0.0	0.0234	0	
20200424_212850.944931	0.5	0.5035	-2.44929359829e-16	-0.0472	0.0	0.0233	0	
20200424_212850.953508	0.5	0.5035	-2.44929359829e-16	-0.0472	0.0	0.0234	0	
20200424_212850.962264	0.5	0.5035	-2.44929359829e-16	-0.0472	0.0	0.0236	0	
20200424_212850.970377	0.5	0.5035	-2.44929359829e-16	-0.0472	0.0	0.023	0	
20200424_212850.978985	0.5	0.5035	-2.44929359829e-16	-0.0472	0.0	0.0228	0	
20200424_212850.986979	0.5	0.5035	-2.44929359829e-16	-0.0472	0.0	0.0228	0	
20200424_212850.995284	0.5	0.5035	-2.44929359829e-16	-0.0472	0.0	0.023	0	
20200424_212851.003786	0.5	0.5035	-2.44929359829e-16	-0.0472	0.0	0.0228	0	
20200424_212851.017105	0.5	0.5035	-2.44929359829e-16	-0.0472	0.0	0.0227	0	
20200424_212851.020065	0.5	0.5035	-2.44929359829e-16	-0.0472	0.0	0.0224	0	
20200424_212851.029144	0.5	0.5035	-2.44929359829e-16	-0.0472	0.0	0.0223	0	
20200424_212851.037101	0.5	0.5035	-2.44929359829e-16	-0.0473	0.0	0.0226	0	
20200424_212851.045598	0.5	0.5035	-2.44929359829e-16	-0.0473	0.0	0.0225	0	
20200424_212851.053534	0.5	0.5035	-2.44929359829e-16	-0.0472	0.0	0.0227	0	
20200424_212851.061902	0.5	0.5035	-2.44929359829e-16	-0.0472	0.0	0.0225	0	
20200424_212851.070171	0.5	0.5035	-2.44929359829e-16	-0.0473	0.0	0.0227	0	
20200424_212851.078892	0.5	0.5034	-2.44929359829e-16	-0.0472	0.0	0.0225	0	
20200424_212851.086969	0.5	0.5035	-2.44929359829e-16	-0.0472	0.0	0.0229	0	
20200424_212851.095047	0.5	0.5035	-2.44929359829e-16	-0.0472	0.0	0.0228	0	
20200424_212851.104106	0.5	0.5035	-2.44929359829e-16	-0.0472	0.0	0.0226	0	
20200424_212851.112312	0.5	0.5036	-2.44929359829e-16	-0.0472	0.0	0.0229	0	
20200424_212851.120292	0.5	0.5036	-2.44929359829e-16	-0.0472	0.0	0.0228	0	
20200424_212851.129153	0.5	0.5036	-2.44929359829e-16	-0.0472	0.0	0.0224	0	
20200424_212851.136495	0.5	0.5035	-2.44929359829e-16	-0.0472	0.0	0.0217	0	
20200424_212851.145158	0.5	0.5035	-2.44929359829e-16	-0.0472	0.0	0.0223	0	
20200424_212851.154000	0.5	0.5035	-2.44929359829e-16	-0.0473	0.0	0.0214	0	
20200424_212851.161948	0.5	0.5035	-2.44929359829e-16	-0.0473	0.0	0.0215	0	
20200424_212851.170431	0.5	0.5035	-2.44929359829e-16	-0.0473	0.0	0.0214	0	
20200424_212851.179290	0.5	0.5035	-2.44929359829e-16	-0.0473	0.0	0.0214	0	
20200424_212851.186852	0.5	0.5035	-2.44929359829e-16	-0.0473	0.0	0.0212	0	
20200424_212851.195377	0.5	0.5035	-2.44929359829e-16	-0.0473	0.0	0.0221	0	
20200424_212851.208167	0.5	0.5034	-2.44929359829e-16	-0.0472	0.0	0.0224	0	
20200424_212851.212181	0.5	0.5035	-2.44929359829e-16	-0.0472	0.0	0.0225	0	
20200424_212851.220403	0.5	0.5035	-2.44929359829e-16	-0.0472	0.0	0.0223	0	
20200424_212851.229068	0.5	0.5035	-2.44929359829e-16	-0.0471	0.0	0.0233	0	
20200424_212851.237231	0.5	0.5035	-2.44929359829e-16	-0.0471	0.0	0.0238	0	
20200424_212851.245229	0.5	0.5035	-2.44929359829e-16	-0.0471	0.0	0.0236	0	
20200424_212851.253584	0.5	0.5035	-2.44929359829e-16	-0.0472	0.0	0.0234	0	
20200424_212851.262289	0.5	0.5035	-2.44929359829e-16	-0.0472	0.0	0.0237	0	
20200424_212851.270312	0.5	0.5035	-2.44929359829e-16	-0.0472	0.0	0.0234	0	
20200424_212851.278691	0.5	0.5035	-2.44929359829e-16	-0.0472	0.0	0.0238	0	
20200424_212851.286892	0.5	0.5035	-2.44929359829e-16	-0.0472	0.0	0.0236	0	
20200424_212851.294970	0.5	0.5035	-2.44929359829e-16	-0.0472	0.0	0.0231	0	
20200424_212851.303416	0.5	0.5035	-2.44929359829e-16	-0.0472	0.0	0.0231	0	
20200424_212851.312238	0.5	0.5035	-2.44929359829e-16	-0.0472	0.0	0.0228	0	
20200424_212851.320191	0.5	0.5035	-2.44929359829e-16	-0.0472	0.0	0.0228	0	
20200424_212851.328695	0.5	0.5034	-2.44929359829e-16	-0.0472	0.0	0.0225	0	
20200424_212851.336873	0.5	0.5035	-2.44929359829e-16	-0.0472	0.0	0.0226	0	
20200424_212851.345768	0.5	0.5035	-2.44929359829e-16	-0.0472	0.0	0.0225	0	
20200424_212851.353580	0.5	0.5035	-2.44929359829e-16	-0.0472	0.0	0.0226	0	
20200424_212851.361853	0.5	0.5035	-2.44929359829e-16	-0.0472	0.0	0.0225	0	
20200424_212851.370283	0.5	0.5035	-2.44929359829e-16	-0.0472	0.0	0.0226	0	
20200424_212851.378990	0.5	0.5035	-2.44929359829e-16	-0.0473	0.0	0.0226	0	
20200424_212851.387103	0.5	0.5035	-2.44929359829e-16	-0.0472	0.0	0.0229	0	
20200424_212851.395273	0.5	0.5035	-2.44929359829e-16	-0.0472	0.0	0.0228	0	
20200424_212851.403443	0.5	0.5035	-2.44929359829e-16	-0.0472	0.0	0.0229	0	
20200424_212851.412451	0.5	0.5035	-2.44929359829e-16	-0.0472	0.0	0.0231	0	
20200424_212851.420142	0.5	0.5035	-2.44929359829e-16	-0.0472	0.0	0.0226	0	
20200424_212851.428392	0.5	0.5035	-2.44929359829e-16	-0.0472	0.0	0.0227	0	
20200424_212851.438600	0.5	0.5035	-2.44929359829e-16	-0.0472	0.0	0.0229	0	
20200424_212851.445470	0.5	0.5035	-2.44929359829e-16	-0.0472	0.0	0.0229	0	
20200424_212851.455143	0.5	0.5035	-2.44929359829e-16	-0.0473	0.0	0.022	0	
20200424_212851.462279	0.5	0.5035	-2.44929359829e-16	-0.0473	0.0	0.0223	0	
20200424_212851.471316	0.5	0.5035	-2.44929359829e-16	-0.0473	0.0	0.022	0	
20200424_212851.478383	0.5	0.5035	-2.44929359829e-16	-0.0473	0.0	0.0216	0	
20200424_212851.487230	0.5	0.5035	-2.44929359829e-16	-0.0473	0.0	0.0216	0	
20200424_212851.495613	0.5	0.5035	-2.44929359829e-16	-0.0473	0.0	0.0217	0	
20200424_212851.503730	0.5	0.5035	-2.44929359829e-16	-0.0473	0.0	0.0213	0	
20200424_212851.517323	0.5	0.5035	-2.44929359829e-16	-0.0473	0.0	0.0216	0	
20200424_212851.520248	0.5	0.5035	-2.44929359829e-16	-0.0473	0.0	0.0225	0	
20200424_212851.528622	0.5	0.5035	-2.44929359829e-16	-0.0473	0.0	0.0226	0	
20200424_212851.536855	0.5	0.5034	-2.44929359829e-16	-0.0472	0.0	0.0224	0	
20200424_212851.545688	0.5	0.5034	-2.44929359829e-16	-0.0472	0.0	0.0229	0	
20200424_212851.553332	0.5	0.5035	-2.44929359829e-16	-0.0472	0.0	0.0235	0	
20200424_212851.561997	0.5	0.5035	-2.44929359829e-16	-0.0472	0.0	0.0239	0	
20200424_212851.569726	0.5	0.5035	-2.44929359829e-16	-0.0472	0.0	0.0237	0	
20200424_212851.578234	0.5	0.5035	-2.44929359829e-16	-0.0472	0.0	0.0237	0	
20200424_212851.586013	0.5	0.5035	-2.44929359829e-16	-0.0472	0.0	0.0234	0	
20200424_212851.594526	0.5	0.5035	-2.44929359829e-16	-0.0471	0.0	0.0235	0	
20200424_212851.603129	0.5	0.5035	-2.44929359829e-16	-0.0471	0.0	0.0239	0	
20200424_212851.611386	0.5	0.5035	-2.44929359829e-16	-0.0472	0.0	0.0232	0	
20200424_212851.619310	0.5	0.5035	-2.44929359829e-16	-0.0472	0.0	0.0228	0	
20200424_212851.629883	0.5	0.5035	-2.44929359829e-16	-0.0472	0.0	0.0229	0	
20200424_212851.636463	0.5	0.5035	-2.44929359829e-16	-0.0472	0.0	0.0228	0	
20200424_212851.645038	0.5	0.5034	-2.44929359829e-16	-0.0472	0.0	0.023	0	
20200424_212851.653405	0.5	0.5035	-2.44929359829e-16	-0.0472	0.0	0.0224	0	
20200424_212851.661398	0.5	0.5034	-2.44929359829e-16	-0.0473	0.0	0.0224	0	
20200424_212851.670369	0.5	0.5035	-2.44929359829e-16	-0.0473	0.0	0.0224	0	
20200424_212851.681924	0.5	0.5035	-2.44929359829e-16	-0.0473	0.0	0.0225	0	
20200424_212851.686962	0.5	0.5034	-2.44929359829e-16	-0.0472	0.0	0.0223	0	
20200424_212851.694825	0.5	0.5035	-2.44929359829e-16	-0.0472	0.0	0.0224	0	
20200424_212851.702769	0.5	0.5035	-2.44929359829e-16	-0.0472	0.0	0.0227	0	
20200424_212851.711423	0.5	0.5035	-2.44929359829e-16	-0.0472	0.0	0.0227	0	
20200424_212851.719815	0.5	0.5034	-2.44929359829e-16	-0.0472	0.0	0.0223	0	
20200424_212851.728762	0.5	0.5034	-2.44929359829e-16	-0.0472	0.0	0.0228	0	
20200424_212851.736706	0.5	0.5034	-2.44929359829e-16	-0.0472	0.0	0.0222	0	
20200424_212851.744632	0.5	0.5035	-2.44929359829e-16	-0.0472	0.0	0.0223	0	
20200424_212851.753583	0.5	0.5035	-2.44929359829e-16	-0.0472	0.0	0.0225	0	
20200424_212851.761533	0.5	0.5035	-2.44929359829e-16	-0.0472	0.0	0.0227	0	
20200424_212851.770179	0.5	0.5035	-2.44929359829e-16	-0.0472	0.0	0.0222	0	
20200424_212851.778647	0.5	0.5034	-2.44929359829e-16	-0.0472	0.0	0.0218	0	
20200424_212851.787200	0.5	0.5034	-2.44929359829e-16	-0.0473	0.0	0.0223	0	
20200424_212851.795097	0.5	0.5035	-2.44929359829e-16	-0.0473	0.0	0.0216	0	
20200424_212851.803769	0.5	0.5034	-2.44929359829e-16	-0.0473	0.0	0.0217	0	
20200424_212851.812166	0.5	0.5034	-2.44929359829e-16	-0.0473	0.0	0.0213	0	
20200424_212851.820405	0.5	0.5035	-2.44929359829e-16	-0.0473	0.0	0.0216	0	
20200424_212851.828662	0.5	0.5035	-2.44929359829e-16	-0.0473	0.0	0.0214	0	
20200424_212851.836927	0.5	0.5035	-2.44929359829e-16	-0.0472	0.0	0.0224	0	
20200424_212851.845263	0.5	0.5034	-2.44929359829e-16	-0.0472	0.0	0.0224	0	
20200424_212851.853740	0.5	0.5035	-2.44929359829e-16	-0.0472	0.0	0.0227	0	
20200424_212851.861692	0.5	0.5035	-2.44929359829e-16	-0.0472	0.0	0.0226	0	
20200424_212851.869947	0.5	0.5034	-2.44929359829e-16	-0.0472	0.0	0.0234	0	
20200424_212851.879858	0.5	0.5034	-2.44929359829e-16	-0.0471	0.0	0.0234	0	
20200424_212851.886212	0.5	0.5035	-2.44929359829e-16	-0.0471	0.0	0.0235	0	
20200424_212851.895184	0.5	0.5035	-2.44929359829e-16	-0.0471	0.0	0.0233	0	
20200424_212851.903753	0.5	0.5035	-2.44929359829e-16	-0.0471	0.0	0.0233	0	
20200424_212851.912347	0.5	0.5035	-2.44929359829e-16	-0.0471	0.0	0.0233	0	
20200424_212851.920030	0.5	0.5035	-2.44929359829e-16	-0.0471	0.0	0.0234	0	
20200424_212851.928877	0.5	0.5035	-2.44929359829e-16	-0.0472	0.0	0.0232	0	
20200424_212851.936874	0.5	0.5035	-2.44929359829e-16	-0.0472	0.0	0.0227	0	
20200424_212851.944973	0.5	0.5035	-2.44929359829e-16	-0.0472	0.0	0.0226	0	
20200424_212851.953526	0.5	0.5035	-2.44929359829e-16	-0.0472	0.0	0.0225	0	
20200424_212851.961506	0.5	0.5035	-2.44929359829e-16	-0.0471	0.0	0.0226	0	
20200424_212851.970286	0.5	0.5035	-2.44929359829e-16	-0.0472	0.0	0.0225	0	
20200424_212851.978816	0.5	0.5035	-2.44929359829e-16	-0.0472	0.0	0.0225	0	
20200424_212851.986984	0.5	0.5035	-2.44929359829e-16	-0.0472	0.0	0.0222	0	
20200424_212851.996757	0.5	0.5035	-2.44929359829e-16	-0.0472	0.0	0.0224	0	
20200424_212852.003803	0.5	0.5035	-2.44929359829e-16	-0.0472	0.0	0.0222	0	
20200424_212852.011966	0.5	0.5035	-2.44929359829e-16	-0.0472	0.0	0.0224	0	
20200424_212852.020175	0.5	0.5035	-2.44929359829e-16	-0.0472	0.0	0.0223	0	
20200424_212852.028535	0.5	0.5035	-2.44929359829e-16	-0.0472	0.0	0.0224	0	
20200424_212852.038570	0.5	0.5035	-2.44929359829e-16	-0.0472	0.0	0.0224	0	
20200424_212852.044995	0.5	0.5034	-2.44929359829e-16	-0.0472	0.0	0.0229	0	
20200424_212852.053543	0.5	0.5034	-2.44929359829e-16	-0.0472	0.0	0.0228	0	
20200424_212852.062233	0.5	0.5035	-2.44929359829e-16	-0.0472	0.0	0.0225	0	
20200424_212852.069520	0.5	0.5035	-2.44929359829e-16	-0.0472	0.0	0.0224	0	
20200424_212852.077931	0.5	0.5035	-2.44929359829e-16	-0.0472	0.0	0.0225	0	
20200424_212852.086272	0.5	0.5035	-2.44929359829e-16	-0.0472	0.0	0.0227	0	
20200424_212852.095104	0.5	0.5035	-2.44929359829e-16	-0.0472	0.0	0.0216	0	
20200424_212852.103412	0.5	0.5035	-2.44929359829e-16	-0.0472	0.0	0.0227	0	
20200424_212852.112162	0.5	0.5035	-2.44929359829e-16	-0.0473	0.0	0.0219	0	
20200424_212852.120049	0.5	0.5035	-2.44929359829e-16	-0.0473	0.0	0.0215	0	
20200424_212852.128349	0.5	0.5035	-2.44929359829e-16	-0.0473	0.0	0.0217	0	
20200424_212852.138072	0.5	0.5035	-2.44929359829e-16	-0.0473	0.0	0.0216	0	
20200424_212852.145479	0.5	0.5035	-2.44929359829e-16	-0.0473	0.0	0.0209	0	
20200424_212852.153446	0.5	0.5035	-2.44929359829e-16	-0.0473	0.0	0.0218	0	
20200424_212852.161649	0.5	0.5035	-2.44929359829e-16	-0.0472	0.0	0.0223	0	
20200424_212852.170543	0.5	0.5034	-2.44929359829e-16	-0.0472	0.0	0.0227	0	
20200424_212852.178472	0.5	0.5035	-2.44929359829e-16	-0.0472	0.0	0.0225	0	
20200424_212852.186962	0.5	0.5035	-2.44929359829e-16	-0.0472	0.0	0.0229	0	
20200424_212852.195350	0.5	0.5035	-2.44929359829e-16	-0.0471	0.0	0.0234	0	
20200424_212852.203850	0.5	0.5035	-2.44929359829e-16	-0.0471	0.0	0.0237	0	
20200424_212852.212630	0.5	0.5035	-2.44929359829e-16	-0.0471	0.0	0.0235	0	
20200424_212852.220084	0.5	0.5035	-2.44929359829e-16	-0.0471	0.0	0.0233	0	
20200424_212852.228778	0.5	0.5035	-2.44929359829e-16	-0.0471	0.0	0.0234	0	
20200424_212852.237100	0.5	0.5034	-2.44929359829e-16	-0.0471	0.0	0.0233	0	
20200424_212852.245527	0.5	0.5035	-2.44929359829e-16	-0.0472	0.0	0.0235	0	
20200424_212852.253513	0.5	0.5035	-2.44929359829e-16	-0.0472	0.0	0.0229	0	
20200424_212852.262172	0.5	0.5035	-2.44929359829e-16	-0.0472	0.0	0.0227	0	
20200424_212852.270646	0.5	0.5035	-2.44929359829e-16	-0.0472	0.0	0.0228	0	
20200424_212852.278569	0.5	0.5035	-2.44929359829e-16	-0.0472	0.0	0.0227	0	
20200424_212852.291451	0.5	0.5034	-2.44929359829e-16	-0.0472	0.0	0.0227	0	
20200424_212852.295414	0.5	0.5034	-2.44929359829e-16	-0.0472	0.0	0.0225	0	
20200424_212852.303221	0.5	0.5034	-2.44929359829e-16	-0.0472	0.0	0.0222	0	
20200424_212852.311645	0.5	0.5035	-2.44929359829e-16	-0.0472	0.0	0.0224	0	
20200424_212852.320399	0.5	0.5035	-2.44929359829e-16	-0.0473	0.0	0.0226	0	
20200424_212852.328680	0.5	0.5034	-2.44929359829e-16	-0.0473	0.0	0.0226	0	
20200424_212852.336287	0.5	0.5035	-2.44929359829e-16	-0.0472	0.0	0.0223	0	
20200424_212852.345143	0.5	0.5035	-2.44929359829e-16	-0.0472	0.0	0.0225	0	
20200424_212852.353658	0.5	0.5035	-2.44929359829e-16	-0.0472	0.0	0.0225	0	
20200424_212852.361707	0.5	0.5034	-2.44929359829e-16	-0.0472	0.0	0.0224	0	
20200424_212852.370627	0.5	0.5034	-2.44929359829e-16	-0.0472	0.0	0.0225	0	
20200424_212852.378661	0.5	0.5034	-2.44929359829e-16	-0.0472	0.0	0.0222	0	
20200424_212852.387421	0.5	0.5034	-2.44929359829e-16	-0.0472	0.0	0.0223	0	
20200424_212852.395314	0.5	0.5035	-2.44929359829e-16	-0.0472	0.0	0.0224	0	
20200424_212852.403683	0.5	0.5035	-2.44929359829e-16	-0.0472	0.0	0.0224	0	
20200424_212852.411802	0.5	0.5035	-2.44929359829e-16	-0.0473	0.0	0.0215	0	
20200424_212852.420289	0.5	0.5035	-2.44929359829e-16	-0.0473	0.0	0.0219	0	
20200424_212852.428889	0.5	0.5035	-2.44929359829e-16	-0.0473	0.0	0.0216	0	
20200424_212852.436752	0.5	0.5034	-2.44929359829e-16	-0.0473	0.0	0.0213	0	
20200424_212852.445203	0.5	0.5034	-2.44929359829e-16	-0.0472	0.0	0.0213	0	
20200424_212852.452692	0.5	0.5034	-2.44929359829e-16	-0.0472	0.0	0.0213	0	
20200424_212852.461319	0.5	0.5035	-2.44929359829e-16	-0.0473	0.0	0.021	0	
20200424_212852.469920	0.5	0.5035	-2.44929359829e-16	-0.0473	0.0	0.0212	0	
20200424_212852.478217	0.5	0.5035	-2.44929359829e-16	-0.0473	0.0	0.0222	0	
20200424_212852.486563	0.5	0.5035	-2.44929359829e-16	-0.0473	0.0	0.0222	0	
20200424_212852.495358	0.5	0.5035	-2.44929359829e-16	-0.0473	0.0	0.0222	0	
20200424_212852.504241	0.5	0.5035	-2.44929359829e-16	-0.0472	0.0	0.0223	0	
20200424_212852.511477	0.5	0.5035	-2.44929359829e-16	-0.0471	0.0	0.023	0	
20200424_212852.520468	0.5	0.5035	-2.44929359829e-16	-0.0471	0.0	0.0234	0	
20200424_212852.528255	0.5	0.5034	-2.44929359829e-16	-0.0471	0.0	0.0234	0	
20200424_212852.536748	0.5	0.5034	-2.44929359829e-16	-0.0471	0.0	0.0233	0	
20200424_212852.545445	0.5	0.5035	-2.44929359829e-16	-0.0471	0.0	0.0233	0	
20200424_212852.553294	0.5	0.5034	-2.44929359829e-16	-0.0471	0.0	0.0233	0	
20200424_212852.562295	0.5	0.5035	-2.44929359829e-16	-0.0471	0.0	0.0236	0	
20200424_212852.570027	0.5	0.5035	-2.44929359829e-16	-0.0472	0.0	0.0229	0	
20200424_212852.577918	0.5	0.5035	-2.44929359829e-16	-0.0472	0.0	0.0226	0	
20200424_212852.586216	0.5	0.5035	-2.44929359829e-16	-0.0472	0.0	0.0222	0	
20200424_212852.594523	0.5	0.5035	-2.44929359829e-16	-0.0472	0.0	0.0224	0	
20200424_212852.602974	0.5	0.5034	-2.44929359829e-16	-0.0471	0.0	0.0226	0	
20200424_212852.611251	0.5	0.5034	-2.44929359829e-16	-0.0472	0.0	0.0224	0	
20200424_212852.619401	0.5	0.5034	-2.44929359829e-16	-0.0471	0.0	0.0221	0	
20200424_212852.627957	0.5	0.5034	-2.44929359829e-16	-0.0472	0.0	0.0222	0	
20200424_212852.636566	0.5	0.5035	-2.44929359829e-16	-0.0472	0.0	0.0222	0	
20200424_212852.646655	0.5	0.5035	-2.44929359829e-16	-0.0473	0.0	0.0224	0	
20200424_212852.652986	0.5	0.5035	-2.44929359829e-16	-0.0472	0.0	0.0224	0	
20200424_212852.661585	0.5	0.5035	-2.44929359829e-16	-0.0472	0.0	0.0223	0	
20200424_212852.669902	0.5	0.5035	-2.44929359829e-16	-0.0472	0.0	0.0224	0	
20200424_212852.678779	0.5	0.5034	-2.44929359829e-16	-0.0472	0.0	0.0225	0	
20200424_212852.687181	0.5	0.5034	-2.44929359829e-16	-0.0472	0.0	0.023	0	
20200424_212852.695696	0.5	0.5034	-2.44929359829e-16	-0.0472	0.0	0.0226	0	
20200424_212852.703639	0.5	0.5034	-2.44929359829e-16	-0.0472	0.0	0.0221	0	
20200424_212852.712260	0.5	0.5035	-2.44929359829e-16	-0.0472	0.0	0.0224	0	
20200424_212852.720259	0.5	0.5035	-2.44929359829e-16	-0.0472	0.0	0.0227	0	
20200424_212852.728140	0.5	0.5035	-2.44929359829e-16	-0.0472	0.0	0.0223	0	
20200424_212852.737339	0.5	0.5035	-2.44929359829e-16	-0.0472	0.0	0.022	0	
20200424_212852.745236	0.5	0.5034	-2.44929359829e-16	-0.0472	0.0	0.0225	0	
20200424_212852.753821	0.5	0.5035	-2.44929359829e-16	-0.0473	0.0	0.0214	0	
20200424_212852.761700	0.5	0.5035	-2.44929359829e-16	-0.0472	0.0	0.0218	0	
20200424_212852.771511	0.5	0.5035	-2.44929359829e-16	-0.0472	0.0	0.0215	0	
20200424_212852.778663	0.5	0.5035	-2.44929359829e-16	-0.0472	0.0	0.0215	0	
20200424_212852.787027	0.5	0.5035	-2.44929359829e-16	-0.0473	0.0	0.0209	0	
20200424_212852.795050	0.5	0.5035	-2.44929359829e-16	-0.0473	0.0	0.0219	0	
20200424_212852.803604	0.5	0.5035	-2.44929359829e-16	-0.0473	0.0	0.0223	0	
20200424_212852.811890	0.5	0.5035	-2.44929359829e-16	-0.0473	0.0	0.0223	0	
20200424_212852.820490	0.5	0.5035	-2.44929359829e-16	-0.0473	0.0	0.022	0	
20200424_212852.828463	0.5	0.5035	-2.44929359829e-16	-0.0472	0.0	0.023	0	
20200424_212852.836868	0.5	0.5035	-2.44929359829e-16	-0.0471	0.0	0.0232	0	
20200424_212852.845900	0.5	0.5035	-2.44929359829e-16	-0.0471	0.0	0.0232	0	
20200424_212852.853735	0.5	0.5035	-2.44929359829e-16	-0.0472	0.0	0.0233	0	
20200424_212852.861938	0.5	0.5035	-2.44929359829e-16	-0.0472	0.0	0.0232	0	
20200424_212852.870354	0.5	0.5035	-2.44929359829e-16	-0.0472	0.0	0.0233	0	
20200424_212852.878712	0.5	0.5034	-2.44929359829e-16	-0.0472	0.0	0.0233	0	
20200424_212852.886889	0.5	0.5035	-2.44929359829e-16	-0.0472	0.0	0.0232	0	
20200424_212852.895275	0.5	0.5035	-2.44929359829e-16	-0.0472	0.0	0.0226	0	
20200424_212852.903100	0.5	0.5035	-2.44929359829e-16	-0.0472	0.0	0.0226	0	
20200424_212852.912236	0.5	0.5035	-2.44929359829e-16	-0.0472	0.0	0.0226	0	
20200424_212852.920139	0.5	0.5035	-2.44929359829e-16	-0.0472	0.0	0.0227	0	
20200424_212852.928896	0.5	0.5034	-2.44929359829e-16	-0.0472	0.0	0.0222	0	
20200424_212852.936663	0.5	0.5034	-2.44929359829e-16	-0.0472	0.0	0.0221	0	
20200424_212852.945013	0.5	0.5035	-2.44929359829e-16	-0.0472	0.0	0.0221	0	
20200424_212852.953513	0.5	0.5035	-2.44929359829e-16	-0.0472	0.0	0.0222	0	
20200424_212852.962102	0.5	0.5035	-2.44929359829e-16	-0.0472	0.0	0.0223	0	
20200424_212852.970410	0.5	0.5035	-2.44929359829e-16	-0.0472	0.0	0.0221	0	
20200424_212852.979063	0.5	0.5035	-2.44929359829e-16	-0.0472	0.0	0.0221	0	
20200424_212852.986619	0.5	0.5035	-2.44929359829e-16	-0.0472	0.0	0.0222	0	
20200424_212852.995265	0.5	0.5034	-2.44929359829e-16	-0.0472	0.0	0.0223	0	
20200424_212853.003957	0.5	0.5034	-2.44929359829e-16	-0.0472	0.0	0.0223	0	
20200424_212853.011785	0.5	0.5034	-2.44929359829e-16	-0.0472	0.0	0.0226	0	
20200424_212853.020090	0.5	0.5034	-2.44929359829e-16	-0.0472	0.0	0.0219	0	
20200424_212853.028769	0.5	0.5035	-2.44929359829e-16	-0.0472	0.0	0.0222	0	
20200424_212853.038378	0.5	0.5035	-2.44929359829e-16	-0.0472	0.0	0.0223	0	
20200424_212853.045473	0.5	0.5035	-2.44929359829e-16	-0.0472	0.0	0.0014	0	
20200424_212853.053491	0.5	0.5035	-2.44929359829e-16	-0.0472	0.0	0.0217	0	
20200424_212853.061569	0.5	0.5035	-2.44929359829e-16	-0.0473	0.0	0.0218	0	
20200424_212853.070277	0.5	0.5034	-2.44929359829e-16	-0.0472	0.0	0.0219	0	
20200424_212853.078548	0.5	0.5034	-2.44929359829e-16	-0.0472	0.0	0.0214	0	
20200424_212853.086832	0.5	0.5035	-2.44929359829e-16	-0.0473	0.0	0.0216	0	
20200424_212853.095571	0.5	0.5035	-2.44929359829e-16	-0.0473	0.0	0.0216	0	
20200424_212853.103808	0.5	0.5034	-2.44929359829e-16	-0.0473	0.0	0.0213	0	
20200424_212853.111973	0.5	0.5034	-2.44929359829e-16	-0.0473	0.0	0.0214	0	
20200424_212853.119910	0.5	0.5034	-2.44929359829e-16	-0.0472	0.0	0.0224	0	
20200424_212853.129127	0.5	0.5034	-2.44929359829e-16	-0.0472	0.0	0.0224	0	
20200424_212853.137293	0.5	0.5035	-2.44929359829e-16	-0.0472	0.0	0.0225	0	
20200424_212853.145190	0.5	0.5035	-2.44929359829e-16	-0.0472	0.0	0.0224	0	
20200424_212853.153736	0.5	0.5035	-2.44929359829e-16	-0.0471	0.0	0.0233	0	
20200424_212853.161835	0.5	0.5035	-2.44929359829e-16	-0.0471	0.0	0.0235	0	
20200424_212853.170431	0.5	0.5035	-2.44929359829e-16	-0.0471	0.0	0.0234	0	
20200424_212853.179167	0.5	0.5035	-2.44929359829e-16	-0.0471	0.0	0.0233	0	
20200424_212853.186630	0.5	0.5035	-2.44929359829e-16	-0.0471	0.0	0.0233	0	
20200424_212853.195667	0.5	0.5034	-2.44929359829e-16	-0.0471	0.0	0.0231	0	
20200424_212853.203504	0.5	0.5034	-2.44929359829e-16	-0.0472	0.0	0.0234	0	
20200424_212853.212001	0.5	0.5035	-2.44929359829e-16	-0.0472	0.0	0.0228	0	
20200424_212853.220628	0.5	0.5035	-2.44929359829e-16	-0.0472	0.0	0.0225	0	
20200424_212853.228606	0.5	0.5035	-2.44929359829e-16	-0.0472	0.0	0.0224	0	
20200424_212853.237651	0.5	0.5035	-2.44929359829e-16	-0.0472	0.0	0.0224	0	
20200424_212853.245215	0.5	0.5034	-2.44929359829e-16	-0.0471	0.0	0.0224	0	
20200424_212853.253372	0.5	0.5034	-2.44929359829e-16	-0.0472	0.0	0.0222	0	
20200424_212853.261986	0.5	0.5034	-2.44929359829e-16	-0.0472	0.0	0.0223	0	
20200424_212853.270402	0.5	0.5034	-2.44929359829e-16	-0.0472	0.0	0.0221	0	
20200424_212853.278700	0.5	0.5035	-2.44929359829e-16	-0.0472	0.0	0.0223	0	
20200424_212853.292759	0.5	0.5035	-2.44929359829e-16	-0.0472	0.0	0.0224	0	
20200424_212853.295216	0.5	0.5035	-2.44929359829e-16	-0.0472	0.0	0.0222	0	
20200424_212853.304007	0.5	0.5035	-2.44929359829e-16	-0.0472	0.0	0.0222	0	
20200424_212853.312299	0.5	0.5035	-2.44929359829e-16	-0.0472	0.0	0.0221	0	
20200424_212853.320318	0.5	0.5034	-2.44929359829e-16	-0.0472	0.0	0.0221	0	
20200424_212853.329011	0.5	0.5034	-2.44929359829e-16	-0.0472	0.0	0.0224	0	
20200424_212853.337458	0.5	0.5034	-2.44929359829e-16	-0.0472	0.0	0.022	0	
20200424_212853.344950	0.5	0.5034	-2.44929359829e-16	-0.0472	0.0	0.0223	0	
20200424_212853.353810	0.5	0.5035	-2.44929359829e-16	-0.0472	0.0	0.0224	0	
20200424_212853.361968	0.5	0.5035	-2.44929359829e-16	-0.0472	0.0	0.0226	0	
20200424_212853.370323	0.5	0.5035	-2.44929359829e-16	-0.0472	0.0	0.0225	0	
20200424_212853.378407	0.5	0.5035	-2.44929359829e-16	-0.0472	0.0	0.0218	0	
20200424_212853.386586	0.5	0.5035	-2.44929359829e-16	-0.0472	0.0	0.0222	0	
20200424_212853.395577	0.5	0.5035	-2.44929359829e-16	-0.0473	0.0	0.0213	0	
20200424_212853.403854	0.5	0.5034	-2.44929359829e-16	-0.0473	0.0	0.0213	0	
20200424_212853.412028	0.5	0.5034	-2.44929359829e-16	-0.0473	0.0	0.0211	0	
20200424_212853.420763	0.5	0.5034	-2.44929359829e-16	-0.0472	0.0	0.0215	0	
20200424_212853.428833	0.5	0.5034	-2.44929359829e-16	-0.0473	0.0	0.021	0	
20200424_212853.437190	0.5	0.5034	-2.44929359829e-16	-0.0473	0.0	0.0219	0	
20200424_212853.445449	0.5	0.5034	-2.44929359829e-16	-0.0472	0.0	0.0224	0	
20200424_212853.453423	0.5	0.5034	-2.44929359829e-16	-0.0472	0.0	0.0223	0	
20200424_212853.461880	0.5	0.5035	-2.44929359829e-16	-0.0472	0.0	0.0225	0	
20200424_212853.470318	0.5	0.5034	-2.44929359829e-16	-0.0472	0.0	0.0224	0	
20200424_212853.478843	0.5	0.5034	-2.44929359829e-16	-0.0471	0.0	0.0233	0	
20200424_212853.487394	0.5	0.5034	-2.44929359829e-16	-0.0471	0.0	0.0233	0	
20200424_212853.495508	0.5	0.5034	-2.44929359829e-16	-0.0471	0.0	0.0232	0	
20200424_212853.503788	0.5	0.5034	-2.44929359829e-16	-0.0471	0.0	0.0232	0	
20200424_212853.511916	0.5	0.5034	-2.44929359829e-16	-0.0471	0.0	0.0231	0	
20200424_212853.519964	0.5	0.5034	-2.44929359829e-16	-0.0471	0.0	0.023	0	
20200424_212853.528722	0.5	0.5035	-2.44929359829e-16	-0.0471	0.0	0.0231	0	
20200424_212853.537934	0.5	0.5035	-2.44929359829e-16	-0.0472	0.0	0.0229	0	
20200424_212853.544838	0.5	0.5035	-2.44929359829e-16	-0.0472	0.0	0.0223	0	
20200424_212853.553061	0.5	0.5035	-2.44929359829e-16	-0.0472	0.0	0.0223	0	
20200424_212853.561945	0.5	0.5034	-2.44929359829e-16	-0.0471	0.0	0.0224	0	
20200424_212853.569828	0.5	0.5034	-2.44929359829e-16	-0.0471	0.0	0.0225	0	
20200424_212853.577825	0.5	0.5034	-2.44929359829e-16	-0.0472	0.0	0.0224	0	
20200424_212853.586077	0.5	0.5034	-2.44929359829e-16	-0.0471	0.0	0.0224	0	
20200424_212853.594472	0.5	0.5035	-2.44929359829e-16	-0.0472	0.0	0.0228	0	
20200424_212853.602868	0.5	0.5035	-2.44929359829e-16	-0.0472	0.0	0.0225	0	
20200424_212853.611243	0.5	0.5035	-2.44929359829e-16	-0.0472	0.0	0.0224	0	
20200424_212853.619481	0.5	0.5034	-2.44929359829e-16	-0.0472	0.0	0.0223	0	
20200424_212853.628005	0.5	0.5034	-2.44929359829e-16	-0.0472	0.0	0.022	0	
20200424_212853.636716	0.5	0.5034	-2.44929359829e-16	-0.0472	0.0	0.0221	0	
20200424_212853.644795	0.5	0.5034	-2.44929359829e-16	-0.0472	0.0	0.0221	0	
20200424_212853.653620	0.5	0.5034	-2.44929359829e-16	-0.0471	0.0	0.0224	0	
20200424_212853.661840	0.5	0.5034	-2.44929359829e-16	-0.0472	0.0	0.0218	0	
20200424_212853.670492	0.5	0.5035	-2.44929359829e-16	-0.0472	0.0	0.0222	0	
20200424_212853.678701	0.5	0.5035	-2.44929359829e-16	-0.0472	0.0	0.0221	0	
20200424_212853.686488	0.5	0.5035	-2.44929359829e-16	-0.0472	0.0	0.0222	0	
20200424_212853.694673	0.5	0.5035	-2.44929359829e-16	-0.0472	0.0	0.0216	0	
20200424_212853.703505	0.5	0.5034	-2.44929359829e-16	-0.0472	0.0	0.022	0	
20200424_212853.711555	0.5	0.5034	-2.44929359829e-16	-0.0472	0.0	0.0217	0	
20200424_212853.719518	0.5	0.5034	-2.44929359829e-16	-0.0472	0.0	0.0213	0	
20200424_212853.727857	0.5	0.5034	-2.44929359829e-16	-0.0472	0.0	0.0214	0	
20200424_212853.736668	0.5	0.5034	-2.44929359829e-16	-0.0472	0.0	0.0212	0	
20200424_212853.745037	0.5	0.5034	-2.44929359829e-16	-0.0473	0.0	0.021	0	
20200424_212853.753295	0.5	0.5034	-2.44929359829e-16	-0.0473	0.0	0.021	0	
20200424_212853.761717	0.5	0.5034	-2.44929359829e-16	-0.0472	0.0	0.0222	0	
20200424_212853.770240	0.5	0.5034	-2.44929359829e-16	-0.0472	0.0	0.0221	0	
20200424_212853.779098	0.5	0.5035	-2.44929359829e-16	-0.0472	0.0	0.0223	0	
20200424_212853.787442	0.5	0.5034	-2.44929359829e-16	-0.0472	0.0	0.0222	0	
20200424_212853.795115	0.5	0.5034	-2.44929359829e-16	-0.0471	0.0	0.0232	0	
20200424_212853.804051	0.5	0.5034	-2.44929359829e-16	-0.0471	0.0	0.0232	0	
20200424_212853.812186	0.5	0.5034	-2.44929359829e-16	-0.0471	0.0	0.0231	0	
20200424_212853.821341	0.5	0.5034	-2.44929359829e-16	-0.0471	0.0	0.0232	0	
20200424_212853.828787	0.5	0.5035	-2.44929359829e-16	-0.0471	0.0	0.0232	0	
20200424_212853.837390	0.5	0.5034	-2.44929359829e-16	-0.0471	0.0	0.0232	0	
20200424_212853.846211	0.5	0.5034	-2.44929359829e-16	-0.0471	0.0	0.0236	0	
20200424_212853.856316	0.5	0.5035	-2.44929359829e-16	-0.0472	0.0	0.0226	0	
20200424_212853.862635	0.5	0.5035	-2.44929359829e-16	-0.0471	0.0	0.0224	0	
20200424_212853.870092	0.5	0.5035	-2.44929359829e-16	-0.0471	0.0	0.0224	0	
20200424_212853.878724	0.5	0.5035	-2.44929359829e-16	-0.0471	0.0	0.0224	0	
20200424_212853.887185	0.5	0.5034	-2.44929359829e-16	-0.0471	0.0	0.0225	0	
20200424_212853.895685	0.5	0.5034	-2.44929359829e-16	-0.0472	0.0	0.0223	0	
20200424_212853.904365	0.5	0.5035	-2.44929359829e-16	-0.0472	0.0	0.0221	0	
20200424_212853.912498	0.5	0.5035	-2.44929359829e-16	-0.0472	0.0	0.0223	0	
20200424_212853.920840	0.5	0.5035	-2.44929359829e-16	-0.0472	0.0	0.0223	0	
20200424_212853.929571	0.5	0.5035	-2.44929359829e-16	-0.0472	0.0	0.0223	0	
20200424_212853.937546	0.5	0.5035	-2.44929359829e-16	-0.0472	0.0	0.0222	0	
20200424_212853.945535	0.5	0.5035	-2.44929359829e-16	-0.0472	0.0	0.0225	0	
20200424_212853.953979	0.5	0.5035	-2.44929359829e-16	-0.0472	0.0	0.0225	0	
20200424_212853.963092	0.5	0.5034	-2.44929359829e-16	-0.0472	0.0	0.0225	0	
20200424_212853.971022	0.5	0.5034	-2.44929359829e-16	-0.0471	0.0	0.0225	0	
20200424_212853.979265	0.5	0.5034	-2.44929359829e-16	-0.0472	0.0	0.0219	0	
20200424_212853.987403	0.5	0.5035	-2.44929359829e-16	-0.0472	0.0	0.0222	0	
20200424_212853.995971	0.5	0.5035	-2.44929359829e-16	-0.0472	0.0	0.0225	0	
20200424_212854.004534	0.5	0.5035	-2.44929359829e-16	-0.0472	0.0	0.0225	0	
20200424_212854.012169	0.5	0.5035	-2.44929359829e-16	-0.0472	0.0	0.0221	0	
20200424_212854.020994	0.5	0.5034	-2.44929359829e-16	-0.0472	0.0	0.0218	0	
20200424_212854.029113	0.5	0.5034	-2.44929359829e-16	-0.0472	0.0	0.0219	0	
20200424_212854.037791	0.5	0.5034	-2.44929359829e-16	-0.0473	0.0	0.021	0	
20200424_212854.045437	0.5	0.5034	-2.44929359829e-16	-0.0473	0.0	0.0211	0	
20200424_212854.053469	0.5	0.5035	-2.44929359829e-16	-0.0473	0.0	0.0211	0	
