Time	X_Setpt	X_FB	Y_Setpt	Y_FB	Theta_Setpt	Theta_FB	Motion Status	
632679	1.4699	1	
20200423_222610.766061	3.06161699787e-17	-1.0085	0.5	-0.5387	1.57079632679	1.4593	1	
20200423_222610.865927	3.06161699787e-17	-1.009	0.5	-0.5339	1.57079632679	1.4189	1	
20200423_222610.966018	3.06161699787e-17	-1.0089	0.5	-0.5265	1.57079632679	1.3597	1	
20200423_222611.065917	3.06161699787e-17	-1.0088	0.5	-0.5178	1.57079632679	1.2836	1	
20200423_222611.166043	3.06161699787e-17	-1.0079	0.5	-0.5085	1.57079632679	1.2066	1	
20200423_222611.265869	3.06161699787e-17	-1.0064	0.5	-0.4997	1.57079632679	1.1343	1	
20200423_222611.366001	3.06161699787e-17	-1.004	0.5	-0.4911	1.57079632679	1.0711	1	
20200423_222611.466091	3.06161699787e-17	-1.0017	0.5	-0.4826	1.57079632679	0.9994	1	
20200423_222611.565948	3.06161699787e-17	-0.9982	0.5	-0.4735	1.57079632679	0.926	1	
20200423_222611.665918	3.06161699787e-17	-0.9935	0.5	-0.4647	1.57079632679	0.8568	1	
20200423_222611.766033	3.06161699787e-17	-0.9884	0.5	-0.4562	1.57079632679	0.7877	1	
20200423_222611.865932	3.06161699787e-17	-0.9817	0.5	-0.4484	1.57079632679	0.7589	1	
20200423_222611.965953	3.06161699787e-17	-0.975	0.5	-0.4414	1.57079632679	0.7531	1	
20200423_222612.065926	3.06161699787e-17	-0.968	0.5	-0.4351	1.57079632679	0.7566	1	
20200423_222612.165986	3.06161699787e-17	-0.9629	0.5	-0.4292	1.57079632679	0.7563	1	
20200423_222612.266129	3.06161699787e-17	-0.9547	0.5	-0.4208	1.57079632679	0.754	1	
20200423_222612.365993	3.06161699787e-17	-0.9486	0.5	-0.4145	1.57079632679	0.7521	1	
20200423_222612.466164	3.06161699787e-17	-0.9418	0.5	-0.4079	1.57079632679	0.7518	1	
20200423_222612.565929	3.06161699787e-17	-0.9347	0.5	-0.4012	1.57079632679	0.7492	1	
20200423_222612.665967	3.06161699787e-17	-0.9297	0.5	-0.3948	1.57079632679	0.7375	1	
20200423_222612.765971	3.06161699787e-17	-0.9224	0.5	-0.3875	1.57079632679	0.7332	1	
20200423_222612.866013	3.06161699787e-17	-0.9157	0.5	-0.3807	1.57079632679	0.731	1	
20200423_222612.965983	3.06161699787e-17	-0.9087	0.5	-0.3744	1.57079632679	0.7325	1	
20200423_222613.065846	3.06161699787e-17	-0.9018	0.5	-0.3675	1.57079632679	0.7352	1	
20200423_222613.165905	3.06161699787e-17	-0.8945	0.5	-0.3601	1.57079632679	0.7356	1	
20200423_222613.265885	3.06161699787e-17	-0.8873	0.5	-0.3535	1.57079632679	0.7358	1	
20200423_222613.365967	3.06161699787e-17	-0.8799	0.5	-0.3464	1.57079632679	0.7354	1	
20200423_222613.465863	3.06161699787e-17	-0.8718	0.5	-0.3395	1.57079632679	0.7407	1	
20200423_222613.565872	3.06161699787e-17	-0.8656	0.5	-0.3329	1.57079632679	0.7357	1	
20200423_222613.666009	3.06161699787e-17	-0.8583	0.5	-0.3256	1.57079632679	0.7311	1	
20200423_222613.765977	3.06161699787e-17	-0.8511	0.5	-0.3187	1.57079632679	0.7286	1	
20200423_222613.865943	3.06161699787e-17	-0.8445	0.5	-0.3126	1.57079632679	0.7275	1	
20200423_222613.966036	3.06161699787e-17	-0.837	0.5	-0.3051	1.57079632679	0.7346	1	
20200423_222614.067587	3.06161699787e-17	-0.8308	0.5	-0.2985	1.57079632679	0.7337	1	
20200423_222614.166065	3.06161699787e-17	-0.8231	0.5	-0.2918	1.57079632679	0.7342	1	
20200423_222614.265965	3.06161699787e-17	-0.8169	0.5	-0.2857	1.57079632679	0.7325	1	
20200423_222614.365999	3.06161699787e-17	-0.8094	0.5	-0.2791	1.57079632679	0.7375	1	
20200423_222614.466001	3.06161699787e-17	-0.8027	0.5	-0.2725	1.57079632679	0.7347	1	
20200423_222614.565864	3.06161699787e-17	-0.7961	0.5	-0.2655	1.57079632679	0.7262	1	
20200423_222614.665959	3.06161699787e-17	-0.7889	0.5	-0.2589	1.57079632679	0.7245	1	
20200423_222614.766072	3.06161699787e-17	-0.7821	0.5	-0.2522	1.57079632679	0.7261	1	
20200423_222614.866164	3.06161699787e-17	-0.7743	0.5	-0.2445	1.57079632679	0.7243	1	
20200423_222614.966006	3.06161699787e-17	-0.769	0.5	-0.2387	1.57079632679	0.719	1	
20200423_222615.065983	3.06161699787e-17	-0.7604	0.5	-0.2314	1.57079632679	0.7173	1	
20200423_222615.165937	3.06161699787e-17	-0.7537	0.5	-0.2246	1.57079632679	0.7162	1	
20200423_222615.265859	3.06161699787e-17	-0.7466	0.5	-0.2185	1.57079632679	0.7215	1	
20200423_222615.365781	3.06161699787e-17	-0.7398	0.5	-0.2116	1.57079632679	0.7219	1	
20200423_222615.465987	3.06161699787e-17	-0.7323	0.5	-0.2049	1.57079632679	0.718	1	
20200423_222615.565930	3.06161699787e-17	-0.7249	0.5	-0.1985	1.57079632679	0.7184	1	
20200423_222615.665930	3.06161699787e-17	-0.718	0.5	-0.1917	1.57079632679	0.7191	1	
20200423_222615.765939	3.06161699787e-17	-0.7106	0.5	-0.1851	1.57079632679	0.723	1	
20200423_222615.866030	3.06161699787e-17	-0.7052	0.5	-0.1793	1.57079632679	0.723	1	
20200423_222615.966043	3.06161699787e-17	-0.6963	0.5	-0.1715	1.57079632679	0.7246	1	
20200423_222616.066190	3.06161699787e-17	-0.6897	0.5	-0.1651	1.57079632679	0.7246	1	
20200423_222616.166018	3.06161699787e-17	-0.6833	0.5	-0.159	1.57079632679	0.7246	1	
20200423_222616.265988	3.06161699787e-17	-0.6764	0.5	-0.1519	1.57079632679	0.7231	1	
20200423_222616.366003	3.06161699787e-17	-0.67	0.5	-0.1455	1.57079632679	0.7231	1	
20200423_222616.466006	3.06161699787e-17	-0.6624	0.5	-0.1386	1.57079632679	0.7226	1	
20200423_222616.565837	3.06161699787e-17	-0.6546	0.5	-0.1309	1.57079632679	0.7237	1	
20200423_222616.666188	3.06161699787e-17	-0.6495	0.5	-0.1251	1.57079632679	0.7187	1	
20200423_222616.766335	3.06161699787e-17	-0.6433	0.5	-0.1188	1.57079632679	0.7176	1	
20200423_222616.865974	3.06161699787e-17	-0.6348	0.5	-0.1111	1.57079632679	0.72	1	
20200423_222616.966088	3.06161699787e-17	-0.6287	0.5	-0.1047	1.57079632679	0.7192	1	
20200423_222617.066082	3.06161699787e-17	-0.6222	0.5	-0.0982	1.57079632679	0.717	1	
20200423_222617.166322	3.06161699787e-17	-0.614	0.5	-0.0906	1.57079632679	0.7202	1	
20200423_222617.266281	3.06161699787e-17	-0.6078	0.5	-0.0852	1.57079632679	0.724	1	
20200423_222617.365938	3.06161699787e-17	-0.6049	0.5	-0.081	1.57079632679	0.6806	1	
20200423_222617.465974	3.06161699787e-17	-0.6035	0.5	-0.0779	1.57079632679	0.6319	1	
20200423_222617.565979	3.06161699787e-17	-0.6009	0.5	-0.0749	1.57079632679	0.5798	1	
20200423_222617.665986	3.06161699787e-17	-0.5989	0.5	-0.0731	1.57079632679	0.5448	1	
20200423_222617.765983	3.06161699787e-17	-0.598	0.5	-0.0717	1.57079632679	0.5193	1	
20200423_222617.866041	3.06161699787e-17	-0.5968	0.5	-0.0707	1.57079632679	0.4949	1	
20200423_222617.966066	3.06161699787e-17	-0.5953	0.5	-0.0699	1.57079632679	0.4783	1	
20200423_222618.066190	3.06161699787e-17	-0.5943	0.5	-0.0689	1.57079632679	0.4547	1	
20200423_222618.165987	3.06161699787e-17	-0.5932	0.5	-0.0677	1.57079632679	0.4353	1	
20200423_222618.266040	3.06161699787e-17	-0.5922	0.5	-0.0671	1.57079632679	0.4172	1	
20200423_222618.365949	3.06161699787e-17	-0.5907	0.5	-0.0672	1.57079632679	0.4022	1	
20200423_222618.466046	3.06161699787e-17	-0.5894	0.5	-0.0669	1.57079632679	0.3885	1	
20200423_222618.565953	3.06161699787e-17	-0.5886	0.5	-0.0663	1.57079632679	0.3713	1	
20200423_222618.666116	3.06161699787e-17	-0.5879	0.5	-0.0666	1.57079632679	0.3584	1	
20200423_222618.765902	3.06161699787e-17	-0.5865	0.5	-0.0669	1.57079632679	0.3472	1	
20200423_222618.865959	3.06161699787e-17	-0.5854	0.5	-0.0668	1.57079632679	0.3354	1	
20200423_222618.965965	3.06161699787e-17	-0.5842	0.5	-0.0666	1.57079632679	0.3151	1	
20200423_222619.065995	3.06161699787e-17	-0.5832	0.5	-0.0664	1.57079632679	0.2987	1	
20200423_222619.165998	3.06161699787e-17	-0.5819	0.5	-0.0661	1.57079632679	0.2797	1	
20200423_222619.266050	3.06161699787e-17	-0.5802	0.5	-0.0653	1.57079632679	0.2593	1	
20200423_222619.365845	3.06161699787e-17	-0.5782	0.5	-0.0647	1.57079632679	0.2439	1	
20200423_222619.465953	3.06161699787e-17	-0.5761	0.5	-0.0644	1.57079632679	0.2373	1	
20200423_222619.565923	3.06161699787e-17	-0.5735	0.5	-0.0644	1.57079632679	0.2322	1	
20200423_222619.666027	3.06161699787e-17	-0.571	0.5	-0.0634	1.57079632679	0.223	1	
20200423_222619.766037	3.06161699787e-17	-0.5709	0.5	-0.0635	1.57079632679	0.2096	1	
20200423_222619.865981	3.06161699787e-17	-0.5704	0.5	-0.0638	1.57079632679	0.1925	1	
20200423_222619.966079	3.06161699787e-17	-0.57	0.5	-0.0639	1.57079632679	0.1849	1	
20200423_222620.066038	3.06161699787e-17	-0.57	0.5	-0.0639	1.57079632679	0.1847	1	
20200423_222620.165950	3.06161699787e-17	-0.57	0.5	-0.0638	1.57079632679	0.1841	1	
20200423_222620.266078	3.06161699787e-17	-0.57	0.5	-0.064	1.57079632679	0.1841	1	
20200423_222620.366048	3.06161699787e-17	-0.5699	0.5	-0.0642	1.57079632679	0.1845	1	
20200423_222620.465974	3.06161699787e-17	-0.5698	0.5	-0.0641	1.57079632679	0.1848	1	
20200423_222620.566013	3.06161699787e-17	-0.5699	0.5	-0.0638	1.57079632679	0.1838	1	
20200423_222620.665959	3.06161699787e-17	-0.5701	0.5	-0.0638	1.57079632679	0.1837	1	
20200423_222620.766025	3.06161699787e-17	-0.5701	0.5	-0.0639	1.57079632679	0.1833	1	
20200423_222620.866001	3.06161699787e-17	-0.5699	0.5	-0.0641	1.57079632679	0.1848	1	
20200423_222620.965863	3.06161699787e-17	-0.5699	0.5	-0.0639	1.57079632679	0.1844	1	
20200423_222621.066020	3.06161699787e-17	-0.57	0.5	-0.0636	1.57079632679	0.183	1	
20200423_222621.166219	3.06161699787e-17	-0.5702	0.5	-0.0639	1.57079632679	0.183	1	
20200423_222621.265957	3.06161699787e-17	-0.5701	0.5	-0.0639	1.57079632679	0.1835	1	
20200423_222621.366021	3.06161699787e-17	-0.57	0.5	-0.0639	1.57079632679	0.1844	1	
20200423_222621.465955	3.06161699787e-17	-0.57	0.5	-0.0638	1.57079632679	0.1837	1	
20200423_222621.565977	3.06161699787e-17	-0.57	0.5	-0.0638	1.57079632679	0.1833	1	
20200423_222621.665971	3.06161699787e-17	-0.57	0.5	-0.064	1.57079632679	0.183	1	
20200423_222621.766011	3.06161699787e-17	-0.5698	0.5	-0.064	1.57079632679	0.1844	1	
20200423_222621.866012	3.06161699787e-17	-0.5698	0.5	-0.0638	1.57079632679	0.1833	1	
20200423_222621.965917	3.06161699787e-17	-0.57	0.5	-0.0636	1.57079632679	0.1829	1	
20200423_222622.066050	3.06161699787e-17	-0.57	0.5	-0.0636	1.57079632679	0.1832	1	
20200423_222622.166024	3.06161699787e-17	-0.5699	0.5	-0.0639	1.57079632679	0.1834	1	
20200423_222622.265980	3.06161699787e-17	-0.5697	0.5	-0.0638	1.57079632679	0.1836	1	
20200423_222622.366008	3.06161699787e-17	-0.5699	0.5	-0.0634	1.57079632679	0.1825	1	
20200423_222622.465994	3.06161699787e-17	-0.5701	0.5	-0.0634	1.57079632679	0.1817	1	
20200423_222622.565794	3.06161699787e-17	-0.5701	0.5	-0.0636	1.57079632679	0.1823	1	
20200423_222622.665979	3.06161699787e-17	-0.5699	0.5	-0.0637	1.57079632679	0.1836	1	
20200423_222622.766001	3.06161699787e-17	-0.5698	0.5	-0.0636	1.57079632679	0.1831	1	
20200423_222622.866283	3.06161699787e-17	-0.5699	0.5	-0.0635	1.57079632679	0.1825	1	
20200423_222622.965951	3.06161699787e-17	-0.5699	0.5	-0.0636	1.57079632679	0.1827	1	
20200423_222623.066015	3.06161699787e-17	-0.5697	0.5	-0.0639	1.57079632679	0.1834	1	
20200423_222623.166033	3.06161699787e-17	-0.5696	0.5	-0.0636	1.57079632679	0.1828	1	
20200423_222623.266004	3.06161699787e-17	-0.5698	0.5	-0.0633	1.57079632679	0.1821	1	
20200423_222623.365912	3.06161699787e-17	-0.57	0.5	-0.0634	1.57079632679	0.1823	1	
20200423_222623.466032	3.06161699787e-17	-0.5698	0.5	-0.0637	1.57079632679	0.1828	1	
20200423_222623.565777	3.06161699787e-17	-0.5697	0.5	-0.0637	1.57079632679	0.1833	1	
20200423_222623.666002	3.06161699787e-17	-0.5698	0.5	-0.0633	1.57079632679	0.1821	1	
20200423_222623.765925	3.06161699787e-17	-0.57	0.5	-0.0633	1.57079632679	0.1822	1	
20200423_222623.866047	3.06161699787e-17	-0.57	0.5	-0.0635	1.57079632679	0.1826	1	
20200423_222623.965940	3.06161699787e-17	-0.5698	0.5	-0.0636	1.57079632679	0.1832	1	
20200423_222624.065955	3.06161699787e-17	-0.5697	0.5	-0.0635	1.57079632679	0.1829	1	
20200423_222624.165980	3.06161699787e-17	-0.5698	0.5	-0.0635	1.57079632679	0.1825	1	
20200423_222624.266104	3.06161699787e-17	-0.5699	0.5	-0.0636	1.57079632679	0.1823	1	
20200423_222624.366105	3.06161699787e-17	-0.5698	0.5	-0.0637	1.57079632679	0.1829	1	
20200423_222624.466060	3.06161699787e-17	-0.5697	0.5	-0.0637	1.57079632679	0.1832	1	
20200423_222624.565943	3.06161699787e-17	-0.5698	0.5	-0.0634	1.57079632679	0.1826	1	
20200423_222624.665932	3.06161699787e-17	-0.57	0.5	-0.0634	1.57079632679	0.1823	1	
20200423_222624.765962	3.06161699787e-17	-0.57	0.5	-0.0636	1.57079632679	0.182	1	
20200423_222624.865887	3.06161699787e-17	-0.57	0.5	-0.0639	1.57079632679	0.1862	1	
20200423_222624.966095	3.06161699787e-17	-0.5703	0.5	-0.0638	1.57079632679	0.183	1	
20200423_222625.065943	3.06161699787e-17	-0.5706	0.5	-0.0637	1.57079632679	0.1817	1	
20200423_222625.166054	3.06161699787e-17	-0.5707	0.5	-0.0639	1.57079632679	0.1814	1	
20200423_222625.266036	3.06161699787e-17	-0.5705	0.5	-0.0641	1.57079632679	0.1793	1	
20200423_222625.366032	3.06161699787e-17	-0.5703	0.5	-0.0643	1.57079632679	0.1867	1	
20200423_222625.465966	3.06161699787e-17	-0.5704	0.5	-0.0645	1.57079632679	0.1812	1	
20200423_222625.565940	3.06161699787e-17	-0.5707	0.5	-0.0635	1.57079632679	0.1825	1	
20200423_222625.665965	3.06161699787e-17	-0.5728	0.5	-0.0642	1.57079632679	0.151	1	
20200423_222625.765943	3.06161699787e-17	-0.5804	0.5	-0.059	1.57079632679	0.0908	1	
20200423_222625.865979	3.06161699787e-17	-0.5903	0.5	-0.0416	1.57079632679	-0.0458	1	
20200423_222625.965973	3.06161699787e-17	-0.5964	0.5	-0.0028	1.57079632679	-0.1722	1	
20200423_222626.066020	3.06161699787e-17	-0.5933	0.5	0.0568	1.57079632679	-0.3229	1	
20200423_222626.165864	3.06161699787e-17	-0.5721	0.5	0.1297	1.57079632679	-0.4463	1	
20200423_222626.266020	3.06161699787e-17	-0.5315	0.5	0.2015	1.57079632679	-0.5423	1	
20200423_222626.366060	3.06161699787e-17	-0.4528	0.5	0.284	1.57079632679	-0.7004	1	
20200423_222626.465941	3.06161699787e-17	-0.3596	0.5	0.3507	1.57079632679	-0.8667	1	
20200423_222626.565882	3.06161699787e-17	-0.2571	0.5	0.4016	1.57079632679	-0.9863	1	
20200423_222626.665942	3.06161699787e-17	-0.156	0.5	0.4305	1.57079632679	-1.2021	1	
20200423_222626.765990	3.06161699787e-17	-0.0984	0.5	0.4384	1.57079632679	-1.3421	1	
20200423_222626.865871	3.06161699787e-17	-0.0112	0.5	0.4375	1.57079632679	-1.5246	1	
20200423_222626.966021	3.06161699787e-17	0.0309	0.5	0.4234	1.57079632679	-1.5858	1	
20200423_222627.065998	3.06161699787e-17	0.0382	0.5	0.4088	1.57079632679	-1.6089	1	
20200423_222627.165984	3.06161699787e-17	0.0366	0.5	0.4034	1.57079632679	-1.6593	1	
20200423_222627.266057	3.06161699787e-17	0.039	0.5	0.4048	1.57079632679	-1.7775	1	
20200423_222627.365976	3.06161699787e-17	0.0403	0.5	0.4033	1.57079632679	-1.8696	1	
20200423_222627.465959	3.06161699787e-17	0.0404	0.5	0.4004	1.57079632679	-1.9401	1	
20200423_222627.565897	3.06161699787e-17	0.0408	0.5	0.3986	1.57079632679	-2.0046	1	
20200423_222627.665974	3.06161699787e-17	0.0382	0.5	0.395	1.57079632679	-2.077	1	
20200423_222627.766051	3.06161699787e-17	0.0378	0.5	0.3917	1.57079632679	-2.1439	1	
20200423_222627.865964	3.06161699787e-17	0.0371	0.5	0.3876	1.57079632679	-2.2161	1	
20200423_222627.965973	3.06161699787e-17	0.0366	0.5	0.3839	1.57079632679	-2.2926	1	
20200423_222628.066089	3.06161699787e-17	0.0348	0.5	0.3792	1.57079632679	-2.3809	1	
20200423_222628.165961	3.06161699787e-17	0.0341	0.5	0.3766	1.57079632679	-2.4161	1	
20200423_222628.265973	3.06161699787e-17	0.0286	0.5	0.3704	1.57079632679	-2.5687	1	
20200423_222628.365968	3.06161699787e-17	0.0271	0.5	0.3692	1.57079632679	-2.5934	1	
20200423_222628.465972	3.06161699787e-17	0.0243	0.5	0.3643	1.57079632679	-2.6643	1	
20200423_222628.566004	3.06161699787e-17	0.0199	0.5	0.3599	1.57079632679	-2.7389	1	
20200423_222628.665957	3.06161699787e-17	0.0156	0.5	0.3572	1.57079632679	-2.8034	1	
20200423_222628.765957	3.06161699787e-17	0.0146	0.5	0.3531	1.57079632679	-2.8848	1	
20200423_222628.866055	3.06161699787e-17	0.011	0.5	0.35	1.57079632679	-2.9845	1	
20200423_222628.966341	3.06161699787e-17	0.0062	0.5	0.3476	1.57079632679	-3.0568	1	
20200423_222629.066076	3.06161699787e-17	-0.0006	0.5	0.3449	1.57079632679	-3.1297	1	
20200423_222629.166032	3.06161699787e-17	-0.007	0.5	0.3446	1.57079632679	3.1083	1	
20200423_222629.265996	3.06161699787e-17	-0.0114	0.5	0.3434	1.57079632679	3.0217	1	
20200423_222629.366059	3.06161699787e-17	-0.0187	0.5	0.3423	1.57079632679	2.9433	1	
20200423_222629.465981	3.06161699787e-17	-0.0254	0.5	0.3417	1.57079632679	2.8692	1	
20200423_222629.565976	3.06161699787e-17	-0.0328	0.5	0.3416	1.57079632679	2.7908	1	
20200423_222629.666018	3.06161699787e-17	-0.0395	0.5	0.3419	1.57079632679	2.7148	1	
20200423_222629.766074	3.06161699787e-17	-0.0471	0.5	0.3435	1.57079632679	2.6496	1	
20200423_222629.866043	3.06161699787e-17	-0.0527	0.5	0.3446	1.57079632679	2.5677	1	
20200423_222629.966068	3.06161699787e-17	-0.0602	0.5	0.3466	1.57079632679	2.4938	1	
20200423_222630.065951	3.06161699787e-17	-0.0665	0.5	0.3497	1.57079632679	2.4261	1	
20200423_222630.165957	3.06161699787e-17	-0.0748	0.5	0.3532	1.57079632679	2.3586	1	
20200423_222630.265957	3.06161699787e-17	-0.0837	0.5	0.3582	1.57079632679	2.3368	1	
20200423_222630.366012	3.06161699787e-17	-0.0894	0.5	0.3626	1.57079632679	2.2471	1	
20200423_222630.466006	3.06161699787e-17	-0.0939	0.5	0.367	1.57079632679	2.2092	1	
20200423_222630.565898	3.06161699787e-17	-0.1004	0.5	0.3736	1.57079632679	2.1081	1	
20200423_222630.665861	3.06161699787e-17	-0.1033	0.5	0.377	1.57079632679	2.0654	1	
20200423_222630.765969	3.06161699787e-17	-0.1033	0.5	0.377	1.57079632679	2.0654	1	
20200423_222630.866019	3.06161699787e-17	-0.1101	0.5	0.3917	1.57079632679	1.8535	1	
20200423_222630.966072	3.06161699787e-17	-0.1132	0.5	0.3984	1.57079632679	1.773	1	
20200423_222631.066037	3.06161699787e-17	-0.1184	0.5	0.4051	1.57079632679	1.6978	1	
20200423_222631.166095	3.06161699787e-17	-0.1208	0.5	0.414	1.57079632679	1.6183	1	
20200423_222631.266044	3.06161699787e-17	-0.1226	0.5	0.4198	1.57079632679	1.5449	1	
20200423_222631.366075	3.06161699787e-17	-0.1239	0.5	0.4278	1.57079632679	1.4596	1	
20200423_222631.465888	3.06161699787e-17	-0.1247	0.5	0.4367	1.57079632679	1.3835	1	
20200423_222631.565967	3.06161699787e-17	-0.1263	0.5	0.4448	1.57079632679	1.3245	1	
20200423_222631.666002	3.06161699787e-17	-0.1252	0.5	0.4528	1.57079632679	1.2624	1	
20200423_222631.765998	3.06161699787e-17	-0.1242	0.5	0.4604	1.57079632679	1.1764	1	
20200423_222631.865969	3.06161699787e-17	-0.1222	0.5	0.4695	1.57079632679	1.1231	1	
20200423_222631.966046	3.06161699787e-17	-0.1205	0.5	0.476	1.57079632679	1.0498	1	
20200423_222632.066172	3.06161699787e-17	-0.1175	0.5	0.4843	1.57079632679	0.9782	1	
20200423_222632.166035	3.06161699787e-17	-0.1141	0.5	0.4925	1.57079632679	0.916	1	
20200423_222632.266112	3.06161699787e-17	-0.1111	0.5	0.499	1.57079632679	0.8365	1	
20200423_222632.365931	3.06161699787e-17	-0.1054	0.5	0.507	1.57079632679	0.7511	1	
20200423_222632.465978	3.06161699787e-17	-0.0998	0.5	0.5138	1.57079632679	0.6878	1	
20200423_222632.566162	3.06161699787e-17	-0.0951	0.5	0.5198	1.57079632679	0.6176	1	
20200423_222632.665960	3.06161699787e-17	-0.0897	0.5	0.5258	1.57079632679	0.5669	1	
20200423_222632.766036	3.06161699787e-17	-0.088	0.5	0.526	1.57079632679	0.6004	1	
20200423_222632.865962	3.06161699787e-17	-0.0869	0.5	0.5256	1.57079632679	0.6664	1	
20200423_222632.966031	3.06161699787e-17	-0.0856	0.5	0.5247	1.57079632679	0.7381	1	
20200423_222633.065932	3.06161699787e-17	-0.0838	0.5	0.524	1.57079632679	0.8105	1	
20200423_222633.165918	3.06161699787e-17	-0.0822	0.5	0.5234	1.57079632679	0.8916	1	
20200423_222633.266023	3.06161699787e-17	-0.081	0.5	0.5236	1.57079632679	0.9573	1	
20200423_222633.366029	3.06161699787e-17	-0.0797	0.5	0.5227	1.57079632679	1.0298	1	
20200423_222633.465816	3.06161699787e-17	-0.0791	0.5	0.5224	1.57079632679	1.1024	1	
20200423_222633.565892	3.06161699787e-17	-0.078	0.5	0.5209	1.57079632679	1.1562	1	
20200423_222633.666002	3.06161699787e-17	-0.0758	0.5	0.5208	1.57079632679	1.2105	1	
20200423_222633.765983	3.06161699787e-17	-0.0753	0.5	0.5216	1.57079632679	1.2943	1	
20200423_222633.866022	3.06161699787e-17	-0.0737	0.5	0.5212	1.57079632679	1.3581	1	
20200423_222633.965904	3.06161699787e-17	-0.0724	0.5	0.5214	1.57079632679	1.4115	1	
20200423_222634.065993	3.06161699787e-17	-0.073	0.5	0.5254	1.57079632679	1.5118	1	
20200423_222634.166013	3.06161699787e-17	-0.0729	0.5	0.5226	1.57079632679	1.4968	0	
20200423_222634.166265	3.06161699787e-17	-0.0729	0.5	0.5226	1.57079632679	1.4968	0	
20200423_222634.167174	3.06161699787e-17	-0.0729	0.5	0.5226	1.57079632679	1.4968	0	
20200423_222634.175349	3.06161699787e-17	-0.0729	0.5	0.5226	1.57079632679	1.4968	0	
20200423_222634.183471	3.06161699787e-17	-0.0729	0.5	0.5226	1.57079632679	1.4968	0	
20200423_222634.192181	3.06161699787e-17	-0.0729	0.5	0.5226	1.57079632679	1.4968	0	
20200423_222634.200430	3.06161699787e-17	-0.0729	0.5	0.5226	1.57079632679	1.4968	0	
20200423_222634.208895	3.06161699787e-17	-0.0729	0.5	0.5226	1.57079632679	1.4968	0	
20200423_222634.217184	3.06161699787e-17	-0.0729	0.5	0.5226	1.57079632679	1.4968	0	
20200423_222634.225250	3.06161699787e-17	-0.0729	0.5	0.5226	1.57079632679	1.4968	0	
20200423_222634.233273	3.06161699787e-17	-0.0729	0.5	0.5226	1.57079632679	1.4968	0	
20200423_222634.242069	3.06161699787e-17	-0.0729	0.5	0.5226	1.57079632679	1.4968	0	
20200423_222634.250555	3.06161699787e-17	-0.0729	0.5	0.5226	1.57079632679	1.4968	0	
20200423_222634.259117	3.06161699787e-17	-0.0729	0.5	0.5226	1.57079632679	1.4968	0	
20200423_222634.267086	3.06161699787e-17	-0.0729	0.5	0.5226	1.57079632679	1.4968	0	
20200423_222634.275994	3.06161699787e-17	-0.0729	0.5	0.5226	1.57079632679	1.4968	0	
20200423_222634.284203	3.06161699787e-17	-0.0729	0.5	0.5226	1.57079632679	1.4968	0	
20200423_222634.291776	3.06161699787e-17	-0.0729	0.5	0.5226	1.57079632679	1.4968	0	
20200423_222634.300069	3.06161699787e-17	-0.0729	0.5	0.5226	1.57079632679	1.4968	0	
20200423_222634.308705	3.06161699787e-17	-0.0729	0.5	0.5226	1.57079632679	1.4968	0	
20200423_222634.316808	3.06161699787e-17	-0.0729	0.5	0.5226	1.57079632679	1.4968	0	
20200423_222634.325379	3.06161699787e-17	-0.0729	0.5	0.5226	1.57079632679	1.4968	0	
20200423_222634.333811	3.06161699787e-17	-0.0729	0.5	0.5226	1.57079632679	1.4968	0	
20200423_222634.341771	3.06161699787e-17	-0.0729	0.5	0.5226	1.57079632679	1.4968	0	
20200423_222634.350553	3.06161699787e-17	-0.0729	0.5	0.5226	1.57079632679	1.4968	0	
20200423_222634.358550	3.06161699787e-17	-0.0729	0.5	0.5226	1.57079632679	1.4968	0	
20200423_222634.366809	3.06161699787e-17	-0.0729	0.5	0.5226	1.57079632679	1.4968	0	
20200423_222634.375340	3.06161699787e-17	-0.0729	0.5	0.5226	1.57079632679	1.4968	0	
20200423_222634.383620	3.06161699787e-17	-0.0729	0.5	0.5226	1.57079632679	1.4968	0	
20200423_222634.391650	3.06161699787e-17	-0.0729	0.5	0.5226	1.57079632679	1.4968	0	
20200423_222634.400036	3.06161699787e-17	-0.0729	0.5	0.5226	1.57079632679	1.4968	0	
20200423_222634.408854	3.06161699787e-17	-0.0729	0.5	0.5226	1.57079632679	1.4968	0	
20200423_222634.417075	3.06161699787e-17	-0.0729	0.5	0.5226	1.57079632679	1.4968	0	
20200423_222634.425214	3.06161699787e-17	-0.0729	0.5	0.5226	1.57079632679	1.4968	0	
20200423_222634.433632	3.06161699787e-17	-0.0729	0.5	0.5226	1.57079632679	1.4968	0	
20200423_222634.441931	3.06161699787e-17	-0.0729	0.5	0.5226	1.57079632679	1.4968	0	
20200423_222634.450135	3.06161699787e-17	-0.0729	0.5	0.5226	1.57079632679	1.4968	0	
20200423_222634.458720	3.06161699787e-17	-0.0729	0.5	0.5226	1.57079632679	1.4968	0	
20200423_222634.466826	3.06161699787e-17	-0.0729	0.5	0.5226	1.57079632679	1.4968	0	
20200423_222634.475167	3.06161699787e-17	-0.0729	0.5	0.5226	1.57079632679	1.4968	0	
20200423_222634.483813	3.06161699787e-17	-0.0729	0.5	0.5226	1.57079632679	1.4968	0	
20200423_222634.492241	3.06161699787e-17	-0.0729	0.5	0.5226	1.57079632679	1.4968	0	
20200423_222634.500374	3.06161699787e-17	-0.0729	0.5	0.5226	1.57079632679	1.4968	0	
20200423_222634.508749	3.06161699787e-17	-0.0729	0.5	0.5226	1.57079632679	1.4968	0	
20200423_222634.516870	3.06161699787e-17	-0.0729	0.5	0.5226	1.57079632679	1.4968	0	
20200423_222634.525453	3.06161699787e-17	-0.0729	0.5	0.5226	1.57079632679	1.4968	0	
20200423_222634.533631	3.06161699787e-17	-0.0729	0.5	0.5226	1.57079632679	1.4968	0	
20200423_222634.541735	3.06161699787e-17	-0.0699	0.5	0.5204	1.57079632679	1.5188	0	
20200423_222634.550544	3.06161699787e-17	-0.07	0.5	0.5204	1.57079632679	1.5189	0	
20200423_222634.558998	3.06161699787e-17	-0.07	0.5	0.5204	1.57079632679	1.5189	0	
20200423_222634.566799	3.06161699787e-17	-0.07	0.5	0.5204	1.57079632679	1.5184	0	
20200423_222634.574943	3.06161699787e-17	-0.07	0.5	0.5205	1.57079632679	1.5181	0	
20200423_222634.583261	3.06161699787e-17	-0.07	0.5	0.5205	1.57079632679	1.5177	0	
20200423_222634.591355	3.06161699787e-17	-0.0699	0.5	0.5205	1.57079632679	1.5178	0	
20200423_222634.599830	3.06161699787e-17	-0.0699	0.5	0.5205	1.57079632679	1.5171	0	
20200423_222634.608072	3.06161699787e-17	-0.0699	0.5	0.5204	1.57079632679	1.5179	0	
20200423_222634.616457	3.06161699787e-17	-0.0699	0.5	0.5204	1.57079632679	1.5176	0	
20200423_222634.625369	3.06161699787e-17	-0.0699	0.5	0.5204	1.57079632679	1.5177	0	
20200423_222634.633061	3.06161699787e-17	-0.0699	0.5	0.5204	1.57079632679	1.5178	0	
20200423_222634.641480	3.06161699787e-17	-0.0699	0.5	0.5204	1.57079632679	1.5184	0	
20200423_222634.649902	3.06161699787e-17	-0.0699	0.5	0.5204	1.57079632679	1.518	0	
20200423_222634.658323	3.06161699787e-17	-0.0699	0.5	0.5204	1.57079632679	1.5179	0	
20200423_222634.666800	3.06161699787e-17	-0.0699	0.5	0.5204	1.57079632679	1.5175	0	
20200423_222634.675347	3.06161699787e-17	-0.0699	0.5	0.5204	1.57079632679	1.518	0	
20200423_222634.684058	3.06161699787e-17	-0.0699	0.5	0.5204	1.57079632679	1.5178	0	
20200423_222634.691716	3.06161699787e-17	-0.0699	0.5	0.5204	1.57079632679	1.5179	0	
20200423_222634.700590	3.06161699787e-17	-0.0699	0.5	0.5204	1.57079632679	1.518	0	
20200423_222634.708583	3.06161699787e-17	-0.0699	0.5	0.5204	1.57079632679	1.5179	0	
20200423_222634.716676	3.06161699787e-17	-0.07	0.5	0.5204	1.57079632679	1.5184	0	
20200423_222634.724989	3.06161699787e-17	-0.0699	0.5	0.5204	1.57079632679	1.5181	0	
20200423_222634.733817	3.06161699787e-17	-0.0699	0.5	0.5204	1.57079632679	1.5183	0	
20200423_222634.741780	3.06161699787e-17	-0.0699	0.5	0.5204	1.57079632679	1.5182	0	
20200423_222634.750011	3.06161699787e-17	-0.0699	0.5	0.5204	1.57079632679	1.5179	0	
20200423_222634.758955	3.06161699787e-17	-0.0699	0.5	0.5204	1.57079632679	1.5181	0	
20200423_222634.766834	3.06161699787e-17	-0.0699	0.5	0.5204	1.57079632679	1.5182	0	
20200423_222634.775219	3.06161699787e-17	-0.07	0.5	0.5204	1.57079632679	1.5178	0	
20200423_222634.783610	3.06161699787e-17	-0.07	0.5	0.5204	1.57079632679	1.5183	0	
20200423_222634.791846	3.06161699787e-17	-0.0699	0.5	0.5203	1.57079632679	1.518	0	
20200423_222634.800606	3.06161699787e-17	-0.0699	0.5	0.5203	1.57079632679	1.5174	0	
20200423_222634.808755	3.06161699787e-17	-0.07	0.5	0.5203	1.57079632679	1.5175	0	
20200423_222634.816935	3.06161699787e-17	-0.0701	0.5	0.5201	1.57079632679	1.5219	0	
20200423_222634.825175	3.06161699787e-17	-0.0701	0.5	0.5201	1.57079632679	1.5223	0	
20200423_222634.833324	3.06161699787e-17	-0.0701	0.5	0.5201	1.57079632679	1.5225	0	
20200423_222634.842085	3.06161699787e-17	-0.0701	0.5	0.5201	1.57079632679	1.5226	0	
20200423_222634.850452	3.06161699787e-17	-0.0701	0.5	0.5201	1.57079632679	1.5228	0	
20200423_222634.858759	3.06161699787e-17	-0.0701	0.5	0.5201	1.57079632679	1.5225	0	
20200423_222634.866936	3.06161699787e-17	-0.0701	0.5	0.5201	1.57079632679	1.5227	0	
20200423_222634.875110	3.06161699787e-17	-0.0701	0.5	0.5201	1.57079632679	1.523	0	
20200423_222634.883551	3.06161699787e-17	-0.0701	0.5	0.52	1.57079632679	1.5238	0	
20200423_222634.892148	3.06161699787e-17	-0.0701	0.5	0.5201	1.57079632679	1.5227	0	
20200423_222634.900295	3.06161699787e-17	-0.0701	0.5	0.5201	1.57079632679	1.5228	0	
20200423_222634.908720	3.06161699787e-17	-0.0701	0.5	0.5201	1.57079632679	1.5225	0	
20200423_222634.917630	3.06161699787e-17	-0.0701	0.5	0.52	1.57079632679	1.5226	0	
20200423_222634.925162	3.06161699787e-17	-0.0701	0.5	0.52	1.57079632679	1.5228	0	
20200423_222634.933457	3.06161699787e-17	-0.0701	0.5	0.52	1.57079632679	1.523	0	
20200423_222634.942050	3.06161699787e-17	-0.0701	0.5	0.52	1.57079632679	1.5228	0	
20200423_222634.950531	3.06161699787e-17	-0.0701	0.5	0.5201	1.57079632679	1.5219	0	
20200423_222634.958651	3.06161699787e-17	-0.0701	0.5	0.5201	1.57079632679	1.5227	0	
20200423_222634.966662	3.06161699787e-17	-0.0701	0.5	0.5201	1.57079632679	1.5221	0	
20200423_222634.975618	3.06161699787e-17	-0.0701	0.5	0.5201	1.57079632679	1.522	0	
20200423_222634.983536	3.06161699787e-17	-0.0701	0.5	0.5201	1.57079632679	1.5223	0	
20200423_222634.992237	3.06161699787e-17	-0.0701	0.5	0.5201	1.57079632679	1.5222	0	
20200423_222635.000338	3.06161699787e-17	-0.0701	0.5	0.5201	1.57079632679	1.5223	0	
20200423_222635.008243	3.06161699787e-17	-0.0701	0.5	0.5201	1.57079632679	1.5223	0	
20200423_222635.017150	3.06161699787e-17	-0.0701	0.5	0.5201	1.57079632679	1.5225	0	
20200423_222635.025110	3.06161699787e-17	-0.0701	0.5	0.5201	1.57079632679	1.5225	0	
20200423_222635.033652	3.06161699787e-17	-0.0701	0.5	0.5201	1.57079632679	1.522	0	
20200423_222635.041935	3.06161699787e-17	-0.0701	0.5	0.5201	1.57079632679	1.5226	0	
20200423_222635.050364	3.06161699787e-17	-0.0701	0.5	0.5201	1.57079632679	1.5219	0	
20200423_222635.058159	3.06161699787e-17	-0.0701	0.5	0.5201	1.57079632679	1.5223	0	
20200423_222635.067279	3.06161699787e-17	-0.0701	0.5	0.5201	1.57079632679	1.5223	0	
20200423_222635.075174	3.06161699787e-17	-0.0701	0.5	0.5201	1.57079632679	1.5223	0	
20200423_222635.083765	3.06161699787e-17	-0.0701	0.5	0.5201	1.57079632679	1.5226	0	
20200423_222635.091929	3.06161699787e-17	-0.0701	0.5	0.5201	1.57079632679	1.5225	0	
20200423_222635.100084	3.06161699787e-17	-0.0701	0.5	0.5201	1.57079632679	1.5217	0	
20200423_222635.108961	3.06161699787e-17	-0.0701	0.5	0.5201	1.57079632679	1.5222	0	
20200423_222635.116898	3.06161699787e-17	-0.0701	0.5	0.5201	1.57079632679	1.522	0	
20200423_222635.125570	3.06161699787e-17	-0.0701	0.5	0.5201	1.57079632679	1.5223	0	
20200423_222635.133810	3.06161699787e-17	-0.0701	0.5	0.5201	1.57079632679	1.5222	0	
20200423_222635.141812	3.06161699787e-17	-0.0701	0.5	0.5201	1.57079632679	1.5225	0	
20200423_222635.150319	3.06161699787e-17	-0.0701	0.5	0.5201	1.57079632679	1.5217	0	
20200423_222635.158610	3.06161699787e-17	-0.0701	0.5	0.5201	1.57079632679	1.5225	0	
20200423_222635.166992	3.06161699787e-17	-0.0701	0.5	0.5201	1.57079632679	1.5225	0	
20200423_222635.175525	3.06161699787e-17	-0.0701	0.5	0.5201	1.57079632679	1.5225	0	
20200423_222635.184116	3.06161699787e-17	-0.0701	0.5	0.5201	1.57079632679	1.5228	0	
20200423_222635.191715	3.06161699787e-17	-0.0701	0.5	0.5201	1.57079632679	1.5225	0	
20200423_222635.200356	3.06161699787e-17	-0.0701	0.5	0.5201	1.57079632679	1.5227	0	
20200423_222635.208833	3.06161699787e-17	-0.0701	0.5	0.5201	1.57079632679	1.5231	0	
20200423_222635.216912	3.06161699787e-17	-0.0701	0.5	0.5201	1.57079632679	1.5224	0	
20200423_222635.225115	3.06161699787e-17	-0.0701	0.5	0.5201	1.57079632679	1.5226	0	
20200423_222635.233276	3.06161699787e-17	-0.0701	0.5	0.5201	1.57079632679	1.5226	0	
20200423_222635.241868	3.06161699787e-17	-0.0701	0.5	0.5201	1.57079632679	1.5224	0	
20200423_222635.250302	3.06161699787e-17	-0.0701	0.5	0.5201	1.57079632679	1.5231	0	
20200423_222635.258505	3.06161699787e-17	-0.0701	0.5	0.5201	1.57079632679	1.5228	0	
20200423_222635.266745	3.06161699787e-17	-0.0701	0.5	0.5201	1.57079632679	1.5228	0	
20200423_222635.275547	3.06161699787e-17	-0.0701	0.5	0.5201	1.57079632679	1.5221	0	
20200423_222635.283801	3.06161699787e-17	-0.0701	0.5	0.5201	1.57079632679	1.5225	0	
20200423_222635.291618	3.06161699787e-17	-0.0701	0.5	0.5201	1.57079632679	1.522	0	
20200423_222635.300042	3.06161699787e-17	-0.0701	0.5	0.5201	1.57079632679	1.5223	0	
20200423_222635.308380	3.06161699787e-17	-0.0701	0.5	0.5202	1.57079632679	1.5217	0	
20200423_222635.317195	3.06161699787e-17	-0.0701	0.5	0.5201	1.57079632679	1.5219	0	
20200423_222635.325197	3.06161699787e-17	-0.0701	0.5	0.5201	1.57079632679	1.522	0	
20200423_222635.333957	3.06161699787e-17	-0.0701	0.5	0.5202	1.57079632679	1.5223	0	
20200423_222635.341983	3.06161699787e-17	-0.0701	0.5	0.5201	1.57079632679	1.5222	0	
20200423_222635.350460	3.06161699787e-17	-0.0701	0.5	0.5201	1.57079632679	1.5219	0	
20200423_222635.358886	3.06161699787e-17	-0.0701	0.5	0.5201	1.57079632679	1.5222	0	
20200423_222635.367253	3.06161699787e-17	-0.0701	0.5	0.5201	1.57079632679	1.5224	0	
20200423_222635.375183	3.06161699787e-17	-0.0701	0.5	0.5201	1.57079632679	1.5219	0	
20200423_222635.383879	3.06161699787e-17	-0.0701	0.5	0.5201	1.57079632679	1.5226	0	
20200423_222635.391786	3.06161699787e-17	-0.0701	0.5	0.52	1.57079632679	1.5225	0	
20200423_222635.400106	3.06161699787e-17	-0.0701	0.5	0.5201	1.57079632679	1.5225	0	
20200423_222635.408411	3.06161699787e-17	-0.0701	0.5	0.5201	1.57079632679	1.5225	0	
20200423_222635.416786	3.06161699787e-17	-0.0701	0.5	0.5201	1.57079632679	1.5224	0	
20200423_222635.425930	3.06161699787e-17	-0.0701	0.5	0.5201	1.57079632679	1.5224	0	
20200423_222635.434063	3.06161699787e-17	-0.0701	0.5	0.5201	1.57079632679	1.5221	0	
20200423_222635.441890	3.06161699787e-17	-0.0701	0.5	0.52	1.57079632679	1.5228	0	
20200423_222635.450443	3.06161699787e-17	-0.0701	0.5	0.5201	1.57079632679	1.5226	0	
20200423_222635.458722	3.06161699787e-17	-0.0701	0.5	0.5201	1.57079632679	1.5226	0	
20200423_222635.467124	3.06161699787e-17	-0.0701	0.5	0.5201	1.57079632679	1.5221	0	
20200423_222635.474789	3.06161699787e-17	-0.0701	0.5	0.5201	1.57079632679	1.5222	0	
20200423_222635.483021	3.06161699787e-17	-0.0701	0.5	0.52	1.57079632679	1.524	0	
20200423_222635.491838	3.06161699787e-17	-0.0702	0.5	0.5197	1.57079632679	1.5295	0	
20200423_222635.499954	3.06161699787e-17	-0.0702	0.5	0.5198	1.57079632679	1.5281	0	
20200423_222635.508596	3.06161699787e-17	-0.0702	0.5	0.5198	1.57079632679	1.5283	0	
20200423_222635.516640	3.06161699787e-17	-0.0701	0.5	0.5198	1.57079632679	1.528	0	
20200423_222635.525305	3.06161699787e-17	-0.0702	0.5	0.5198	1.57079632679	1.5284	0	
20200423_222635.533434	3.06161699787e-17	-0.0702	0.5	0.5198	1.57079632679	1.5283	0	
20200423_222635.542392	3.06161699787e-17	-0.0702	0.5	0.5198	1.57079632679	1.5285	0	
20200423_222635.550155	3.06161699787e-17	-0.0702	0.5	0.5198	1.57079632679	1.5286	0	
20200423_222635.559791	3.06161699787e-17	-0.0702	0.5	0.5198	1.57079632679	1.5286	0	
20200423_222635.566811	3.06161699787e-17	-0.0702	0.5	0.5197	1.57079632679	1.5291	0	
20200423_222635.574885	3.06161699787e-17	-0.0702	0.5	0.5197	1.57079632679	1.5295	0	
20200423_222635.583304	3.06161699787e-17	-0.0702	0.5	0.5197	1.57079632679	1.5281	0	
20200423_222635.591372	3.06161699787e-17	-0.0702	0.5	0.5197	1.57079632679	1.5295	0	
20200423_222635.599831	3.06161699787e-17	-0.0701	0.5	0.5197	1.57079632679	1.528	0	
20200423_222635.608362	3.06161699787e-17	-0.0709	0.5	0.52	1.57079632679	1.5345	0	
20200423_222635.616532	3.06161699787e-17	-0.071	0.5	0.52	1.57079632679	1.5354	0	
20200423_222635.624848	3.06161699787e-17	-0.071	0.5	0.52	1.57079632679	1.5359	0	
20200423_222635.633453	3.06161699787e-17	-0.071	0.5	0.52	1.57079632679	1.5359	0	
20200423_222635.641523	3.06161699787e-17	-0.071	0.5	0.52	1.57079632679	1.5359	0	
20200423_222635.650270	3.06161699787e-17	-0.0709	0.5	0.52	1.57079632679	1.5344	0	
20200423_222635.658356	3.06161699787e-17	-0.0709	0.5	0.5201	1.57079632679	1.5341	0	
20200423_222635.666978	3.06161699787e-17	-0.071	0.5	0.5201	1.57079632679	1.5358	0	
20200423_222635.675614	3.06161699787e-17	-0.071	0.5	0.5201	1.57079632679	1.5357	0	
20200423_222635.683556	3.06161699787e-17	-0.0711	0.5	0.5202	1.57079632679	1.5394	0	
20200423_222635.692100	3.06161699787e-17	-0.0712	0.5	0.5201	1.57079632679	1.5392	0	
20200423_222635.700447	3.06161699787e-17	-0.0712	0.5	0.5201	1.57079632679	1.5391	0	
20200423_222635.708486	3.06161699787e-17	-0.0711	0.5	0.5201	1.57079632679	1.5391	0	
20200423_222635.716998	3.06161699787e-17	-0.0711	0.5	0.52	1.57079632679	1.5377	0	
20200423_222635.724991	3.06161699787e-17	-0.071	0.5	0.52	1.57079632679	1.5369	0	
20200423_222635.733412	3.06161699787e-17	-0.071	0.5	0.5201	1.57079632679	1.5362	0	
20200423_222635.741865	3.06161699787e-17	-0.071	0.5	0.52	1.57079632679	1.5376	0	
20200423_222635.750159	3.06161699787e-17	-0.071	0.5	0.52	1.57079632679	1.5366	0	
20200423_222635.758872	3.06161699787e-17	-0.071	0.5	0.5201	1.57079632679	1.5375	0	
20200423_222635.767332	3.06161699787e-17	-0.071	0.5	0.52	1.57079632679	1.538	0	
20200423_222635.775319	3.06161699787e-17	-0.071	0.5	0.5199	1.57079632679	1.5378	0	
20200423_222635.783915	3.06161699787e-17	-0.071	0.5	0.5199	1.57079632679	1.5365	0	
20200423_222635.791707	3.06161699787e-17	-0.071	0.5	0.5199	1.57079632679	1.5359	0	
20200423_222635.800672	3.06161699787e-17	-0.0709	0.5	0.52	1.57079632679	1.5346	0	
20200423_222635.808852	3.06161699787e-17	-0.071	0.5	0.52	1.57079632679	1.5359	0	
20200423_222635.817282	3.06161699787e-17	-0.0709	0.5	0.5199	1.57079632679	1.5346	0	
20200423_222635.825236	3.06161699787e-17	-0.071	0.5	0.5199	1.57079632679	1.5364	0	
20200423_222635.833888	3.06161699787e-17	-0.071	0.5	0.5199	1.57079632679	1.5355	0	
20200423_222635.841813	3.06161699787e-17	-0.0709	0.5	0.5198	1.57079632679	1.5357	0	
20200423_222635.850228	3.06161699787e-17	-0.0709	0.5	0.5199	1.57079632679	1.5355	0	
20200423_222635.858504	3.06161699787e-17	-0.071	0.5	0.52	1.57079632679	1.5341	0	
20200423_222635.867237	3.06161699787e-17	-0.0709	0.5	0.52	1.57079632679	1.5343	0	
20200423_222635.875636	3.06161699787e-17	-0.0709	0.5	0.5199	1.57079632679	1.5347	0	
20200423_222635.883691	3.06161699787e-17	-0.0709	0.5	0.5199	1.57079632679	1.5344	0	
20200423_222635.892180	3.06161699787e-17	-0.071	0.5	0.5199	1.57079632679	1.5337	0	
20200423_222635.900179	3.06161699787e-17	-0.071	0.5	0.5199	1.57079632679	1.5347	0	
20200423_222635.908739	3.06161699787e-17	-0.071	0.5	0.5199	1.57079632679	1.5366	0	
20200423_222635.916828	3.06161699787e-17	-0.071	0.5	0.5199	1.57079632679	1.5369	0	
20200423_222635.925360	3.06161699787e-17	-0.071	0.5	0.5199	1.57079632679	1.5365	0	
20200423_222635.933417	3.06161699787e-17	-0.071	0.5	0.5199	1.57079632679	1.5358	0	
20200423_222635.942716	3.06161699787e-17	-0.071	0.5	0.5199	1.57079632679	1.5365	0	
20200423_222635.950367	3.06161699787e-17	-0.0711	0.5	0.52	1.57079632679	1.5372	0	
20200423_222635.958848	3.06161699787e-17	-0.071	0.5	0.52	1.57079632679	1.5364	0	
20200423_222635.967570	3.06161699787e-17	-0.0711	0.5	0.52	1.57079632679	1.5366	0	
20200423_222635.975722	3.06161699787e-17	-0.0711	0.5	0.52	1.57079632679	1.5358	0	
20200423_222635.983958	3.06161699787e-17	-0.0711	0.5	0.52	1.57079632679	1.536	0	
20200423_222635.991880	3.06161699787e-17	-0.071	0.5	0.5201	1.57079632679	1.5364	0	
20200423_222636.000014	3.06161699787e-17	-0.0711	0.5	0.5199	1.57079632679	1.5358	0	
20200423_222636.008900	3.06161699787e-17	-0.071	0.5	0.5199	1.57079632679	1.5366	0	
20200423_222636.016999	3.06161699787e-17	-0.0709	0.5	0.5199	1.57079632679	1.5352	0	
20200423_222636.025356	3.06161699787e-17	-0.0709	0.5	0.5199	1.57079632679	1.5356	0	
20200423_222636.033619	3.06161699787e-17	-0.0709	0.5	0.52	1.57079632679	1.5338	0	
20200423_222636.041890	3.06161699787e-17	-0.0709	0.5	0.52	1.57079632679	1.5346	0	
20200423_222636.050199	3.06161699787e-17	-0.0709	0.5	0.52	1.57079632679	1.5345	0	
20200423_222636.058498	3.06161699787e-17	-0.0709	0.5	0.5199	1.57079632679	1.5357	0	
20200423_222636.067127	3.06161699787e-17	-0.071	0.5	0.52	1.57079632679	1.5365	0	
20200423_222636.075527	3.06161699787e-17	-0.071	0.5	0.52	1.57079632679	1.5373	0	
20200423_222636.084367	3.06161699787e-17	-0.071	0.5	0.5199	1.57079632679	1.5369	0	
20200423_222636.091628	3.06161699787e-17	-0.071	0.5	0.5199	1.57079632679	1.5361	0	
20200423_222636.100077	3.06161699787e-17	-0.071	0.5	0.52	1.57079632679	1.5357	0	
20200423_222636.108774	3.06161699787e-17	-0.071	0.5	0.5201	1.57079632679	1.5358	0	
20200423_222636.116793	3.06161699787e-17	-0.071	0.5	0.5201	1.57079632679	1.5361	0	
20200423_222636.125325	3.06161699787e-17	-0.0711	0.5	0.5201	1.57079632679	1.5361	0	
20200423_222636.133584	3.06161699787e-17	-0.071	0.5	0.52	1.57079632679	1.5374	0	
20200423_222636.141653	3.06161699787e-17	-0.071	0.5	0.52	1.57079632679	1.5374	0	
20200423_222636.150179	3.06161699787e-17	-0.071	0.5	0.5199	1.57079632679	1.5376	0	
20200423_222636.158586	3.06161699787e-17	-0.071	0.5	0.5199	1.57079632679	1.5371	0	
20200423_222636.166727	3.06161699787e-17	-0.0711	0.5	0.5199	1.57079632679	1.5377	0	
20200423_222636.175406	3.06161699787e-17	-0.071	0.5	0.52	1.57079632679	1.5369	0	
20200423_222636.184300	3.06161699787e-17	-0.071	0.5	0.52	1.57079632679	1.5362	0	
20200423_222636.191785	3.06161699787e-17	-0.0711	0.5	0.52	1.57079632679	1.5367	0	
20200423_222636.200444	3.06161699787e-17	-0.071	0.5	0.52	1.57079632679	1.5365	0	
20200423_222636.208465	3.06161699787e-17	-0.071	0.5	0.52	1.57079632679	1.536	0	
20200423_222636.217059	3.06161699787e-17	-0.071	0.5	0.52	1.57079632679	1.5357	0	
20200423_222636.225468	3.06161699787e-17	-0.071	0.5	0.52	1.57079632679	1.5366	0	
20200423_222636.233280	3.06161699787e-17	-0.071	0.5	0.5201	1.57079632679	1.5356	0	
20200423_222636.241913	3.06161699787e-17	-0.071	0.5	0.52	1.57079632679	1.5353	0	
20200423_222636.250487	3.06161699787e-17	-0.071	0.5	0.52	1.57079632679	1.5356	0	
20200423_222636.259143	3.06161699787e-17	-0.071	0.5	0.52	1.57079632679	1.5358	0	
20200423_222636.267073	3.06161699787e-17	-0.071	0.5	0.52	1.57079632679	1.5353	0	
20200423_222636.275618	3.06161699787e-17	-0.0709	0.5	0.52	1.57079632679	1.5332	0	
20200423_222636.283702	3.06161699787e-17	-0.0709	0.5	0.5199	1.57079632679	1.5344	0	
20200423_222636.291647	3.06161699787e-17	-0.0709	0.5	0.5199	1.57079632679	1.535	0	
20200423_222636.300442	3.06161699787e-17	-0.071	0.5	0.5199	1.57079632679	1.5358	0	
20200423_222636.308573	3.06161699787e-17	-0.0712	0.5	0.5201	1.57079632679	1.5413	0	
20200423_222636.317748	3.06161699787e-17	-0.071	0.5	0.5199	1.57079632679	1.5362	0	
20200423_222636.325249	3.06161699787e-17	-0.071	0.5	0.52	1.57079632679	1.5357	0	
20200423_222636.333593	3.06161699787e-17	-0.071	0.5	0.52	1.57079632679	1.5352	0	
20200423_222636.342087	3.06161699787e-17	-0.071	0.5	0.5201	1.57079632679	1.5356	0	
20200423_222636.350410	3.06161699787e-17	-0.071	0.5	0.52	1.57079632679	1.5354	0	
20200423_222636.358433	3.06161699787e-17	-0.0711	0.5	0.52	1.57079632679	1.538	0	
20200423_222636.367528	3.06161699787e-17	-0.0711	0.5	0.5201	1.57079632679	1.5385	0	
20200423_222636.375089	3.06161699787e-17	-0.0711	0.5	0.52	1.57079632679	1.5381	0	
20200423_222636.383905	3.06161699787e-17	-0.0711	0.5	0.5201	1.57079632679	1.5385	0	
20200423_222636.392096	3.06161699787e-17	-0.0711	0.5	0.5201	1.57079632679	1.5382	0	
20200423_222636.400188	3.06161699787e-17	-0.0711	0.5	0.5201	1.57079632679	1.5385	0	
20200423_222636.409016	3.06161699787e-17	-0.0711	0.5	0.5201	1.57079632679	1.5377	0	
20200423_222636.416623	3.06161699787e-17	-0.0711	0.5	0.5202	1.57079632679	1.538	0	
20200423_222636.425099	3.06161699787e-17	-0.0711	0.5	0.5201	1.57079632679	1.5374	0	
20200423_222636.433710	3.06161699787e-17	-0.0711	0.5	0.5201	1.57079632679	1.5379	0	
20200423_222636.442023	3.06161699787e-17	-0.0711	0.5	0.5201	1.57079632679	1.5374	0	
20200423_222636.450181	3.06161699787e-17	-0.0711	0.5	0.5201	1.57079632679	1.5373	0	
20200423_222636.458521	3.06161699787e-17	-0.0711	0.5	0.52	1.57079632679	1.5381	0	
20200423_222636.466991	3.06161699787e-17	-0.071	0.5	0.52	1.57079632679	1.5375	0	
20200423_222636.475170	3.06161699787e-17	-0.071	0.5	0.52	1.57079632679	1.5362	0	
20200423_222636.483751	3.06161699787e-17	-0.071	0.5	0.52	1.57079632679	1.5362	0	
20200423_222636.491548	3.06161699787e-17	-0.071	0.5	0.5201	1.57079632679	1.5346	0	
20200423_222636.499811	3.06161699787e-17	-0.071	0.5	0.52	1.57079632679	1.5354	0	
20200423_222636.508259	3.06161699787e-17	-0.0716	0.5	0.5206	1.57079632679	1.5493	0	
20200423_222636.516709	3.06161699787e-17	-0.071	0.5	0.5199	1.57079632679	1.5366	0	
20200423_222636.524984	3.06161699787e-17	-0.071	0.5	0.5199	1.57079632679	1.5363	0	
20200423_222636.533402	3.06161699787e-17	-0.071	0.5	0.52	1.57079632679	1.5365	0	
20200423_222636.542268	3.06161699787e-17	-0.071	0.5	0.5199	1.57079632679	1.5368	0	
20200423_222636.550169	3.06161699787e-17	-0.071	0.5	0.52	1.57079632679	1.5366	0	
20200423_222636.558787	3.06161699787e-17	-0.071	0.5	0.52	1.57079632679	1.5359	0	
20200423_222636.566989	3.06161699787e-17	-0.071	0.5	0.5199	1.57079632679	1.5366	0	
20200423_222636.574795	3.06161699787e-17	-0.071	0.5	0.5199	1.57079632679	1.5361	0	
20200423_222636.583146	3.06161699787e-17	-0.071	0.5	0.52	1.57079632679	1.536	0	
20200423_222636.591342	3.06161699787e-17	-0.071	0.5	0.52	1.57079632679	1.5362	0	
20200423_222636.599712	3.06161699787e-17	-0.071	0.5	0.52	1.57079632679	1.537	0	
20200423_222636.608137	3.06161699787e-17	-0.071	0.5	0.5199	1.57079632679	1.5364	0	
20200423_222636.616436	3.06161699787e-17	-0.071	0.5	0.52	1.57079632679	1.5367	0	
20200423_222636.624758	3.06161699787e-17	-0.0709	0.5	0.52	1.57079632679	1.5347	0	
20200423_222636.633434	3.06161699787e-17	-0.071	0.5	0.52	1.57079632679	1.535	0	
20200423_222636.641710	3.06161699787e-17	-0.071	0.5	0.52	1.57079632679	1.5366	0	
20200423_222636.650342	3.06161699787e-17	-0.071	0.5	0.52	1.57079632679	1.537	0	
20200423_222636.658303	3.06161699787e-17	-0.071	0.5	0.5199	1.57079632679	1.5371	0	
20200423_222636.666532	3.06161699787e-17	-0.071	0.5	0.5199	1.57079632679	1.5369	0	
20200423_222636.675376	3.06161699787e-17	-0.071	0.5	0.5199	1.57079632679	1.5369	0	
20200423_222636.683365	3.06161699787e-17	-0.071	0.5	0.52	1.57079632679	1.5348	0	
20200423_222636.691679	3.06161699787e-17	-0.071	0.5	0.52	1.57079632679	1.5352	0	
20200423_222636.700071	3.06161699787e-17	-0.0709	0.5	0.52	1.57079632679	1.5344	0	
20200423_222636.708730	3.06161699787e-17	-0.0716	0.5	0.5207	1.57079632679	1.5509	0	
20200423_222636.716961	3.06161699787e-17	-0.071	0.5	0.52	1.57079632679	1.5351	0	
20200423_222636.725321	3.06161699787e-17	-0.071	0.5	0.52	1.57079632679	1.5355	0	
20200423_222636.733251	3.06161699787e-17	-0.071	0.5	0.52	1.57079632679	1.5367	0	
20200423_222636.741743	3.06161699787e-17	-0.071	0.5	0.52	1.57079632679	1.5364	0	
20200423_222636.750168	3.06161699787e-17	-0.071	0.5	0.52	1.57079632679	1.5367	0	
20200423_222636.758903	3.06161699787e-17	-0.071	0.5	0.52	1.57079632679	1.5364	0	
20200423_222636.766769	3.06161699787e-17	-0.071	0.5	0.52	1.57079632679	1.5361	0	
20200423_222636.775413	3.06161699787e-17	-0.0709	0.5	0.52	1.57079632679	1.535	0	
20200423_222636.783781	3.06161699787e-17	-0.0709	0.5	0.52	1.57079632679	1.5355	0	
20200423_222636.792005	3.06161699787e-17	-0.071	0.5	0.5199	1.57079632679	1.5348	0	
20200423_222636.800183	3.06161699787e-17	-0.0709	0.5	0.52	1.57079632679	1.5352	0	
20200423_222636.808802	3.06161699787e-17	-0.071	0.5	0.52	1.57079632679	1.537	0	
20200423_222636.817041	3.06161699787e-17	-0.071	0.5	0.52	1.57079632679	1.5358	0	
20200423_222636.825785	3.06161699787e-17	-0.071	0.5	0.5199	1.57079632679	1.5372	0	
20200423_222636.834322	3.06161699787e-17	-0.071	0.5	0.52	1.57079632679	1.5367	0	
20200423_222636.841977	3.06161699787e-17	-0.071	0.5	0.52	1.57079632679	1.5357	0	
20200423_222636.850548	3.06161699787e-17	-0.0709	0.5	0.5199	1.57079632679	1.5355	0	
20200423_222636.859293	3.06161699787e-17	-0.071	0.5	0.52	1.57079632679	1.5362	0	
20200423_222636.866843	3.06161699787e-17	-0.0709	0.5	0.5199	1.57079632679	1.5361	0	
20200423_222636.875096	3.06161699787e-17	-0.071	0.5	0.5199	1.57079632679	1.5361	0	
20200423_222636.883642	3.06161699787e-17	-0.071	0.5	0.5199	1.57079632679	1.5363	0	
20200423_222636.891779	3.06161699787e-17	-0.071	0.5	0.5199	1.57079632679	1.5359	0	
20200423_222636.900244	3.06161699787e-17	-0.0709	0.5	0.5199	1.57079632679	1.5354	0	
20200423_222636.909470	3.06161699787e-17	-0.0719	0.5	0.5216	1.57079632679	1.5498	0	
20200423_222636.916988	3.06161699787e-17	-0.0715	0.5	0.521	1.57079632679	1.5413	0	
20200423_222636.925205	3.06161699787e-17	-0.0714	0.5	0.521	1.57079632679	1.5407	0	
20200423_222636.933282	3.06161699787e-17	-0.0715	0.5	0.5209	1.57079632679	1.5422	0	
20200423_222636.942024	3.06161699787e-17	-0.072	0.5	0.5237	1.57079632679	1.5751	0	
20200423_222636.950459	3.06161699787e-17	-0.0721	0.5	0.5237	1.57079632679	1.5741	0	
20200423_222636.958705	3.06161699787e-17	-0.0721	0.5	0.5236	1.57079632679	1.5739	0	
20200423_222636.967313	3.06161699787e-17	-0.072	0.5	0.5236	1.57079632679	1.5732	0	
20200423_222636.975276	3.06161699787e-17	-0.0721	0.5	0.5236	1.57079632679	1.5737	0	
20200423_222636.983419	3.06161699787e-17	-0.072	0.5	0.5237	1.57079632679	1.5738	0	
20200423_222636.992077	3.06161699787e-17	-0.072	0.5	0.5237	1.57079632679	1.5741	0	
20200423_222637.000578	3.06161699787e-17	-0.072	0.5	0.5237	1.57079632679	1.5741	0	
20200423_222637.008681	3.06161699787e-17	-0.072	0.5	0.5237	1.57079632679	1.5741	0	
20200423_222637.017068	3.06161699787e-17	-0.072	0.5	0.5237	1.57079632679	1.5741	0	
20200423_222637.025582	3.06161699787e-17	-0.072	0.5	0.5237	1.57079632679	1.5741	0	
20200423_222637.033676	3.06161699787e-17	-0.072	0.5	0.5237	1.57079632679	1.5741	0	
20200423_222637.041908	3.06161699787e-17	-0.072	0.5	0.5237	1.57079632679	1.5741	0	
20200423_222637.050473	3.06161699787e-17	-0.072	0.5	0.5237	1.57079632679	1.5741	0	
20200423_222637.058696	3.06161699787e-17	-0.072	0.5	0.5237	1.57079632679	1.5741	0	
20200423_222637.066734	3.06161699787e-17	-0.072	0.5	0.5237	1.57079632679	1.5741	0	
20200423_222637.075633	3.06161699787e-17	-0.072	0.5	0.5237	1.57079632679	1.5741	0	
20200423_222637.083813	3.06161699787e-17	-0.072	0.5	0.5237	1.57079632679	1.5741	0	
20200423_222637.092584	3.06161699787e-17	-0.072	0.5	0.5237	1.57079632679	1.5741	0	
20200423_222637.100020	3.06161699787e-17	-0.072	0.5	0.5237	1.57079632679	1.5741	0	
20200423_222637.108475	3.06161699787e-17	-0.072	0.5	0.5237	1.57079632679	1.5741	0	
20200423_222637.116984	3.06161699787e-17	-0.072	0.5	0.5237	1.57079632679	1.5741	0	
20200423_222637.125218	3.06161699787e-17	-0.072	0.5	0.5237	1.57079632679	1.5741	0	
20200423_222637.133457	3.06161699787e-17	-0.072	0.5	0.5237	1.57079632679	1.5741	0	
20200423_222637.142054	3.06161699787e-17	-0.072	0.5	0.5237	1.57079632679	1.5741	0	
20200423_222637.150321	3.06161699787e-17	-0.072	0.5	0.5237	1.57079632679	1.5741	0	
20200423_222637.158852	3.06161699787e-17	-0.072	0.5	0.5237	1.57079632679	1.5741	0	
20200423_222637.167302	3.06161699787e-17	-0.072	0.5	0.5237	1.57079632679	1.5741	0	
20200423_222637.175631	3.06161699787e-17	-0.072	0.5	0.5237	1.57079632679	1.5741	0	
20200423_222637.183783	3.06161699787e-17	-0.072	0.5	0.5237	1.57079632679	1.5741	0	
20200423_222637.191965	3.06161699787e-17	-0.072	0.5	0.5237	1.57079632679	1.5741	0	
20200423_222637.200517	3.06161699787e-17	-0.072	0.5	0.5237	1.57079632679	1.5741	0	
20200423_222637.208438	3.06161699787e-17	-0.072	0.5	0.5237	1.57079632679	1.5741	0	
20200423_222637.216827	3.06161699787e-17	-0.072	0.5	0.5237	1.57079632679	1.5741	0	
20200423_222637.225174	3.06161699787e-17	-0.072	0.5	0.5237	1.57079632679	1.5741	0	
20200423_222637.233778	3.06161699787e-17	-0.072	0.5	0.5237	1.57079632679	1.5741	0	
20200423_222637.241886	3.06161699787e-17	-0.072	0.5	0.5237	1.57079632679	1.5741	0	
20200423_222637.250382	3.06161699787e-17	-0.072	0.5	0.5237	1.57079632679	1.5741	0	
20200423_222637.258489	3.06161699787e-17	-0.072	0.5	0.5237	1.57079632679	1.5741	0	
20200423_222637.267121	3.06161699787e-17	-0.072	0.5	0.5237	1.57079632679	1.5741	0	
20200423_222637.275930	3.06161699787e-17	-0.072	0.5	0.5237	1.57079632679	1.5741	0	
20200423_222637.283514	3.06161699787e-17	-0.072	0.5	0.5237	1.57079632679	1.5741	0	
20200423_222637.291625	3.06161699787e-17	-0.072	0.5	0.5237	1.57079632679	1.5741	0	
20200423_222637.300323	3.06161699787e-17	-0.072	0.5	0.5237	1.57079632679	1.5741	0	
20200423_222637.308731	3.06161699787e-17	-0.072	0.5	0.5237	1.57079632679	1.5741	0	
20200423_222637.317314	3.06161699787e-17	-0.072	0.5	0.5237	1.57079632679	1.5741	0	
20200423_222637.325499	3.06161699787e-17	-0.072	0.5	0.5237	1.57079632679	1.5741	0	
20200423_222637.333388	3.06161699787e-17	-0.072	0.5	0.5237	1.57079632679	1.5741	0	
20200423_222637.341657	3.06161699787e-17	-0.072	0.5	0.5237	1.57079632679	1.5741	0	
20200423_222637.350153	3.06161699787e-17	-0.072	0.5	0.5237	1.57079632679	1.5741	0	
20200423_222637.358424	3.06161699787e-17	-0.072	0.5	0.5237	1.57079632679	1.5741	0	
20200423_222637.366911	3.06161699787e-17	-0.072	0.5	0.5237	1.57079632679	1.5741	0	
20200423_222637.375175	3.06161699787e-17	-0.072	0.5	0.5237	1.57079632679	1.5741	0	
20200423_222637.383646	3.06161699787e-17	-0.072	0.5	0.5237	1.57079632679	1.5741	0	
20200423_222637.392214	3.06161699787e-17	-0.072	0.5	0.5237	1.57079632679	1.5741	0	
20200423_222637.400385	3.06161699787e-17	-0.072	0.5	0.5237	1.57079632679	1.5741	0	
20200423_222637.408636	3.06161699787e-17	-0.072	0.5	0.5237	1.57079632679	1.5741	0	
20200423_222637.417091	3.06161699787e-17	-0.072	0.5	0.5237	1.57079632679	1.5741	0	
20200423_222637.425145	3.06161699787e-17	-0.0716	0.5	0.5245	1.57079632679	1.5741	0	
20200423_222637.433483	3.06161699787e-17	-0.0716	0.5	0.5245	1.57079632679	1.5747	0	
20200423_222637.441654	3.06161699787e-17	-0.0716	0.5	0.5245	1.57079632679	1.5751	0	
20200423_222637.449944	3.06161699787e-17	-0.0716	0.5	0.5245	1.57079632679	1.5751	0	
20200423_222637.458701	3.06161699787e-17	-0.0716	0.5	0.5245	1.57079632679	1.5751	0	
20200423_222637.467049	3.06161699787e-17	-0.0716	0.5	0.5245	1.57079632679	1.5751	0	
20200423_222637.475379	3.06161699787e-17	-0.0716	0.5	0.5245	1.57079632679	1.5753	0	
20200423_222637.483899	3.06161699787e-17	-0.0716	0.5	0.5245	1.57079632679	1.5745	0	
20200423_222637.491796	3.06161699787e-17	-0.0716	0.5	0.5245	1.57079632679	1.5742	0	
20200423_222637.500133	3.06161699787e-17	-0.0716	0.5	0.5245	1.57079632679	1.5741	0	
20200423_222637.508401	3.06161699787e-17	-0.0716	0.5	0.5245	1.57079632679	1.5741	0	
20200423_222637.516875	3.06161699787e-17	-0.0716	0.5	0.5245	1.57079632679	1.5747	0	
20200423_222637.525143	3.06161699787e-17	-0.0716	0.5	0.5245	1.57079632679	1.5747	0	
20200423_222637.533665	3.06161699787e-17	-0.0716	0.5	0.5245	1.57079632679	1.5747	0	
20200423_222637.541788	3.06161699787e-17	-0.0716	0.5	0.5245	1.57079632679	1.5747	0	
20200423_222637.550028	3.06161699787e-17	-0.0716	0.5	0.5245	1.57079632679	1.5747	0	
20200423_222637.561216	3.06161699787e-17	-0.0716	0.5	0.5245	1.57079632679	1.5746	0	
20200423_222637.566627	3.06161699787e-17	-0.0716	0.5	0.5245	1.57079632679	1.5739	0	
20200423_222637.575167	3.06161699787e-17	-0.0716	0.5	0.5245	1.57079632679	1.5741	0	
20200423_222637.583255	3.06161699787e-17	-0.0716	0.5	0.5245	1.57079632679	1.5744	0	
20200423_222637.591496	3.06161699787e-17	-0.0716	0.5	0.5245	1.57079632679	1.5747	0	
20200423_222637.599775	3.06161699787e-17	-0.0716	0.5	0.5245	1.57079632679	1.5752	0	
20200423_222637.608103	3.06161699787e-17	-0.0716	0.5	0.5245	1.57079632679	1.5752	0	
20200423_222637.616438	3.06161699787e-17	-0.0716	0.5	0.5245	1.57079632679	1.5752	0	
20200423_222637.624744	3.06161699787e-17	-0.0716	0.5	0.5245	1.57079632679	1.5752	0	
20200423_222637.633182	3.06161699787e-17	-0.0716	0.5	0.5245	1.57079632679	1.5751	0	
20200423_222637.641460	3.06161699787e-17	-0.0716	0.5	0.5245	1.57079632679	1.5744	0	
20200423_222637.649860	3.06161699787e-17	-0.0716	0.5	0.5245	1.57079632679	1.5741	0	
20200423_222637.658382	3.06161699787e-17	-0.0716	0.5	0.5245	1.57079632679	1.5743	0	
20200423_222637.666656	3.06161699787e-17	-0.0716	0.5	0.5245	1.57079632679	1.5753	0	
20200423_222637.674898	3.06161699787e-17	-0.0716	0.5	0.5245	1.57079632679	1.5753	0	
20200423_222637.684031	3.06161699787e-17	-0.0716	0.5	0.5245	1.57079632679	1.5753	0	
20200423_222637.691950	3.06161699787e-17	-0.0716	0.5	0.5245	1.57079632679	1.5753	0	
20200423_222637.700356	3.06161699787e-17	-0.0716	0.5	0.5245	1.57079632679	1.5753	0	
20200423_222637.708556	3.06161699787e-17	-0.0716	0.5	0.5245	1.57079632679	1.5754	0	
20200423_222637.716789	3.06161699787e-17	-0.0716	0.5	0.5245	1.57079632679	1.5748	0	
20200423_222637.725197	3.06161699787e-17	-0.0716	0.5	0.5245	1.57079632679	1.5749	0	
20200423_222637.733865	3.06161699787e-17	-0.0716	0.5	0.5245	1.57079632679	1.5753	0	
20200423_222637.742227	3.06161699787e-17	-0.0716	0.5	0.5245	1.57079632679	1.5752	0	
20200423_222637.750346	3.06161699787e-17	-0.0716	0.5	0.5245	1.57079632679	1.5753	0	
20200423_222637.759024	3.06161699787e-17	-0.0716	0.5	0.5245	1.57079632679	1.575	0	
20200423_222637.767337	3.06161699787e-17	-0.0716	0.5	0.5245	1.57079632679	1.575	0	
20200423_222637.775445	3.06161699787e-17	-0.0716	0.5	0.5245	1.57079632679	1.5747	0	
20200423_222637.783525	3.06161699787e-17	-0.0716	0.5	0.5246	1.57079632679	1.5742	0	
20200423_222637.792123	3.06161699787e-17	-0.0716	0.5	0.5245	1.57079632679	1.5743	0	
20200423_222637.800326	3.06161699787e-17	-0.0716	0.5	0.5245	1.57079632679	1.5743	0	
20200423_222637.809856	3.06161699787e-17	-0.0716	0.5	0.5245	1.57079632679	1.5745	0	
20200423_222637.816708	3.06161699787e-17	-0.0716	0.5	0.5245	1.57079632679	1.5744	0	
20200423_222637.825110	3.06161699787e-17	-0.0716	0.5	0.5245	1.57079632679	1.5749	0	
20200423_222637.833762	3.06161699787e-17	-0.0716	0.5	0.5245	1.57079632679	1.5751	0	
20200423_222637.842231	3.06161699787e-17	-0.0716	0.5	0.5245	1.57079632679	1.5748	0	
20200423_222637.850721	3.06161699787e-17	-0.0716	0.5	0.5245	1.57079632679	1.5748	0	
20200423_222637.858579	3.06161699787e-17	-0.0716	0.5	0.5245	1.57079632679	1.5752	0	
20200423_222637.868264	3.06161699787e-17	-0.0716	0.5	0.5245	1.57079632679	1.5748	0	
20200423_222637.876705	3.06161699787e-17	-0.0716	0.5	0.5245	1.57079632679	1.5748	0	
20200423_222637.884170	3.06161699787e-17	-0.0716	0.5	0.5245	1.57079632679	1.5746	0	
20200423_222637.892685	3.06161699787e-17	-0.0716	0.5	0.5245	1.57079632679	1.575	0	
20200423_222637.901245	3.06161699787e-17	-0.0716	0.5	0.5245	1.57079632679	1.5748	0	
20200423_222637.909343	3.06161699787e-17	-0.0716	0.5	0.5245	1.57079632679	1.5748	0	
20200423_222637.916632	3.06161699787e-17	-0.0716	0.5	0.5245	1.57079632679	1.5748	0	
20200423_222637.926257	3.06161699787e-17	-0.0716	0.5	0.5245	1.57079632679	1.5744	0	
20200423_222637.933251	3.06161699787e-17	-0.0716	0.5	0.5245	1.57079632679	1.5746	0	
